1.188767538268651336e+00
2.829461743579442246e+00
3.260983629544689233e+00
4.004644689231097843e+00
2.841856621183315390e+00
2.902102109590072754e+00
3.993661274518216064e+00
5.900616885019793756e+00
5.228374524365285936e+00
8.000738467811268961e+00
7.662670128194777774e+00
6.842017556135683520e+00
8.094504921943180165e+00
8.675201161500645242e+00
7.407626384094823102e+00
1.146494867966162445e+01
1.129426088385917026e+01
1.204116261096908858e+01
1.037532464414223377e+01
1.083931429629054399e+01
1.162893818720213091e+01
1.293921595642801314e+01
1.287865048577783611e+01
1.279836475889782044e+01
1.639919768927328292e+01
1.527308995417999427e+01
1.512479055767462910e+01
1.462178226076897580e+01
1.592546418626295335e+01
1.614430880754442654e+01
1.730337594679297197e+01
1.732585171190754636e+01
1.762018001112405585e+01
1.759459802984840593e+01
1.859240008247514808e+01
1.984796950167202567e+01
2.025856509442249731e+01
1.905016835490027560e+01
2.172654265257114048e+01
2.201200275386963057e+01
2.474530513994251635e+01
2.199234042158126812e+01
2.355955140527326819e+01
2.373267614262734071e+01
2.389514130799052438e+01
2.332918277578680488e+01
2.448844236045821532e+01
2.504007032920004505e+01
2.729470349413082531e+01
2.741673640308705373e+01
2.786547658808279948e+01
2.631676404310792705e+01
2.936206260734857310e+01
2.955482531800817014e+01
2.817838014896888765e+01
2.839349044196436012e+01
3.031251920866733585e+01
3.015143570232525860e+01
3.142169574741911475e+01
3.129466973564746368e+01
3.288397880748094337e+01
3.216723070824784969e+01
3.361974226509954633e+01
3.388023284799348289e+01
3.545874754770129300e+01
3.215019566416086150e+01
3.398448518546708641e+01
3.520658798747043505e+01
3.633855762943747436e+01
3.696100528388799944e+01
3.632743538434468178e+01
3.869934304409442660e+01
3.667772457286250898e+01
3.717180987266958425e+01
3.874606423223027463e+01
4.016030564076719145e+01
3.980582264805291004e+01
4.094983904609723879e+01
4.122735072071146334e+01
4.247726706258040963e+01
4.177513872619071122e+01
4.123218534943188018e+01
4.427045878097328568e+01
4.329103323263244363e+01
4.299040179967143871e+01
4.439258443490793127e+01
4.412431953717644006e+01
4.543266155272833373e+01
4.385343740139527569e+01
4.492195666507904406e+01
4.814450919443166299e+01
4.732896724066853267e+01
4.664325682824042474e+01
4.723973157338287621e+01
4.935290501014014097e+01
4.820389589253574769e+01
4.994259142494781401e+01
5.052590916329444326e+01
5.060381430231807087e+01
5.083629792927688840e+01
