2.706972112279008247e+00
3.069609107126065162e+00
3.229307392011801170e+00
2.222741527218704327e+00
4.994154370505845542e+00
2.653281969584429856e+00
4.504056435501912148e+00
6.786318389515990646e+00
6.129898133738161725e+00
7.111985581943957690e+00
6.328723732209578401e+00
8.011770684912042029e+00
8.618697356474154248e+00
9.528448325245292949e+00
9.884836019607977420e+00
1.025150710159767442e+01
9.529668336462217226e+00
1.079725177466641028e+01
1.077651614579163919e+01
1.195643313677659947e+01
1.241449421931442387e+01
1.297008208822689035e+01
1.154162626022146121e+01
1.308446658102775828e+01
1.274594307161371809e+01
1.523351763944814152e+01
1.493861784622730582e+01
1.572791340424257633e+01
1.631707944487140693e+01
1.714516212136287976e+01
1.736848035431382797e+01
1.676366451074041208e+01
1.770935975712230359e+01
1.766953649827696893e+01
1.707137851034324427e+01
1.963924707989643181e+01
1.844150417136823705e+01
2.054433604726851925e+01
2.260661304201494914e+01
2.143598297126181862e+01
2.236572392245678742e+01
2.364809318324551768e+01
2.111853198041006152e+01
2.503917637698876675e+01
2.486122167675854300e+01
2.359692481269835440e+01
2.545547914153505431e+01
2.472162217698196685e+01
2.603046285166205465e+01
2.755089484637307606e+01
2.788954332631501032e+01
2.657732768308633098e+01
2.737118624833217240e+01
2.726283851604498665e+01
2.821885967169250620e+01
3.169167108617074291e+01
2.951085838816682028e+01
3.078056044393068191e+01
3.177213821670864746e+01
3.166035641588231897e+01
3.180758201828590970e+01
3.450754811323677274e+01
3.218016846212206161e+01
3.387191772076581486e+01
3.337902548115071966e+01
3.514268289567389303e+01
3.379804587880321520e+01
3.514653705267757999e+01
3.482175327108385687e+01
3.792619705547262754e+01
3.725010379722063192e+01
3.945316271858018808e+01
3.993687839108484638e+01
3.884311704170568902e+01
3.983827506805603491e+01
3.895901057351910168e+01
3.884485486710772761e+01
4.126765291152281634e+01
4.188223777993247410e+01
4.161878961096294205e+01
4.170546178481346544e+01
4.330776655304778444e+01
4.172776926547898313e+01
4.377382199171002242e+01
4.503944186942423045e+01
4.426270564684388376e+01
4.496712688055922769e+01
4.570340580561320820e+01
4.646062300180997084e+01
4.492365908113821860e+01
4.551922637827401275e+01
4.512346675449897759e+01
4.996573828003894846e+01
4.815194184502942676e+01
4.810295021199546994e+01
4.875072471264621043e+01
4.985968792275431127e+01
5.037593917210656258e+01
5.124479082398840291e+01
5.101444588653147605e+01
