2.694695160589548166e+00
2.676836686435864365e+00
2.395419856738279840e+00
3.899776918221396826e+00
3.996582754872631149e+00
4.332864243634831247e+00
4.338928276990999144e+00
5.084670019005379515e+00
7.717190089541645648e+00
6.329922757244155207e+00
6.274738886981311659e+00
8.637276911391452927e+00
8.217521493652199638e+00
9.772916212053022633e+00
9.911581811845604051e+00
9.075235913138003596e+00
9.534463998076841307e+00
1.046009091369719535e+01
1.062798002782719209e+01
1.136006425137563092e+01
1.282866812727499273e+01
1.300073356036529404e+01
1.227470038874971081e+01
1.264077383699684276e+01
1.367573472973006510e+01
1.201397515886768552e+01
1.346230430751736939e+01
1.474384357357760322e+01
1.792544681740604418e+01
1.726986200407009520e+01
1.976861192086713714e+01
1.775109915570167018e+01
1.883313030452002934e+01
1.901750305698979204e+01
2.019976307726199494e+01
1.724145457655288993e+01
1.873774612233401271e+01
2.186513660445196194e+01
2.126802964629182569e+01
2.103955192686058240e+01
2.135299090834343971e+01
2.289809913472442204e+01
2.173153340192535055e+01
2.468822207029123916e+01
2.294802520137460888e+01
2.340057087003195591e+01
2.342214794233380815e+01
2.536375196159045231e+01
2.582102404502129289e+01
2.691137084224845211e+01
2.578905513971186281e+01
2.785983929143331395e+01
2.647034739471066445e+01
2.827271065440094944e+01
2.990116050564895289e+01
3.023200817711226307e+01
3.005117209146082402e+01
3.114612899404817981e+01
3.108192445255431124e+01
3.203555582637353893e+01
3.090491652925510735e+01
3.316642788601899383e+01
3.407930093414972106e+01
3.344320359130593090e+01
3.398621750221616367e+01
3.423061782915539908e+01
3.511615555899268770e+01
3.468284048713688605e+01
3.379525672452467688e+01
3.676243303601196288e+01
3.532449486055623566e+01
3.825832751585507907e+01
3.829127777308829650e+01
3.792886427145820960e+01
3.905190821504332632e+01
4.054225501812259580e+01
4.002300513022288442e+01
4.178732754579693420e+01
4.265432812309735766e+01
4.205537063521168761e+01
4.308749859372162661e+01
4.367694190638906093e+01
4.234586562510909857e+01
4.116593302838000312e+01
4.429195260273461798e+01
4.392593508150102366e+01
4.341147574983205715e+01
4.553699579234157824e+01
4.393156334394544160e+01
4.611899955522657280e+01
4.631351335354759158e+01
4.690291300922617523e+01
4.894100765946981113e+01
4.836839179328550387e+01
5.024216542898413707e+01
5.022718897014267014e+01
5.018665981168737744e+01
5.163065053641125957e+01
5.194459893838610753e+01
5.016994874415192385e+01
