1.066624415787494895e+00
2.836886671126067849e+00
1.528628649773495107e+00
4.216868629740126551e+00
4.064646403086830340e+00
4.443912872250741053e+00
4.081012420543247643e+00
5.713268077075557727e+00
5.183808703104070936e+00
6.943199075522047181e+00
9.287787546114868675e+00
8.608522716248007356e+00
6.871211897305299132e+00
7.071423324778095321e+00
6.241052347080271900e+00
8.390845546876644079e+00
8.519290177779819118e+00
9.398495892278569741e+00
9.429972963066745706e+00
9.780344627261930768e+00
1.163454949214520795e+01
1.210764611683288372e+01
1.332117005802450649e+01
1.517834346328706197e+01
1.421267787234229907e+01
1.600661291038583656e+01
1.409955427793047278e+01
1.461339467408004467e+01
1.541563719785926523e+01
1.715575179790822702e+01
1.971255657985544119e+01
1.898850026296004145e+01
1.823405327248539720e+01
1.941714438474929594e+01
1.950278826037023450e+01
2.088617319852728116e+01
1.863433530989576781e+01
2.122102806817286691e+01
1.951332095678890610e+01
2.020565819985860401e+01
2.184765567351812265e+01
2.260879783500924134e+01
2.355635835442437198e+01
2.320161722280020200e+01
2.429994149337564124e+01
2.322147918045818571e+01
2.488330327044774748e+01
2.438825838961611581e+01
2.509531565350695104e+01
2.649715511135428514e+01
2.862906325241862859e+01
2.725034453965361436e+01
2.945300460720134339e+01
2.783611039606646997e+01
2.941734191258542097e+01
2.993555552637433692e+01
2.936603988832843726e+01
2.985889391548293048e+01
3.027004554415959703e+01
3.088630524720140613e+01
3.142028621939848421e+01
3.171048788837483556e+01
3.151546576006164457e+01
3.508019644749959554e+01
3.499396680377816438e+01
3.393276505205501081e+01
3.650241882824472128e+01
3.528889132478975199e+01
3.706817514569222993e+01
3.661941766136927612e+01
3.680672363870765906e+01
3.624381724009838024e+01
3.841340148865768356e+01
3.802017847967323405e+01
4.023379726554838243e+01
4.171373774961391945e+01
4.027632441453731360e+01
4.098673719842926744e+01
3.980779758771262777e+01
4.053118459429538234e+01
4.248244599486795892e+01
4.140516985075601042e+01
4.211183105306168528e+01
4.306221632289573620e+01
4.385558185790167585e+01
4.305523469162699257e+01
4.620114501148891861e+01
4.482981815536403047e+01
4.483084351228212228e+01
4.645895243586252832e+01
4.642657415624942985e+01
4.650205638318355028e+01
4.804334788191511763e+01
4.905531362468695988e+01
4.877559735165946364e+01
5.049426216697673908e+01
5.022173209522299686e+01
4.950987666070204085e+01
4.941186255887870971e+01
5.080264738251298695e+01
