2.852537119081396177e+00
2.744957453491610355e+00
4.501903307821153888e+00
2.912425118864616636e+00
5.222519157208406426e+00
3.026697918503880924e+00
4.425244969510823800e+00
6.016682303424569334e+00
7.202785351135347902e+00
5.903349245770002085e+00
7.246674382918353530e+00
7.842671783463555535e+00
8.562138863214316942e+00
8.283312441214887301e+00
1.001275365157500730e+01
1.157474945575460978e+01
8.536401570077575940e+00
9.805617581479751266e+00
1.171756746502124180e+01
1.252325907518516068e+01
1.322001084110811320e+01
1.357031888394013919e+01
1.307082574220928883e+01
1.313095141486173389e+01
1.343311649535265673e+01
1.615992580796243061e+01
1.414896769668092880e+01
1.558278475728876877e+01
1.564045909018949132e+01
1.694723545512043117e+01
1.748742392559031700e+01
1.725621874214674989e+01
1.750801058210818084e+01
1.895531746621944080e+01
1.922715060715563595e+01
1.957907082759535911e+01
2.142026415653844040e+01
1.961975612304517824e+01
2.155894570369674312e+01
2.178054435362208352e+01
2.042753074479529474e+01
2.245460186091808907e+01
2.375400934645571738e+01
2.485233079669539791e+01
2.563629687993285700e+01
2.492242789762431698e+01
2.575869749631375782e+01
2.708599124830018567e+01
2.584715979906076910e+01
2.671868781940071358e+01
2.643818067448028941e+01
2.722600045260433532e+01
2.765670555329517200e+01
2.801837384017763455e+01
2.773629707136923628e+01
3.142182521325506883e+01
3.012968893057302466e+01
3.276839313950824817e+01
3.115108776448166594e+01
3.197749116580502360e+01
3.073126668624311719e+01
3.137447164163020119e+01
3.262717857070595784e+01
3.275168868187552818e+01
3.225846101739185201e+01
3.364774897336557302e+01
3.550011290226783700e+01
3.487614669282769597e+01
3.639862307221108750e+01
3.621409754117863855e+01
3.694075091457706606e+01
3.699390726167565191e+01
3.755356531425900357e+01
3.963282954108468914e+01
3.751885480498184222e+01
3.838046588404780124e+01
3.869302860313767667e+01
4.041819668105439689e+01
4.129159763822405438e+01
4.078812438968789422e+01
4.184351678776127414e+01
4.103357455976074419e+01
4.358324867962339511e+01
4.307546159458723167e+01
4.282926887140873617e+01
4.526155468462383169e+01
4.683461663136533559e+01
4.443463455322032729e+01
4.718200794441109736e+01
4.785759005582854542e+01
4.692013784296261747e+01
4.647308805201839732e+01
4.617115949137521369e+01
4.886981411223815996e+01
4.860835029253844652e+01
4.922834710285273019e+01
5.023121154999770255e+01
5.027380469084103254e+01
4.915378942029086318e+01
5.334011861243524777e+01
