2.523782016740496292e+00
3.749436706610802972e+00
2.245584432853653389e+00
3.459687972162638570e+00
3.755297355067250820e+00
5.221892846518975340e+00
6.351578551652491633e+00
5.817138904734296290e+00
4.877654179702450854e+00
7.418382135765865470e+00
6.244028499815011735e+00
7.285444351548514774e+00
8.254465363267934563e+00
8.923073741704214967e+00
9.964516652252850548e+00
1.026665947701822645e+01
9.757101315574066902e+00
9.990936173031920831e+00
1.163967898386636612e+01
1.259098822856569910e+01
1.201701628196098781e+01
1.248608953813290512e+01
1.287045334857213952e+01
1.520935887325848235e+01
1.466224467474201631e+01
1.452115093657782907e+01
1.358097848784895767e+01
1.602443089092984252e+01
1.576003470135488804e+01
1.704888066106379441e+01
1.597108237631745453e+01
1.871783697921096845e+01
1.796777500628183333e+01
1.835104689694568947e+01
1.846453999866626461e+01
1.810841795457593761e+01
2.028527220204703596e+01
2.113061278087624473e+01
2.077966021816365583e+01
2.066155929310187744e+01
2.196320149920013165e+01
2.366097557955983888e+01
2.367028559348864292e+01
2.331237023896304450e+01
2.439022762759861607e+01
2.523109812071202995e+01
2.439689743713423553e+01
2.578653735356558840e+01
2.811372100881930436e+01
2.549521746405874012e+01
2.554619233904696429e+01
2.561939700082148974e+01
2.876725746863350963e+01
2.827921508779270710e+01
3.057934792114712153e+01
2.887017245026816781e+01
2.956860468422357613e+01
3.067123338453136938e+01
3.330413245946785139e+01
3.164465525147690173e+01
3.095362022199389429e+01
3.108271007666254704e+01
3.368022686506478891e+01
3.244924643843209111e+01
3.441210896247894624e+01
3.410877591776262108e+01
3.410131130159444268e+01
3.626913694614726325e+01
3.698543577600869980e+01
3.718448841025808349e+01
3.697175292537190217e+01
3.751483015051358905e+01
3.841028087539996960e+01
4.021993958482969589e+01
3.807157857803792922e+01
3.999565883852046255e+01
3.835208356993526735e+01
4.123318497124190429e+01
4.134709545283678978e+01
4.171956153925619049e+01
4.140297572684461613e+01
4.287488656072167714e+01
4.349640089769215479e+01
4.362590640064998837e+01
4.437081870884149026e+01
4.356321937200270611e+01
4.593468698977950737e+01
4.531105580617528972e+01
4.436260972682655535e+01
4.674360633785700259e+01
4.581555941771465257e+01
4.768104974937749319e+01
4.697475668475008348e+01
4.923347834637858256e+01
4.831880172992040912e+01
4.871263426318235901e+01
5.007365021527085958e+01
4.945122337399251933e+01
4.963355567905252030e+01
5.158082721881674360e+01
