2.328718448437598898e-01
9.848175126822764636e-01
2.449530854615129982e+00
4.097356801175727092e+00
6.014006819707910623e+00
5.044724981907981132e+00
4.557731587598473411e+00
4.360110119159491759e+00
7.380110399685483102e+00
6.908861678711440746e+00
6.473916031247396674e+00
5.952874894855118448e+00
8.890967576607065936e+00
8.126639336069430897e+00
7.299605950322985315e+00
8.947113601750485756e+00
1.082271589981200854e+01
1.041456324112618681e+01
1.050727624333115173e+01
1.177430935012655411e+01
1.083068033211307402e+01
1.328943122274213806e+01
1.356700066621662515e+01
1.480547523238328544e+01
1.406162344327946023e+01
1.474166252784138820e+01
1.515092273621830721e+01
1.637130270624093242e+01
1.587730656668324336e+01
1.634991958060217598e+01
1.738504961065256538e+01
1.866960657083079766e+01
1.895565134901188387e+01
1.821916390374891748e+01
2.018951038975366075e+01
2.136871444907436057e+01
2.094856633713265737e+01
1.939908341808740744e+01
2.173349598850269260e+01
2.198236724517973784e+01
2.163083868146528843e+01
2.139831903828024551e+01
2.272619340621142925e+01
2.272467084886357469e+01
2.445565606685784843e+01
2.501000626038119279e+01
2.533310007110824813e+01
2.670465436002920967e+01
2.503917535366603175e+01
2.600316854321118143e+01
2.566102916490189045e+01
2.727404064581548937e+01
2.706391888333115503e+01
2.862145110749648325e+01
2.848808703805550024e+01
3.037834478948001404e+01
3.024315140241566269e+01
2.978203169262406291e+01
3.080078885211791118e+01
2.975897622710435542e+01
3.278352645458528514e+01
3.462610962480700039e+01
3.188892752634563266e+01
3.455021213657270351e+01
3.323281052884731679e+01
3.439378575348461453e+01
3.359143549171324850e+01
3.629015590749099118e+01
3.484723760379008439e+01
3.702364559859624649e+01
3.545001333529660315e+01
4.072073378097048391e+01
3.807306609284466958e+01
3.880047657432640307e+01
3.674082412055664548e+01
3.825615731481973825e+01
4.012578587849546352e+01
4.084727168838871592e+01
4.145193892449101725e+01
4.162620964946356139e+01
4.251121550506678659e+01
4.325192873560943951e+01
4.347675385912141621e+01
4.294008282038092261e+01
4.374483977248127786e+01
4.347529035943492204e+01
4.409026634223221208e+01
4.627867905992690112e+01
4.583367490218839890e+01
4.617695169442095704e+01
4.851301663383320317e+01
4.808937141561872863e+01
4.651007643283985971e+01
4.946900473158267175e+01
4.590290522362377601e+01
4.886825328185022954e+01
5.030356802692331541e+01
5.030103013336476181e+01
5.206079358489193964e+01
4.973532920124421963e+01
