2.469358718397009156e+00
4.345759107326470527e+00
2.993344992825971218e+00
3.218405168772182634e+00
3.249338359628867856e+00
5.292814345306920742e+00
4.402395485605688386e+00
5.742067061215550439e+00
6.888909376453460354e+00
7.429700367555361673e+00
6.308105476900025543e+00
8.617647339163955422e+00
7.811073373678137699e+00
8.017744257295642996e+00
9.283060548309219229e+00
9.157239469689743672e+00
1.011053970823076753e+01
9.816580422971629361e+00
1.033337141077184640e+01
1.109247527491561058e+01
1.102311909768828002e+01
1.227004641567547161e+01
1.292795653797234046e+01
1.239718562426723381e+01
1.462873244365153091e+01
1.541796460079690689e+01
1.598197141435352187e+01
1.568647411906422562e+01
1.413099394139402065e+01
1.461162524456015888e+01
1.758653724801324358e+01
1.693776838446566302e+01
1.976919374877689251e+01
1.647882053510985756e+01
2.022395707145494370e+01
1.882720969509583142e+01
2.083022391040086774e+01
2.052584100132202494e+01
1.992823226459552188e+01
2.050453814965408483e+01
2.148014949747455304e+01
2.335136565816987542e+01
2.347265338785984667e+01
2.325426806112192324e+01
2.321714577701997229e+01
2.585575852351905013e+01
2.664840315372752144e+01
2.468648175226451613e+01
2.687566194920330176e+01
2.773563967509092976e+01
2.692793705793298287e+01
2.826596769917777152e+01
2.899628587632645349e+01
2.777796129008286030e+01
2.935854323770882601e+01
2.936890106492371189e+01
3.070003428635056508e+01
2.858278873141702192e+01
3.065101530620583858e+01
3.177861568909317569e+01
3.395892040274595303e+01
3.301902512590356054e+01
3.417981994838108761e+01
3.289710174245434615e+01
3.405215333392439447e+01
3.454812702334133689e+01
3.474793016268499457e+01
3.472289249001504174e+01
3.482776392897613249e+01
3.795941895767303009e+01
3.901913353579556087e+01
3.766039750630976357e+01
3.840385606106364236e+01
3.776650821925015578e+01
3.947918566265447993e+01
3.927801385915346088e+01
3.943907998013330740e+01
4.037616490750174592e+01
4.095773171015463276e+01
4.002185669116580868e+01
4.247478392218684462e+01
4.351248111639345240e+01
4.185028195540745344e+01
4.356705948344009016e+01
4.360694450651144649e+01
4.309011888277125735e+01
4.307601013363809273e+01
4.637827932360647765e+01
4.496672151403549123e+01
4.730447349368234455e+01
4.762254429489324536e+01
4.590938020717148049e+01
4.796613326140232658e+01
4.635151292524237476e+01
4.937227906505359698e+01
4.804650166087409957e+01
4.994519100778663301e+01
4.947780175888682663e+01
5.061220003427915515e+01
5.078745115884832728e+01
