2.493932614315648610e+00
4.304027713517280418e+00
3.535654547582927965e+00
3.811645298768179035e+00
4.775486302273359129e+00
3.978655840040742131e+00
5.086439521751390025e+00
4.444791516014983124e+00
7.453635011589515358e+00
7.120813288251507167e+00
8.194045866967666569e+00
7.557344199185602740e+00
7.901139739685598684e+00
9.651414292380747995e+00
8.332331040301308889e+00
1.090662709024157806e+01
1.040829526866270527e+01
1.258101250451013797e+01
1.109468850642305604e+01
1.284182451899516053e+01
1.210546923253894036e+01
1.310589386384130073e+01
1.399579577862601454e+01
1.313738061078203145e+01
1.483575196565640830e+01
1.362558824110079492e+01
1.541878123403149736e+01
1.509622963555083430e+01
1.622829745234792753e+01
1.558389782599978446e+01
1.635282356821697647e+01
1.885077798412656946e+01
1.910279935342986590e+01
1.908462932734078521e+01
2.060971574596769429e+01
1.982366382606667798e+01
1.946426138019903362e+01
2.140429418190920074e+01
2.192770373551436336e+01
2.176057717731334407e+01
2.228776923947022226e+01
2.260504731106123799e+01
2.226558745577258591e+01
2.491583083459091341e+01
2.354189663183980841e+01
2.431937020398034477e+01
2.593949818637296190e+01
2.672905554165085107e+01
2.591268301593676426e+01
2.609601715959186663e+01
2.613210142049468132e+01
2.734250391413795001e+01
2.606021841765700486e+01
2.852199691080963007e+01
2.776712286013331266e+01
2.804438454151853222e+01
2.971498191941891065e+01
3.003938977936278221e+01
2.997193248304664337e+01
3.250028271496421439e+01
3.221159144850452805e+01
3.355782368400126359e+01
3.218764095938112035e+01
3.380276185985787407e+01
3.317024945707021999e+01
3.384230577332196788e+01
3.650197023230352755e+01
3.434706147332382642e+01
3.646297304031142517e+01
3.615472629434060536e+01
3.609668789113460008e+01
3.796539695961387650e+01
3.692397883888119736e+01
3.826508732417167380e+01
3.759383494561240724e+01
3.986201954402876879e+01
3.867424312537154663e+01
3.970953855220293605e+01
3.934349824102545767e+01
4.196559548947583096e+01
4.186103453076902525e+01
4.428704438011502731e+01
4.336610043691202065e+01
4.349281416141984380e+01
4.100680132579711312e+01
4.432434242635335409e+01
4.475224880546740991e+01
4.600184616105467938e+01
4.620230947228446894e+01
4.727492993097183671e+01
4.798795473965682135e+01
4.645889462198656616e+01
4.762479225032741681e+01
4.879578985973380156e+01
4.915700182637888105e+01
5.130707671043629148e+01
5.092363379442704741e+01
5.093878005788364050e+01
5.141299695548595139e+01
5.168015678254059964e+01
