4.084244919873609714e-01
2.934313199338803635e+00
1.637356656212896278e+00
2.968216010901365554e+00
6.075248763174851518e+00
4.701766310380251390e+00
5.055457265358426433e+00
5.488103135076736194e+00
6.603976378647424816e+00
6.467447845101839121e+00
6.658248606542771952e+00
7.802537487817602369e+00
6.767589162420330595e+00
7.234135297363115669e+00
9.791344109491596726e+00
8.977668915874213340e+00
9.671641091680745816e+00
1.068517634870639377e+01
1.079212796774918282e+01
1.259502469124535651e+01
1.045482855798764810e+01
1.283062124245666169e+01
1.444118233380102012e+01
1.304099113137423238e+01
1.276248649396498180e+01
1.453595811213000921e+01
1.530110612172927098e+01
1.510492186268637482e+01
1.693079413031836111e+01
1.534493631847460193e+01
1.665687284298421034e+01
1.846964948947551122e+01
1.807740445538230034e+01
1.786673862271353030e+01
1.839893913885707377e+01
1.807147949239163154e+01
2.030173764236327116e+01
2.194088476320330372e+01
2.037993043471282917e+01
2.210643507606319602e+01
2.198230021953074598e+01
2.251885225881806818e+01
2.392682961402146802e+01
2.380089347078360618e+01
2.452541353404480162e+01
2.273190964098767353e+01
2.588907749717433049e+01
2.586811423708652669e+01
2.601561559564850867e+01
2.697319291314385126e+01
2.770046399781841728e+01
2.824876280820839725e+01
2.834820670254857333e+01
2.908495274720519674e+01
2.843200847066880854e+01
2.851218568052845370e+01
2.881652056992036748e+01
2.993476945836092540e+01
2.983027313504986466e+01
3.038101054469019502e+01
3.106928887043297038e+01
3.383147909036585332e+01
3.151909657158882894e+01
3.514517111236944658e+01
3.415970940975280001e+01
3.317263173316459302e+01
3.392690815867240417e+01
3.540524572021782745e+01
3.697957384079379750e+01
3.755243510067240464e+01
3.816353470398426140e+01
3.553491488776884211e+01
3.820682454046554000e+01
3.876338441572788440e+01
3.989977532551569084e+01
3.800787690103299354e+01
4.006946923752930445e+01
4.002494068678198147e+01
4.100224285806660873e+01
4.026457149720752682e+01
4.043623130037718738e+01
4.241118316385217213e+01
4.297434746663873995e+01
4.346964199411844021e+01
4.536272965586312722e+01
4.304294306660943903e+01
4.542089725438139425e+01
4.625008865696045035e+01
4.482546789444344881e+01
4.652161870529014465e+01
4.713878049491718514e+01
4.717380711001398197e+01
4.891810104082210842e+01
4.780910971791831088e+01
5.083856529942784874e+01
4.769145398311778905e+01
5.052798702523953978e+01
5.120448783507743684e+01
5.137772638902043099e+01
5.160569352386900022e+01
