3.778487774951714506e+00
2.206687080265825163e+00
2.353876072024011723e+00
3.187566769086780827e+00
4.314843061020856574e+00
4.580213013203613848e+00
6.473058382454576432e+00
5.007595268522639032e+00
3.840547342534173403e+00
7.301617346447044632e+00
7.733572694771845946e+00
7.076910882102176892e+00
1.010813390366205056e+01
8.142603998369846607e+00
9.561265051391966807e+00
1.001410447004723281e+01
9.853862034915932711e+00
9.913559027077404551e+00
1.148949163507074900e+01
1.159574895764997748e+01
1.168318310575662267e+01
1.421437860364354577e+01
1.243859573047954470e+01
1.285449116714913309e+01
1.434884502272185358e+01
1.487925390184092045e+01
1.628383480237975789e+01
1.696440141068296370e+01
1.753114219041252753e+01
1.689560408861434837e+01
1.847341534533391183e+01
1.755636120971394121e+01
1.983154478023796941e+01
1.779706199519166887e+01
1.942557677978739861e+01
1.793074471019231453e+01
2.149095277233235990e+01
2.014687200897262542e+01
2.111492002180735028e+01
2.172213209819411617e+01
2.096709973191429555e+01
2.221651184400085199e+01
2.268178056921442831e+01
2.285666622626007438e+01
2.282972870163900936e+01
2.569245687881344153e+01
2.527091384122259399e+01
2.616516294495036377e+01
2.473167692209900181e+01
2.629392518823218694e+01
2.727238610628222659e+01
2.780707078351858286e+01
2.918306284268362560e+01
2.839713124644132236e+01
2.949182483043283298e+01
2.864192114946487777e+01
2.961472357780175813e+01
3.117518680824661459e+01
3.124378841898169767e+01
3.241005356833749573e+01
3.097753528799325551e+01
3.167250540596023356e+01
3.269685846981225552e+01
3.384776614134852935e+01
3.300708728017385596e+01
3.550376207997874189e+01
3.417854738642691359e+01
3.573775128280935576e+01
3.422876674023933674e+01
3.533886493065856627e+01
3.539671983802181643e+01
3.817152033057608662e+01
3.901392729257117509e+01
3.942179152268861486e+01
3.976942585050010592e+01
4.000947976383680782e+01
4.039259706409249873e+01
4.123814506748747277e+01
4.019245279736053078e+01
4.061915713369685932e+01
4.166055266809557622e+01
4.201024390832431976e+01
4.180185716629632964e+01
4.331719948403407017e+01
4.320726096757797308e+01
4.343762800486451425e+01
4.491690851107328086e+01
4.662491224173565740e+01
4.674918214939017247e+01
4.648558931885857959e+01
4.695858001565519402e+01
4.820745326964756572e+01
4.808433296491296005e+01
4.589234413103886823e+01
4.829226853628077976e+01
4.757435597977500663e+01
5.244419457916770710e+01
5.128628750346001652e+01
5.041205636634056475e+01
5.261567408576046034e+01
