2.468585577509912810e+00
3.392943629130392491e+00
2.443421492583990329e+00
3.576230026706250342e+00
3.365595317550393428e+00
4.445787881703870070e+00
4.613120683399395183e+00
6.082561361193654648e+00
6.484655299163597952e+00
6.050418988255891861e+00
7.341083159253328994e+00
8.217806606321831353e+00
8.226318852370759771e+00
9.177772884465692727e+00
8.424252575585565950e+00
9.323182573016490338e+00
9.649242940802977841e+00
1.046593803638440079e+01
1.095875479768445260e+01
1.247672595204562462e+01
1.044447991044430246e+01
1.085438127945903553e+01
1.506610337690869272e+01
1.350982285774357194e+01
1.376138874617516272e+01
1.468090535523340634e+01
1.661496500445354130e+01
1.537841349428518534e+01
1.701310000802784472e+01
1.402673472156149970e+01
1.536767371436122431e+01
1.751565908805282490e+01
1.813310561313710778e+01
1.951231751271097892e+01
1.848885276378971909e+01
1.841017900515335626e+01
1.968994957963688819e+01
1.968551123783339207e+01
2.071363368559014972e+01
2.032524565732967048e+01
2.307388480629849781e+01
2.472731655507695692e+01
2.406892189063997023e+01
2.310118914438355731e+01
2.489239206235387414e+01
2.516914072586881090e+01
2.444941908541921549e+01
2.435266234450322997e+01
2.591092039304606232e+01
2.679973791591275756e+01
2.798765856986843659e+01
2.706952167870861814e+01
2.663313724947477112e+01
2.785771938487418709e+01
2.654176727106781897e+01
2.630970985360298897e+01
2.911074665128904115e+01
3.128758366443802075e+01
3.161505511800370627e+01
3.207172928028936809e+01
3.088394889606979987e+01
3.347147434862372251e+01
3.313299917479321977e+01
3.409130399089205099e+01
3.203597908106360137e+01
3.634631963592369885e+01
3.649657297974283665e+01
3.510699237279639817e+01
3.714686336888681950e+01
3.593034050473343655e+01
3.919226330930848690e+01
3.722815436791185562e+01
3.817041796016519584e+01
3.836760695705883251e+01
3.834126434105378678e+01
4.002010130575452962e+01
3.781783591351208429e+01
4.122629094291542629e+01
4.171903642591804839e+01
4.115528778429631984e+01
4.060430734101375805e+01
4.273827683317896486e+01
4.302487344713960482e+01
4.331362345117446466e+01
4.355665725403412125e+01
4.366171554693367085e+01
4.443934959147981090e+01
4.473632581410839748e+01
4.738530038536085698e+01
4.515825697492611823e+01
4.653857543163202592e+01
4.704850252622546236e+01
4.710841389929023393e+01
4.937175418204424204e+01
4.890372517442430933e+01
4.760948722395390575e+01
5.128960772657214306e+01
4.940006753936673078e+01
5.117023857626190164e+01
4.994427224360155293e+01
