5.030515229719457082e+00
3.692602810884757503e+00
2.694108731837804527e+00
3.142855543328253898e+00
3.623449174303778442e+00
6.052488168043572259e+00
5.500791658309553078e+00
7.175241525998568015e+00
5.123352697866471850e+00
6.305570625467135315e+00
7.324460727392093418e+00
7.658940049865137212e+00
5.842802661916254081e+00
8.416687123772586432e+00
9.257874349084620036e+00
9.292156586063866186e+00
1.016461715231935159e+01
1.050426222018407074e+01
1.160694928038700624e+01
1.253523465351872090e+01
1.025772418038645029e+01
1.171371767964149768e+01
1.432256726811139025e+01
1.389122590904634791e+01
1.393008556057525560e+01
1.363731851102525816e+01
1.587747810749801758e+01
1.468724349232725679e+01
1.613079379012162917e+01
1.826020661648899690e+01
1.787617120827892236e+01
1.675688377535892926e+01
1.866814882722133362e+01
1.934291231604570527e+01
1.885805869873872354e+01
2.120245960946433428e+01
2.063298557212573314e+01
2.005287672821302181e+01
2.051649580369113224e+01
2.305871836601154712e+01
2.117286393613457918e+01
2.292716531656585488e+01
2.531838913580574513e+01
2.281079163414343469e+01
2.464474098304659577e+01
2.525613613827087178e+01
2.465973308382817208e+01
2.754397040792531826e+01
2.710048450655363794e+01
2.698700175051889261e+01
2.709342206564264188e+01
2.636231326802166208e+01
2.708369755168346060e+01
2.798325420716331635e+01
2.908081620890455454e+01
2.924892662703597424e+01
2.991861402210266263e+01
3.091864137459079132e+01
3.079120202280875773e+01
3.126792154580290983e+01
3.146090129793513412e+01
3.305685608091418715e+01
3.442473816579180834e+01
3.274162458630144101e+01
3.457325191608400416e+01
3.325095188491136611e+01
3.587522893045828454e+01
3.682976253575277070e+01
3.492453706421048309e+01
3.703936795368780821e+01
3.826026123626898112e+01
3.903916175093756635e+01
3.436151561585058545e+01
3.834571561400330353e+01
3.717096318758912332e+01
3.805539479242784040e+01
4.092448008113267832e+01
4.132411882254322677e+01
4.227622982383768147e+01
4.288934456026909459e+01
4.303672642992862762e+01
4.340227663842189543e+01
4.470895947313348273e+01
4.444408844019707061e+01
4.356103527712853918e+01
4.582156065105304776e+01
4.652593798686214654e+01
4.549654021580602148e+01
4.619455527617906654e+01
4.624124803464173539e+01
4.682943566904913979e+01
4.869134184386452802e+01
4.779408793563610658e+01
4.820493225170094576e+01
4.982823686512690387e+01
4.855487010552925398e+01
5.076670351669574899e+01
5.077757833013894384e+01
5.027577401474432151e+01
5.246527292587489910e+01
