2.050038132750948261e+00
2.500307726832307065e+00
2.113612797067355054e+00
5.283579596578020343e+00
5.503781572364413677e+00
4.450413078283604662e+00
5.962601499004448691e+00
4.910557848472239861e+00
5.471780546511530119e+00
6.663628392555123625e+00
6.297905638071378931e+00
9.153118121321497824e+00
9.567844388061839567e+00
9.445138924034614192e+00
9.074215320918060712e+00
1.021073893696535784e+01
8.985373402327132553e+00
1.071178059057691989e+01
1.167207044741178734e+01
1.028788190973388694e+01
1.241633837445835731e+01
1.293210420134994543e+01
1.154142530850936410e+01
1.483346493653733233e+01
1.248386985228678014e+01
1.384996733827730431e+01
1.532410285937439731e+01
1.527428417541116445e+01
1.533977389053263529e+01
1.639769824657261310e+01
1.701865915774976301e+01
1.889087528597094590e+01
1.679693880483295132e+01
1.664116522969868939e+01
1.928443968625391136e+01
2.016754907996778456e+01
1.887584883796709434e+01
1.999860658736938390e+01
1.943210160396379038e+01
2.131904294485839557e+01
2.135344550227100058e+01
2.032619511411231983e+01
2.474019580624474557e+01
2.277398142408058490e+01
2.363974847931018175e+01
2.498979281785202389e+01
2.587291684678243087e+01
2.559284274192090081e+01
2.539105091420025673e+01
2.500746565325302839e+01
2.851613313427824536e+01
2.633345408620201766e+01
2.594235298680101209e+01
2.819016554131636099e+01
2.750279828871786236e+01
2.978348565507416268e+01
3.014409640163050952e+01
3.281574803253487005e+01
3.119898691626394793e+01
3.336299270313617171e+01
3.003528646370537203e+01
3.341236338045440846e+01
3.282441108704073685e+01
3.255575620348260202e+01
3.367741663566206967e+01
3.548766863650143932e+01
3.434855402197101171e+01
3.615626217061203107e+01
3.664371687486048756e+01
3.732431579711138170e+01
3.614458028006173862e+01
3.668391361547323726e+01
3.763718282239986479e+01
3.915732633361390924e+01
4.015002825392244290e+01
4.173439008260489658e+01
3.986260562466781465e+01
4.031904877064128101e+01
3.906604698584118296e+01
4.091803709369845876e+01
3.952836158121693444e+01
4.301754619833753424e+01
4.310722300633163684e+01
4.499215970098935458e+01
4.353501906901989571e+01
4.585220949034773952e+01
4.470657374556489572e+01
4.729410004696693903e+01
4.511283412412350913e+01
4.880713050982867429e+01
4.668264872280600031e+01
4.692174607033469869e+01
4.616822923255556077e+01
4.779611873223718987e+01
4.958731262043113475e+01
5.044998338546116656e+01
5.165648082927919660e+01
5.114543534163062333e+01
5.123954203613168801e+01
5.312191909691548375e+01
