1.320192509407313253e+00
2.479143225395355365e+00
2.578963665288133811e+00
3.166685988969028642e+00
5.743937301797346962e+00
3.770615082106896221e+00
4.968741838765279972e+00
5.938405718029923008e+00
5.618552457472842931e+00
6.170530242149145472e+00
5.307502727462162895e+00
8.688665049051659039e+00
7.382688811755931724e+00
7.760546208916101030e+00
8.390832708074084323e+00
1.026138911459770853e+01
1.024520821350280997e+01
1.110972946015858653e+01
1.015381369701773195e+01
1.162134209043858668e+01
9.508081416133265407e+00
1.101767591620633979e+01
1.393140115577996063e+01
1.308525229987557204e+01
1.360102160149841310e+01
1.606112350197193450e+01
1.561767808636102117e+01
1.596618628335429690e+01
1.587464768612759158e+01
1.634259271062206409e+01
1.788782876243116604e+01
1.804112458122304830e+01
1.756784072391479867e+01
1.950094232467775868e+01
1.823614986080710665e+01
1.937664698456697110e+01
2.092986405163533803e+01
2.092054358633673061e+01
2.128722156404206345e+01
2.120970815086675643e+01
2.299613653452986384e+01
2.246118858230546422e+01
2.397163128222783612e+01
2.346828454200607794e+01
2.522609278984695536e+01
2.449764896638204803e+01
2.548374767045446276e+01
2.567309775019697327e+01
2.540128133434588520e+01
2.658634389586624636e+01
2.753664833526605804e+01
2.553653616137469484e+01
2.707044565886681298e+01
2.988002306992444801e+01
2.921592382545225419e+01
2.882833831610429343e+01
3.120156323070317228e+01
2.804377234163016652e+01
3.204556444454093622e+01
3.154852743134720683e+01
3.125043869628997228e+01
3.356256836905383523e+01
3.389811846367330617e+01
3.273760004138377155e+01
3.469994883051946033e+01
3.395152949600340975e+01
3.399166664941886751e+01
3.580211897511726704e+01
3.726773703464017018e+01
3.684852028629831722e+01
3.813345045909666453e+01
3.720916929086539682e+01
3.717218128294110358e+01
3.909021190825191638e+01
3.893824927338597774e+01
3.919697565420376861e+01
3.919607527934975622e+01
4.114656301785592518e+01
4.272329277584154283e+01
4.141550254265683861e+01
4.143934787540898412e+01
4.340983849315632881e+01
4.243642231822472866e+01
4.189089745950829524e+01
4.286774335999353980e+01
4.496896872363657138e+01
4.431595174089953559e+01
4.425187412923030905e+01
4.327605224366588743e+01
4.490337213159396157e+01
4.681131802583497148e+01
4.831039136972069770e+01
4.996916477688925085e+01
4.855614516811102277e+01
4.866714666948472967e+01
5.016057880324057550e+01
4.962773706586764177e+01
5.004574158542566664e+01
4.946020499189405939e+01
5.075367158746166751e+01
