1.805161211010746669e+00
3.549385486466504425e+00
4.407499317424658614e+00
2.400906846386100746e+00
4.423953030697147959e+00
4.218636094686393889e+00
6.178250473145635802e+00
5.203625111127017533e+00
8.238068406090384599e+00
5.793080757319469143e+00
7.932927093367976745e+00
5.934845646992870982e+00
9.059421345018337846e+00
6.642272638356640613e+00
9.029007913739588886e+00
8.223804683547749406e+00
1.168777641271304546e+01
8.903614965541155613e+00
1.189405136967508447e+01
1.086855362365620259e+01
1.320258440096597852e+01
1.354552160326193189e+01
9.908040711094086461e+00
1.308991689399856995e+01
1.552347125881290069e+01
1.557048390300631624e+01
1.470857213031340827e+01
1.750790099479586104e+01
1.527096724240081116e+01
1.562769357469097820e+01
1.813882025116472718e+01
1.678328606807241030e+01
1.970203346136719702e+01
1.979782072880077237e+01
1.930726664647779955e+01
2.061015976182065046e+01
1.966280896980742554e+01
2.060662349150963735e+01
2.112719075348717013e+01
2.173022090262610817e+01
2.300623508396923711e+01
2.115483317315387879e+01
2.466283189550836141e+01
2.404307293884569674e+01
2.397100973448948835e+01
2.447174134006628421e+01
2.464580835787466739e+01
2.643242595891723923e+01
2.545136810066022548e+01
2.556234212059618471e+01
2.642370986006666200e+01
2.695256415075381895e+01
2.830773877278307893e+01
2.676256748844250666e+01
3.141655581369962391e+01
2.798338982697819333e+01
3.023804406760754659e+01
3.046532344210818977e+01
3.146281354927400642e+01
3.069982831980341231e+01
3.164806779106128687e+01
3.211108342325965026e+01
3.513477833448222754e+01
3.317506946471952034e+01
3.242950073190443305e+01
3.532475122605380591e+01
3.577505698076353724e+01
3.733580585428401122e+01
3.620355055445082115e+01
3.662622459717615442e+01
3.735193779292281846e+01
3.756097023360516118e+01
3.762691455488576509e+01
3.974758547487898852e+01
3.892159126963107241e+01
3.954306301705629778e+01
3.867570871788575460e+01
4.032805664970572934e+01
4.175399521188939644e+01
4.010216914393523524e+01
4.453439250147752659e+01
4.222432838880411765e+01
4.298476652036769252e+01
4.394749911471156167e+01
4.466703663970637450e+01
4.278947282130800289e+01
4.478591267955115995e+01
4.551807825870481850e+01
4.595130280872674433e+01
4.615446680182137840e+01
4.661163644553664653e+01
4.695659376416854514e+01
4.870714993352341793e+01
4.960944580182919594e+01
4.871322301823335010e+01
5.136511912560554549e+01
4.837569510522283167e+01
4.887020130197634415e+01
5.167184770416637463e+01
5.025513594325801137e+01
