2.167478687027910578e+00
1.887928352790547493e+00
3.041529098590220581e+00
5.194190292695137323e+00
4.267870140958239134e+00
2.913826697131692622e+00
4.994956231284799486e+00
3.690246088386806012e+00
7.942814338537848684e+00
5.622616292187727183e+00
6.299067019681114488e+00
7.384098488369421176e+00
8.592606943970464428e+00
9.596327615787032528e+00
1.062819180147194942e+01
9.316242182277367334e+00
1.022929133363775378e+01
1.163345777687908011e+01
1.071248087693715156e+01
1.133047058233842286e+01
1.196780481941582153e+01
1.082770909201433440e+01
1.298756779055082866e+01
1.235187735697657629e+01
1.531422591266080424e+01
1.250129159922991917e+01
1.502730290393123092e+01
1.573870607356095874e+01
1.687849525767737902e+01
1.485098052682467973e+01
1.688416441791109790e+01
1.606470144681696510e+01
1.804227917294292638e+01
2.001989741937296685e+01
1.749138527659197706e+01
2.074998743130284140e+01
1.977561425441147591e+01
2.090931681645632878e+01
1.941277701666016853e+01
2.085234965775137184e+01
2.160653889639241143e+01
2.168134294873871681e+01
2.150533569458480088e+01
2.335579062280121931e+01
2.327205549327311118e+01
2.375084220242966282e+01
2.453473091826860397e+01
2.530817997937728947e+01
2.584050849868376432e+01
2.677239610163355721e+01
2.834476101825396199e+01
2.727453346103244058e+01
2.807635171784949080e+01
2.905033872999946354e+01
2.830465738256133079e+01
2.926810269808056830e+01
2.984397286111430958e+01
3.096496446781483058e+01
2.995562134866013437e+01
3.057333750309099329e+01
3.417283601085215849e+01
3.238799450419301706e+01
3.311800972297657353e+01
3.350822912847751667e+01
3.343556327640822445e+01
3.328630401429221308e+01
3.510236467572546815e+01
3.489051544139334027e+01
3.805564727492943433e+01
3.635939498761438671e+01
3.688335632856753676e+01
3.731495332789652508e+01
3.623351481803256746e+01
3.898806017311799366e+01
3.737244739996992848e+01
3.883123122190530552e+01
3.975257019707512285e+01
3.957881786992747664e+01
4.182289409675712477e+01
4.035316121897967889e+01
4.165749630033893425e+01
4.349550467783799945e+01
4.399977115223159529e+01
4.278522825826756559e+01
4.565096172970072530e+01
4.306481154782506593e+01
4.434752686287509249e+01
4.468129194384928127e+01
4.585144287198477286e+01
4.569827592101920999e+01
4.902055000689914976e+01
4.898588564268641221e+01
4.727600798162893625e+01
4.755513546370970346e+01
5.024438723751882918e+01
5.046664691615964671e+01
5.091329998378272137e+01
5.069849301210732051e+01
5.222864286602430894e+01
5.042762194962729438e+01
