2.018053881684645834e+00
3.921360491148006222e+00
2.122767472580826542e+00
4.938070295245028163e+00
2.639763427710271504e+00
4.080723681004773340e+00
4.684049677859462690e+00
4.592483140893976135e+00
5.564466518872024814e+00
6.153256021429786671e+00
6.917961793793074854e+00
9.236280643335375018e+00
8.647481622482660057e+00
7.377234029717014252e+00
1.114334887521964568e+01
9.725944054047896969e+00
1.003748580719754457e+01
9.887179063083747721e+00
1.048201842528123251e+01
1.189295386484157291e+01
1.115814113090412185e+01
1.146345743150706298e+01
1.313284078121933263e+01
1.343460378430225965e+01
1.558837801512556709e+01
1.262599094038536407e+01
1.666062392002782389e+01
1.605163152914619928e+01
1.672812648706576866e+01
1.782616609075333614e+01
1.673581514186590624e+01
1.823356229724855027e+01
1.925831066975103312e+01
1.723464978300252071e+01
1.895793558002277379e+01
1.989857761422654647e+01
2.077234083842601464e+01
1.992803179247121648e+01
1.962679832278319836e+01
2.194694022141004197e+01
2.224247718058220968e+01
2.168183285062431054e+01
2.269347368559073885e+01
2.198471358244605867e+01
2.297441740922911180e+01
2.387593605629638560e+01
2.442303515330733887e+01
2.474822297419639128e+01
2.824802107309457710e+01
2.581714169942515014e+01
2.581013217072239030e+01
2.730118664967531927e+01
2.808478591017480852e+01
2.817651251297075987e+01
2.747792517018329761e+01
3.011596853835437315e+01
3.008171787760857896e+01
3.036671025701298632e+01
3.054802225877865141e+01
3.172158590133343381e+01
3.265054317910536241e+01
3.155972285323272075e+01
3.258615822804073048e+01
3.278372230548589528e+01
3.525611835212764333e+01
3.426134202899810077e+01
3.537551818488766742e+01
3.424749971384752456e+01
3.563255908515510129e+01
3.497085598397234207e+01
3.584236724001254260e+01
3.855139123264430623e+01
3.803879366952428143e+01
3.790347208984112370e+01
4.125868783070220758e+01
4.047844273175349628e+01
4.004841397606504216e+01
4.148513827376856256e+01
4.060093923507668734e+01
4.113283994513994202e+01
4.133700113023167688e+01
4.277747944903862987e+01
4.374377630508837456e+01
4.325020769914015517e+01
4.398289165641495657e+01
4.327567431391716468e+01
4.473734435254174713e+01
4.449541200431467303e+01
4.560570541472500139e+01
4.500416722698999195e+01
4.680582204294330495e+01
4.677651562768618021e+01
4.670429304473777421e+01
4.698003482072756753e+01
4.859081947244078492e+01
4.931943226904891731e+01
4.969743038325124473e+01
5.118002205587206532e+01
5.076634880524974847e+01
4.926193304459811628e+01
