1.545846730127355073e+00
1.893199136959538009e+00
3.365379408253979854e+00
2.332037777722978156e+00
3.535362644373485352e+00
3.251828645465248524e+00
2.997159298568964125e+00
6.558019373284842857e+00
6.501785658586301864e+00
6.719571683238887871e+00
7.534545455036464112e+00
6.718931728854752983e+00
7.178398348662288875e+00
9.349776089929994427e+00
8.099655830294937076e+00
9.764157046724871947e+00
9.303734320767860666e+00
1.279283038030717456e+01
9.950256866136138356e+00
1.361389436918433304e+01
1.191816767387378562e+01
1.271166100934766696e+01
1.246635724128834433e+01
1.423857977583069356e+01
1.434220979136455654e+01
1.358133241727071727e+01
1.455170474224529897e+01
1.675973935465892950e+01
1.610665817895255358e+01
1.337114787572926744e+01
1.807014515987349412e+01
1.676095764602969496e+01
1.850531313974290981e+01
1.672816450917649789e+01
1.894105993077032224e+01
1.797260895419697491e+01
1.993802536649685209e+01
2.114949898039583687e+01
2.085078418089087648e+01
2.118752604567229625e+01
2.254392286174314108e+01
2.127901574481200342e+01
2.280345655533441374e+01
2.473416796964548325e+01
2.506281492621891260e+01
2.443213113905506972e+01
2.413293525450592725e+01
2.436319255224571378e+01
2.551102854382439133e+01
2.477310693892837890e+01
2.806878518350461249e+01
2.881335539764433662e+01
2.848597808930962927e+01
2.980478120777578255e+01
2.907686624741182158e+01
2.832010486584700715e+01
2.963345268439874403e+01
3.021212235437628379e+01
3.159882174554832801e+01
3.152027663499935528e+01
3.188141116530460906e+01
3.147480902553247972e+01
3.322792246961677876e+01
3.370167394201298094e+01
3.422671962491353526e+01
3.265939105564670797e+01
3.406445562178895869e+01
3.465488226506570157e+01
3.618936258398787942e+01
3.413468562507400605e+01
3.743695084801963446e+01
3.852880898249636488e+01
3.628429172618687204e+01
3.829223398045433413e+01
3.917936980288677518e+01
3.783734300182574373e+01
3.986471264195578357e+01
4.101301971377336741e+01
4.084242049738772096e+01
4.221918620661609367e+01
4.105190024203384525e+01
4.254345143266787943e+01
4.209817775251271144e+01
4.138737463700440600e+01
4.466855800617898353e+01
4.563417119789533416e+01
4.466744283376684166e+01
4.598772209063901073e+01
4.738180179649974377e+01
4.649757514155938054e+01
4.575115466560781385e+01
4.701182920605693027e+01
4.628803556365867422e+01
4.754268183049145335e+01
4.720033304092677184e+01
4.996191063402112320e+01
5.068950323588540385e+01
4.974048445318528877e+01
5.166366718971906380e+01
5.198502397939966357e+01
