4.142222669409619584e+00
3.036796650925404073e+00
3.633578943170403974e+00
3.933762707244864210e+00
2.516987757930482683e+00
3.629917604100950879e+00
5.799810707323262093e+00
5.593634668996466885e+00
7.659090196629011693e+00
7.653494307701410371e+00
6.700579903348234723e+00
6.021895463784106006e+00
8.762694007390775752e+00
7.847499866818703929e+00
9.457177093875378304e+00
9.320076783699363432e+00
9.504616145067336319e+00
9.541337287034316716e+00
1.053450172865521317e+01
1.087779965497953327e+01
1.048754547768248813e+01
1.243782798821728619e+01
1.157503421656162779e+01
1.366427129168018517e+01
1.378458530511149682e+01
1.341795734965933207e+01
1.347209454930660755e+01
1.697489405640043714e+01
1.448729366586066902e+01
1.570133341678604388e+01
1.587711103323421824e+01
1.763372516488846387e+01
1.859130146762252878e+01
1.945641212097683592e+01
2.035436067622374168e+01
1.918957381342754687e+01
2.086310597964776647e+01
1.991233330095617760e+01
1.951191192530493268e+01
1.976401002455892808e+01
2.267029467628093542e+01
2.252735852809023243e+01
2.276948438948215525e+01
2.350848281501211190e+01
2.518002635868223749e+01
2.485505880730784511e+01
2.385002461078554603e+01
2.549010186211445372e+01
2.740758916832415082e+01
2.692834701891924709e+01
2.692351437665176306e+01
2.866069995247022106e+01
2.954742956922879671e+01
2.806183988108982419e+01
2.856483160727255566e+01
3.013273170961230463e+01
2.878375453222107438e+01
3.178368818392575434e+01
3.130211283042664761e+01
3.082486336067778154e+01
3.115130530138421605e+01
3.035936693950345955e+01
3.458326768649960314e+01
3.424215871277140621e+01
3.385096610256411509e+01
3.470564725947881612e+01
3.261772317998654103e+01
3.262359536864717313e+01
3.622423331073839847e+01
3.567224887535564193e+01
3.649609628516409998e+01
3.795879210028997619e+01
3.588099884988554322e+01
3.811973082146568714e+01
4.029099704034661755e+01
3.866534655381224894e+01
4.057396109631768866e+01
4.037544064431568813e+01
4.140590254760528666e+01
4.278073910789828460e+01
4.218574286466297707e+01
4.266408002293127311e+01
4.271571643064552859e+01
4.388133375237476486e+01
4.362547530265296558e+01
4.501781506766752727e+01
4.476195414920629645e+01
4.490166834163387222e+01
4.762119634477016916e+01
4.674057503673183334e+01
4.619441568644738538e+01
4.848563218957423970e+01
4.692242847745534817e+01
5.127193641062348206e+01
4.975198451587839799e+01
4.713137142424533010e+01
4.984627556204315368e+01
5.028984665974706303e+01
5.099865834426087474e+01
4.979808320928935217e+01
