6.072859108312238519e-01
3.332875840751539087e+00
5.090726843942519508e+00
2.933841259989648620e+00
3.711787020992322272e+00
5.519990694984799440e+00
5.372317798634515640e+00
5.227193372054928844e+00
5.639083289487590633e+00
6.193932003454025725e+00
5.938126389736518185e+00
7.281505504966927944e+00
7.864608347900802876e+00
8.628074562899842093e+00
1.067286610068708974e+01
9.021266452888809795e+00
9.547266845991313033e+00
1.079081303483488696e+01
1.028432797119654829e+01
1.224209909272714114e+01
1.200964334446352844e+01
1.175932928822790657e+01
1.388695438387946623e+01
1.460918829976158051e+01
1.520451122422114132e+01
1.410444852015512573e+01
1.528378750247886586e+01
1.615375810966073900e+01
1.660153879987149850e+01
1.817688301200163892e+01
1.840307180418404798e+01
1.664953459253250401e+01
1.641754206824566609e+01
1.896336661066070661e+01
2.069104347303053970e+01
2.112898397801576778e+01
2.206904342383204920e+01
2.144433626682253191e+01
2.029937423818638464e+01
2.263935801000685544e+01
2.164299971809905188e+01
2.474922949639459446e+01
2.439246203580856687e+01
2.400779877287782327e+01
2.275716596160830107e+01
2.461608561592213817e+01
2.484906499042776318e+01
2.615929453969389229e+01
2.668269722363821117e+01
2.706208561324229933e+01
2.693266448550226144e+01
2.850988671470189573e+01
2.797025299795641118e+01
2.760682213591374889e+01
2.952030511391564005e+01
2.912713329678471297e+01
2.922961859798983397e+01
2.989487652756928782e+01
2.815952394188779095e+01
3.274437400871855885e+01
3.186034128800564957e+01
3.294007910438686082e+01
3.202656074178089085e+01
3.220497944456059969e+01
3.307365041999522504e+01
3.438150019172292104e+01
3.233843368759777093e+01
3.559903422242179261e+01
3.594510419777448362e+01
3.638050858753923222e+01
3.766725537452805384e+01
3.751737725202527685e+01
3.896871581762027148e+01
4.126490112316363934e+01
3.967262705052909411e+01
3.712383604097166767e+01
4.090004163614557342e+01
3.872624131487273758e+01
4.175487206725911449e+01
4.177082112384221801e+01
4.174686058724815041e+01
4.153085997601563406e+01
4.324682740597776132e+01
4.411625925982004048e+01
4.403883134510930120e+01
4.325914624140118292e+01
4.449096472699835658e+01
4.658549902702877432e+01
4.340630300875371717e+01
4.535223773715792106e+01
4.749760920155399901e+01
4.699891027689850631e+01
4.714516980745084851e+01
4.898228573646448325e+01
4.881751256842895970e+01
5.043726830801638528e+01
4.917514110183802956e+01
5.122371680429110086e+01
5.172658780744971097e+01
5.105265802131137320e+01
