1.192724832160843684e+00
1.555396702814954457e+00
4.361844013235046447e+00
2.997831288882064182e+00
5.768415850478683105e+00
4.700709421199836591e+00
5.803208469986842033e+00
5.412846442308048012e+00
6.458954013527788973e+00
5.221813941279533466e+00
5.628090154379927768e+00
7.671204446219176631e+00
7.650421278718730456e+00
8.911278223112264030e+00
8.268931495398977205e+00
7.758387886998470151e+00
1.115079820189568593e+01
1.116414974797536530e+01
1.130183285194564391e+01
1.101437307558083489e+01
1.161955095198338306e+01
1.201465816933968966e+01
1.375250623538112116e+01
1.311028256738011599e+01
1.545487057604616155e+01
1.367601299255881031e+01
1.441925021065921264e+01
1.567312973979726110e+01
1.771021788820446830e+01
1.564571575401185122e+01
1.797263949193357391e+01
1.945527537264652551e+01
1.798682497559953219e+01
1.977503729148205025e+01
1.977689188061889070e+01
2.120923367666530979e+01
2.048672527644544417e+01
2.053338913590510373e+01
1.948772863482853168e+01
2.327592693526680279e+01
2.366011948894351846e+01
2.126072717230426079e+01
2.351598389655428178e+01
2.226974862440730618e+01
2.544162699525545790e+01
2.579235168715457860e+01
2.563722610401392998e+01
2.389895569951928422e+01
2.653563930327401366e+01
2.459779039450165428e+01
2.606666604145189581e+01
2.738458345204297828e+01
2.817799561019445775e+01
2.743745639359791610e+01
2.919869706055096614e+01
3.015709362939273319e+01
3.103419027306828681e+01
3.247524910296237266e+01
3.052395761965919263e+01
3.158776820728014556e+01
3.344016264131434468e+01
3.401832006512514539e+01
3.352430383442377604e+01
3.436200675382031733e+01
3.352315528406259659e+01
3.616336770664023703e+01
3.558177409113623213e+01
3.471063237324022310e+01
3.615421244141398915e+01
3.741953536896276233e+01
3.636314016187918696e+01
3.587005747859681293e+01
3.680755170056491465e+01
3.713391630121829223e+01
3.940370453035380649e+01
3.875641190617182019e+01
3.974426683012453765e+01
3.962258959120455870e+01
4.049329815691076107e+01
4.249269621464162583e+01
4.076799305160943732e+01
4.153112431687917194e+01
4.215232172720087078e+01
4.354471385992059851e+01
4.391609556775053846e+01
4.434983928106071716e+01
4.326380806069931850e+01
4.481060814413203275e+01
4.554072798685167811e+01
4.741438689387311456e+01
4.733003299238826145e+01
4.759059511840606405e+01
4.828612679088566750e+01
4.909195649386366256e+01
4.925803967205864353e+01
5.034353532702804301e+01
5.052329392865507884e+01
4.999461464433663593e+01
5.020975989305790677e+01
5.078072375642911140e+01
