2.863441169698469402e+00
2.157415793980058449e+00
2.573355050355088824e+00
8.585272550299736238e-01
1.896190797131081407e+00
3.294564618201514250e+00
4.807722779759443732e+00
4.372917880936563861e+00
8.042931829751454487e+00
7.600043847459637014e+00
6.277005057195008675e+00
7.219120691242525645e+00
6.366837191904922477e+00
9.487097262896774907e+00
8.640912803574554601e+00
9.427515962394448223e+00
9.430478028713428884e+00
8.675838141133670689e+00
1.104675693398193204e+01
1.152107491370587056e+01
1.179772299773361333e+01
1.411000454668870141e+01
1.465459021876004364e+01
1.318570481489278201e+01
1.326425901045617017e+01
1.474319206566954676e+01
1.444693184086137805e+01
1.566716784456096612e+01
1.699566875909318142e+01
1.468054952289957882e+01
1.713220992385541663e+01
1.759363647326298263e+01
1.974814669927438260e+01
1.896677697261638684e+01
1.858611238231272367e+01
1.957676410363092145e+01
2.012005052591817389e+01
1.928306150284128861e+01
2.147650568450806929e+01
2.087728750820203061e+01
2.250869681210522444e+01
2.270214885761870605e+01
2.108063901111314564e+01
2.394293174095616550e+01
2.533406727443170325e+01
2.377602288447749856e+01
2.485235069695927379e+01
2.636416557413847173e+01
2.499170810487797922e+01
2.544140833949585812e+01
2.715211474391875512e+01
2.700294553479213633e+01
2.922434635540110293e+01
2.841845997492799114e+01
2.888239903320412338e+01
2.874131951798469586e+01
3.121499534640139828e+01
3.031462305276041036e+01
3.178935297784181202e+01
3.145712982924314716e+01
3.246531167620696579e+01
3.107433143050330671e+01
3.329470772205844042e+01
3.098683538598364606e+01
3.593074505681258302e+01
3.352609785744066784e+01
3.571302177588817273e+01
3.626305660538206865e+01
3.652105242676670827e+01
3.619223321357932122e+01
3.615187914591943752e+01
3.934782383159838304e+01
3.637555294858903210e+01
3.703182816392645549e+01
3.918413037449341374e+01
3.753795665277813498e+01
3.931739194635559187e+01
3.866897305067309532e+01
4.080071853161500428e+01
4.128944977280844597e+01
4.481880750000811275e+01
4.054922445481805227e+01
4.126427200690567076e+01
4.353906484615891515e+01
4.418930956794297060e+01
4.399431184869862221e+01
4.345594258021012735e+01
4.463607204302285680e+01
4.636250417225077314e+01
4.521343957484506149e+01
4.902695063867054870e+01
4.723959042100599959e+01
4.809948815447837234e+01
5.031645382860570948e+01
4.897458621240740229e+01
5.093088205088452725e+01
4.919266984280740473e+01
4.874854079821218278e+01
5.071281291257292878e+01
4.986101805855830094e+01
