1.931186328024671273e+00
1.334847634349420886e+00
9.850998043783176783e-01
3.186914971152420062e+00
6.055281348260827201e+00
4.201838885220669617e+00
5.250266285270174471e+00
5.323082209718879021e+00
6.417757975800537196e+00
7.551268597640018676e+00
6.143500671045521777e+00
7.095759352199860537e+00
8.663506012274213575e+00
9.278098123851403756e+00
1.045740931746877500e+01
9.061536925860457004e+00
9.678033144081851447e+00
1.071991712237390892e+01
9.927533953134105360e+00
1.199607052206629909e+01
1.191231637986469671e+01
9.968903892998149274e+00
1.420300255261740574e+01
1.342600327770117907e+01
1.189372626357407015e+01
1.427198917083564922e+01
1.447907959163510050e+01
1.552401373143244356e+01
1.536840669596027631e+01
1.711138333310458393e+01
1.784171510666473992e+01
1.662649245232536543e+01
1.820983185764250223e+01
1.829981539690482606e+01
1.928453734438936706e+01
2.113696430356567291e+01
1.985506263127525983e+01
1.971445520798777551e+01
2.065419150689051619e+01
2.276151665984178507e+01
2.167713382751921358e+01
2.204216655974228800e+01
2.315581737862357414e+01
2.282921287577762470e+01
2.348941593290448893e+01
2.558223058789132409e+01
2.428640520260498192e+01
2.518237421142565680e+01
2.510809377938746678e+01
2.638369720400235963e+01
2.741824982628670426e+01
2.621645035330795537e+01
2.981312870709890817e+01
2.995213532227673170e+01
2.970189448216829220e+01
3.057816044088686525e+01
3.028665235170005943e+01
3.036329090609504533e+01
3.037061908989991110e+01
3.062299550528971892e+01
3.237442481203060396e+01
3.352504076369197605e+01
3.213374854016474558e+01
3.398725025722222881e+01
3.508094235494793622e+01
3.491064577454682194e+01
3.517524996390990566e+01
3.651143402432009566e+01
3.595846854401168713e+01
3.611236778603799280e+01
3.695549553113404073e+01
3.846959461460325969e+01
3.685772533965364062e+01
3.779925673462983582e+01
3.809430763452405699e+01
4.040000063587441304e+01
4.039499363896838702e+01
4.045923540590720080e+01
4.002808013053974889e+01
4.137444422530256816e+01
4.124811018032161769e+01
4.294502004440987974e+01
4.359740254318599995e+01
4.334419418139807334e+01
4.439925113558377490e+01
4.286841558157102838e+01
4.546444569967992777e+01
4.532015314169070308e+01
4.616105894955436639e+01
4.512853425744825131e+01
4.889520171125317916e+01
4.789542847463892628e+01
4.686480314434896144e+01
4.897317172114222217e+01
4.805468348080935925e+01
4.886994706406400724e+01
5.054463237058698866e+01
5.116357644722528164e+01
5.123639310834139593e+01
5.156146023796880229e+01
