2.238256488666749977e+00
2.937767357545748581e+00
3.120409565610414049e+00
4.299073958256687256e+00
4.720265606309031803e+00
3.684686033215298195e+00
4.899626611604090520e+00
4.083503210822039264e+00
5.589088474800571582e+00
7.711075242023936127e+00
7.726041153341164147e+00
8.125295504037550742e+00
9.306671083325836591e+00
7.203060329609284551e+00
8.693521116927596992e+00
9.722897635516924097e+00
1.099153126158421934e+01
9.576203700496909832e+00
9.068044578590169991e+00
1.155962513576186268e+01
1.195842686704561331e+01
1.067698946411681149e+01
1.323364962920538268e+01
1.329692285356506787e+01
1.369284855184062621e+01
1.431573985914092084e+01
1.479198888957264835e+01
1.734108009345843371e+01
1.560332146748167048e+01
1.646675373491962091e+01
1.703606751122229213e+01
1.821216572419853108e+01
1.869740518048479316e+01
1.982689575140485516e+01
1.870808310299672073e+01
1.891162412981474716e+01
1.943350463898654112e+01
2.212729131090327428e+01
2.327137665419987655e+01
2.316987004114116999e+01
2.298889178468661498e+01
2.221847638185533214e+01
2.433112723706803848e+01
2.526455475914855242e+01
2.381398774122898843e+01
2.398923314170986032e+01
2.465737625159756519e+01
2.589588991408374596e+01
2.390432262370861238e+01
2.683402578730753518e+01
2.777531658928624836e+01
2.663133756457743218e+01
2.696309352098417733e+01
2.972456101511604132e+01
2.784680189563291819e+01
2.976945769777989170e+01
3.037172257836202149e+01
3.050659793040988887e+01
3.088213703028845813e+01
3.017065116125497681e+01
3.146492703909065369e+01
3.133967786378216047e+01
3.310512337896160773e+01
3.310050366133018684e+01
3.347223583519851076e+01
3.459051136420272599e+01
3.585783468256103390e+01
3.466641500807841680e+01
3.784652049866502210e+01
3.883878041104125600e+01
3.701231453014697337e+01
3.782533308717661669e+01
4.016581970672408630e+01
3.880530087699134612e+01
3.879782571019496373e+01
3.842854262657407105e+01
4.016046001166556323e+01
4.018819276417060848e+01
4.135693871121250709e+01
4.037698633406464666e+01
4.106227466454780028e+01
4.279553564351682837e+01
4.381323526497708087e+01
4.199871758384043119e+01
4.280705610854513310e+01
4.471630924026042209e+01
4.347810932319449506e+01
4.420462211081505188e+01
4.623944839614390645e+01
4.739396093790046649e+01
4.722376876436893411e+01
4.686438818771604531e+01
4.662002133151835181e+01
4.887782039167382209e+01
4.975555622317485671e+01
4.863403348524180103e+01
4.962184043138229583e+01
5.034699810907629569e+01
5.043842883176318281e+01
5.215579605376716188e+01
