2.832585649594754784e+00
3.449962983564638819e+00
3.918831021027294526e+00
4.133994379972908639e+00
3.520978871115294062e+00
4.638391193542100943e+00
5.437438458381824269e+00
6.557071616861913199e+00
5.956518135361244859e+00
4.508909005253697089e+00
6.000471358124040755e+00
6.898224907713703224e+00
9.442943947105360891e+00
7.673767659736540736e+00
8.598444377284687690e+00
8.525051776652345481e+00
1.025052972526638229e+01
9.665809417040101437e+00
1.205856906893588487e+01
1.204569335659735430e+01
1.241365679301845582e+01
1.104079588455323702e+01
1.502027730267725403e+01
1.375498314742320716e+01
1.459377349422783432e+01
1.318982841664832861e+01
1.295316987629854744e+01
1.504710681935823935e+01
1.661779756695674948e+01
1.576263164495747660e+01
1.945412596888997570e+01
1.422552026146442827e+01
1.853118808384174443e+01
1.837114921335835049e+01
1.855343624077013231e+01
1.811046499765715012e+01
1.804441267950427275e+01
2.006134011485595181e+01
2.113919393560404103e+01
2.173650836225108307e+01
2.196962036962228382e+01
2.260037051353528881e+01
2.314818847979470817e+01
2.455754432421131384e+01
2.382113196063340155e+01
2.458775055650670538e+01
2.554556788132835621e+01
2.327889926575133828e+01
2.555573297745515049e+01
2.607366258119753510e+01
2.660097297166496233e+01
2.792278686270803689e+01
2.843837379863710879e+01
2.827342139745169902e+01
2.987780811546978299e+01
2.870081126507334446e+01
2.857709159124052078e+01
3.019067088771535978e+01
3.059566440470128157e+01
3.073661988075765095e+01
3.324612931354602097e+01
3.415581664136401230e+01
3.223499767419085060e+01
3.355877451368145614e+01
3.420932272208641933e+01
3.535970794090618341e+01
3.333641773562136734e+01
3.531935498232847692e+01
3.839684187208678878e+01
3.542189325510680220e+01
3.740400470241977615e+01
3.835346401355199220e+01
3.715172371644086269e+01
3.909083865838147176e+01
3.981853970224106121e+01
3.945678173537665145e+01
4.071887945867145220e+01
4.041154828589025527e+01
4.019493305971450070e+01
4.239250351305965125e+01
4.297171107581380767e+01
4.250745556355073518e+01
4.299143184590261058e+01
4.507385342188179322e+01
4.511388944945704793e+01
4.521238514144705078e+01
4.476431598053169836e+01
4.452672403492214670e+01
4.666691785323226327e+01
4.504270092644121348e+01
4.535815237557684299e+01
4.662700519591351878e+01
4.592938757334151489e+01
5.003885439417552305e+01
4.962477947881120599e+01
4.798992183774797127e+01
4.936094971795586872e+01
5.190651132881330199e+01
4.954408621331717200e+01
5.150880322119272847e+01
