1.473273834092480916e+00
3.806162185150579802e+00
3.812666135975006920e+00
2.720710139383577086e+00
4.172900722296486897e+00
5.466153352367302709e+00
4.970584700169781378e+00
3.227793317093154535e+00
4.469268925227891209e+00
6.123428002543508164e+00
7.444164396561930630e+00
8.031872198280931130e+00
8.907959318330748388e+00
8.767577601741161075e+00
8.096469036659863505e+00
9.152084313395246085e+00
9.900957702901255431e+00
1.052408334511925148e+01
1.060228556514717546e+01
1.120270130741898207e+01
1.365604859645432789e+01
1.230848695079327371e+01
1.377518842594775705e+01
1.409270811249314193e+01
1.435045453847908270e+01
1.487400930459349979e+01
1.468122245974556783e+01
1.500490637986328935e+01
1.843560900650947332e+01
1.584920882427280198e+01
1.860564109326736570e+01
1.834815127160340964e+01
1.805058528334723178e+01
1.817677615951909686e+01
1.999209789067513299e+01
1.969728032925766925e+01
1.902579288053052053e+01
2.130830602184902034e+01
1.998009989494234873e+01
2.168071181824664606e+01
2.258671189510317134e+01
2.182778578415858561e+01
2.408206337941823705e+01
2.238821889895869433e+01
2.328691273346951363e+01
2.369923671212475114e+01
2.384318313412032353e+01
2.604854562952294827e+01
2.585408237520420727e+01
2.673526465448513889e+01
2.705865084777503782e+01
2.865650336946083598e+01
2.780439808757381215e+01
2.761095171633419199e+01
2.758799120145377870e+01
2.981357051287602644e+01
2.800801127691914516e+01
3.086124006030784628e+01
3.248010236351694147e+01
3.069723176785044672e+01
3.119926217832709625e+01
3.228557054348600275e+01
3.224598645834288391e+01
3.345735747908199897e+01
3.229391397126148888e+01
3.519668326257638569e+01
3.516195641518277171e+01
3.623168515421603786e+01
3.701547958334639077e+01
3.457048135348004791e+01
3.877498400057554306e+01
3.799117381622850331e+01
3.840084843736399733e+01
3.942703821356052174e+01
4.065203827587696139e+01
4.060371884042827872e+01
4.063836025597290558e+01
4.192886023828548758e+01
4.075459558866880627e+01
4.244036577752906680e+01
4.203391212662290144e+01
4.267221987515445392e+01
4.386095641047870686e+01
4.468264994389245004e+01
4.436290300047230062e+01
4.453000442989318231e+01
4.499882240788858923e+01
4.554810511893366964e+01
4.395996512250764710e+01
4.774725541760307124e+01
4.734078167016896543e+01
4.634721306094232318e+01
5.022342966379127205e+01
4.880693211167600509e+01
4.714400617169462038e+01
5.006716697561447660e+01
5.082571860743905745e+01
4.992709463851328167e+01
5.240905058629805779e+01
5.144042684548257682e+01
