1.154265717073801323e+00
3.057547158938424658e+00
4.505812865611281026e+00
2.685515872376408542e+00
3.156056230648111249e+00
2.674934206281949223e+00
6.632806556265149034e+00
2.900665834744947436e+00
4.402055304106657907e+00
6.083972331297709424e+00
7.712941999068293697e+00
9.834953044187757953e+00
9.531818198503108519e+00
6.755516078615576347e+00
7.664179641370198581e+00
7.071304454343938062e+00
1.157301219017272942e+01
1.083300332417276657e+01
1.155953372882638774e+01
1.186882198718678438e+01
1.045970043959929541e+01
1.082181277933484864e+01
1.110416153160913311e+01
1.445606418095337098e+01
1.474236694845378892e+01
1.344899850958408294e+01
1.474097363204071343e+01
1.606727526607695467e+01
1.620540027440225117e+01
1.622875479291723266e+01
1.673687931309230592e+01
1.772081493102943739e+01
1.817375676176827781e+01
1.844182305324667581e+01
1.837007389579796879e+01
1.865719694374270077e+01
2.034746577803192125e+01
2.096934732146457847e+01
2.393418391156404113e+01
2.077670616183499774e+01
2.177922657787755867e+01
2.282225432301734713e+01
2.337535282672223147e+01
2.268784118421277540e+01
2.291876709313686433e+01
2.665793305162913640e+01
2.564397708358805872e+01
2.669320151414041220e+01
2.577313446423896437e+01
2.863929305891781851e+01
2.708740550972959937e+01
2.668084806870702508e+01
2.780805310658929130e+01
2.855321916916732761e+01
2.871453205586530188e+01
2.978188061996156222e+01
2.855373773742328325e+01
2.925871912079036363e+01
3.213080863194905135e+01
3.177778711903188835e+01
3.296212834683892368e+01
3.209487949117584549e+01
3.367654141315291838e+01
3.328417220693768286e+01
3.435016848508058018e+01
3.628328836699275683e+01
3.544998967926893840e+01
3.524767916711433458e+01
3.738314005380058802e+01
3.557968176269458382e+01
3.562509103431717961e+01
3.560609117258191247e+01
3.843511303855627403e+01
4.045077859751945226e+01
3.893950639365975519e+01
4.059320516493890096e+01
3.784004183464450222e+01
3.837167050993089390e+01
4.115424498819279364e+01
4.151018056386403288e+01
4.154980975031724455e+01
4.340401064386825425e+01
4.250720533177631921e+01
4.282620813045924990e+01
4.537765523151879421e+01
4.164919195301743571e+01
4.445475902022550940e+01
4.566609115291723953e+01
4.382687008798985318e+01
4.897522420093918782e+01
4.642943913016372193e+01
4.603171230072371856e+01
4.812718211529565338e+01
4.946799262140049791e+01
5.022265090007959998e+01
4.965849666522473171e+01
5.060658029578919326e+01
5.257987706993418442e+01
5.147984417293166359e+01
5.054022683600737054e+01
