2.991472107574611350e+00
1.735702865223410107e+00
3.296244292630200690e+00
3.335225419049844486e+00
5.860707075370417130e+00
6.368893038258485184e+00
5.073036158020690856e+00
5.976412195866571686e+00
5.415270494576557958e+00
5.272623012933711273e+00
6.675580123892574491e+00
5.421583614768246129e+00
7.828559454895446912e+00
7.606689893705287808e+00
8.631548965406079077e+00
9.056262509236933766e+00
9.156363833722343415e+00
1.181017675711460946e+01
1.211428262220040075e+01
1.297003600273896673e+01
1.256944890126197656e+01
1.192505581183696250e+01
1.105010912313156091e+01
1.199037275734421115e+01
1.508663175523584599e+01
1.578419830513595024e+01
1.522971692749109529e+01
1.394496159082968312e+01
1.474361376395339107e+01
1.518407090457397324e+01
1.619992403440404871e+01
1.832852974166314297e+01
1.774240470932580749e+01
1.986581666081541897e+01
1.983601686153133414e+01
1.950995395357629647e+01
1.854245320114682372e+01
2.105701586411503712e+01
2.110727330675228686e+01
2.139743700314484087e+01
2.141027193363955661e+01
2.200510123214611369e+01
2.170806412388137829e+01
2.412182025188830892e+01
2.477480805875938685e+01
2.441914763074063899e+01
2.613041645393393964e+01
2.451061608013758786e+01
2.680525441985032842e+01
2.400984841625178134e+01
2.518422032425290880e+01
2.635580722330243120e+01
2.753545368348434863e+01
2.784321912713258484e+01
3.025715565107415728e+01
2.920552142789538053e+01
2.849518066252218773e+01
2.968101905597958989e+01
3.270195271311043683e+01
3.012060206979828081e+01
3.303468726399933075e+01
3.285421803445323974e+01
3.318557466279882107e+01
3.185312409173040038e+01
3.327969253367368196e+01
3.376678031736804542e+01
3.521559622898084285e+01
3.459631391938404477e+01
3.594825453563153417e+01
3.650834748860387435e+01
3.770720024069326826e+01
3.735929577052807815e+01
3.783527455471915601e+01
3.838819880294558828e+01
3.982501650942514004e+01
4.055331528040557032e+01
4.026844370773540760e+01
4.224635150389833882e+01
3.997587904606029241e+01
4.126009865717728076e+01
4.092324598398186453e+01
4.231248090057695777e+01
4.179066464632008149e+01
4.403468787316037947e+01
4.379426669949314999e+01
4.319045578029432164e+01
4.365382031475401448e+01
4.557290841612204702e+01
4.573855365008477492e+01
4.624385544200097797e+01
4.769373767018365129e+01
4.723004974062456540e+01
4.754455073152939093e+01
4.826196987849891684e+01
4.976973961135463753e+01
4.909387767881508324e+01
5.042995930386265968e+01
4.971632049884967586e+01
5.018492556272195060e+01
4.998753462027192285e+01
