2.538279239241855834e+00
3.640997279139893905e+00
1.869798790631365781e+00
4.430661610324904132e+00
5.408097290866645146e+00
3.249941386865510040e+00
4.982419812878682741e+00
4.676369674860431758e+00
7.508604888551331236e+00
6.147057909544109577e+00
6.643063962609606854e+00
6.342275175462379622e+00
1.037071819407705320e+01
8.479246836628627548e+00
9.197679432028726509e+00
1.086453986138671013e+01
1.071355883060164871e+01
1.062307767418263893e+01
1.122828510427122950e+01
1.211077448844118365e+01
1.281732847026705535e+01
1.209051688245651057e+01
1.345197410598531995e+01
1.283419542189338891e+01
1.445952574270966728e+01
1.524781682927743098e+01
1.518866214025580952e+01
1.707885735065662303e+01
1.523820022036452571e+01
1.833192757573007015e+01
1.748631680329777893e+01
1.980872327631760044e+01
1.915001109101196164e+01
1.924610390150870742e+01
1.864869408816794660e+01
1.916913348943842266e+01
1.891632987858692516e+01
2.000644112177700151e+01
2.068396567047184220e+01
2.349228375657688161e+01
2.242331400781367634e+01
2.230886232130252012e+01
2.250099879942523629e+01
2.234362877807405212e+01
2.320296709557307935e+01
2.379263682573987992e+01
2.570653474717394005e+01
2.638335996323865729e+01
2.501109351592479868e+01
2.566736758445320632e+01
2.543698503788564835e+01
2.849841589314200618e+01
2.830421003640168820e+01
2.799986860605722683e+01
2.835889921741794240e+01
2.943300120416012788e+01
3.003025794664072023e+01
2.981484880805335536e+01
3.190923737609371003e+01
3.302257225283940301e+01
3.165532075386585120e+01
3.078892018445467471e+01
3.257281363630052340e+01
3.334450809041950237e+01
3.359861290065900619e+01
3.611809344061862959e+01
3.446696298621995425e+01
3.490916757482631994e+01
3.515308323019065995e+01
3.718110441071676320e+01
3.834481580829830705e+01
3.835236153374111012e+01
3.806310267759040755e+01
3.782660701622135235e+01
3.708277597592775976e+01
3.882817910068790468e+01
4.171788798898743522e+01
3.989907394167231303e+01
3.975471072669600403e+01
4.180074718997583005e+01
4.170877208621632093e+01
4.115123533550605828e+01
4.238760116354652041e+01
4.191045761714573814e+01
4.327266430405743591e+01
4.650972690812854182e+01
4.437921375818464043e+01
4.551455838080266147e+01
4.514999617728575032e+01
4.683727431533220908e+01
4.636265792956324105e+01
4.731544144886025549e+01
4.798304224130978213e+01
4.856420469240324422e+01
4.999967718066391598e+01
4.821390822055354164e+01
4.856765912006667207e+01
4.974039763998768393e+01
4.995984918981882572e+01
5.249711522475105596e+01
