2.648501086883898292e+00
6.621832662862905394e-01
3.698827446240363415e+00
3.590175305461353883e+00
3.400735809756425532e+00
4.616835839557119847e+00
5.689561157775422373e+00
4.873496957010481800e+00
6.403133178296204875e+00
5.487803077768288240e+00
7.128322315429096889e+00
9.281638844608544048e+00
8.568725928749717724e+00
8.270332632241677473e+00
8.416540419205297496e+00
7.977376870580819457e+00
9.325390714743743814e+00
9.027502365591073996e+00
1.148378625292483157e+01
9.310652329592144838e+00
1.122358984746292521e+01
1.258914700955592636e+01
1.268122878156733613e+01
1.446543517002982604e+01
1.470859507620764894e+01
1.472514907169264653e+01
1.361697977867639686e+01
1.575628602174420223e+01
1.563469968033584401e+01
1.716151681291245623e+01
1.722010624136898826e+01
1.782606378128919289e+01
1.891054773654087029e+01
1.831148960815289684e+01
1.897098300535818893e+01
2.027750298922083161e+01
1.917166048643897014e+01
2.168866330125596065e+01
2.046675294699288372e+01
2.008198880198529324e+01
2.352507600369383667e+01
2.349256416677258130e+01
2.257470432776996816e+01
2.434051160395928903e+01
2.501536061871255257e+01
2.454030306452246890e+01
2.689507464283061111e+01
2.628859425494396618e+01
2.568755010777614700e+01
2.637780102277577043e+01
2.714607825157589005e+01
2.754675354168473334e+01
2.689514963708452555e+01
2.746094010640342731e+01
3.023684923019263948e+01
2.980106149482721278e+01
3.164906403646211430e+01
2.902206888085412473e+01
2.836035929693744961e+01
3.157463946068968497e+01
3.319541694735136161e+01
3.208928217131148841e+01
3.495878105254432455e+01
3.340561754909057157e+01
3.391500485970841083e+01
3.304925101649471486e+01
3.407697591233369394e+01
3.617182405781120735e+01
3.744695341479317108e+01
3.728972390493424882e+01
3.873891105349523656e+01
3.899304944932249839e+01
3.812639916432375742e+01
3.796345765921945770e+01
3.907866547566898419e+01
4.089375411195523924e+01
3.845999757298798016e+01
3.743977330998495745e+01
4.162476453609541949e+01
4.418548491287030799e+01
4.181150087376910562e+01
4.354795358848637221e+01
4.260552937475392810e+01
4.238703944539708601e+01
4.378343961253561645e+01
4.472554878927296329e+01
4.563685447047162569e+01
4.494346675542229974e+01
4.509867303860813337e+01
4.501800272999935970e+01
4.742173380062340726e+01
4.511330697108559917e+01
4.859291716117991200e+01
4.997389904642346181e+01
4.823956404485628724e+01
4.953075667190091735e+01
4.815039304391011399e+01
5.171204597136979686e+01
5.098301256075103538e+01
5.101304203177084418e+01
