1.102457428246930382e+00
2.580485132093994327e+00
2.061960728096387196e+00
2.764036910213503617e+00
3.925456803364474556e+00
2.338022193511663627e+00
6.287036875507687306e+00
3.381788961024815521e+00
4.432767692528501335e+00
7.039996061817399564e+00
6.770060145131238549e+00
8.245607267502606419e+00
5.909362748702442047e+00
7.605804407689589652e+00
8.898066554173306386e+00
9.910100801328965758e+00
9.846275139922154196e+00
9.574564402171587219e+00
1.188872565068207443e+01
1.190696962505357881e+01
1.204687159552064024e+01
1.447557924189704259e+01
1.240358624641178409e+01
1.230644387606100842e+01
1.318860363457255502e+01
1.333324436150238235e+01
1.625059313623252422e+01
1.589962265143319975e+01
1.555282255579621697e+01
1.662003224846920091e+01
1.585881475095376203e+01
1.785278348996008546e+01
1.600758588927594062e+01
1.801939595669253080e+01
1.900553842430901241e+01
1.992952407890132704e+01
2.082232086221323186e+01
2.185902695274506868e+01
2.145989253273258157e+01
2.183510854481725261e+01
2.126707990268907977e+01
2.051439793796104283e+01
2.443435446506287079e+01
2.466536187702194027e+01
2.487490402688341362e+01
2.506301620472783398e+01
2.519429485682918113e+01
2.586504915249480874e+01
2.633964063481448648e+01
2.784310963233229330e+01
2.981817192886926193e+01
2.753909226360479323e+01
2.934383112699444496e+01
2.890996636873475722e+01
2.930803459194685701e+01
3.012163166270527626e+01
3.047840858848295653e+01
2.882140558612026027e+01
3.294067588513874512e+01
3.255689036183620289e+01
3.392735553354768996e+01
3.030129390688973601e+01
3.344894986123479441e+01
3.280083704890782315e+01
3.484720667611136946e+01
3.429353937450363787e+01
3.458640524809599270e+01
3.479801683674777735e+01
3.471485405252838774e+01
3.748241082367555066e+01
3.735847202973392456e+01
3.620829444557394794e+01
3.661002141640434360e+01
3.943956939889609004e+01
3.965364930649371189e+01
3.956625425359479920e+01
3.977244756245526247e+01
3.956509087065670371e+01
4.260556177659173471e+01
4.364072148311878152e+01
4.179410189947778775e+01
4.296412593515082534e+01
4.250980183166301885e+01
4.217638148407147725e+01
4.342064604970488517e+01
4.460022051436160950e+01
4.466868456593547165e+01
4.339938590801066454e+01
4.489080862193153365e+01
4.578227688624384939e+01
4.572669625633132995e+01
4.725978064569772386e+01
4.689905316832929572e+01
4.901778360667177736e+01
5.056251157671651697e+01
4.938009826719591189e+01
5.185926416096905456e+01
4.910750759155371981e+01
4.898540080559523346e+01
5.002365500628903305e+01
