3.479042900968583041e-01
1.091909832605470143e+00
2.177251394677444996e+00
4.575514784311840444e+00
3.142779013590246695e+00
4.404559886646739919e+00
6.847630634323402354e+00
6.026638237654001529e+00
4.955015382658165990e+00
7.399668477932939581e+00
6.846715142644043794e+00
8.982306730060736655e+00
8.873509616212771789e+00
9.204534488572475581e+00
8.459081276790248793e+00
9.796290552119458539e+00
8.382547457841965866e+00
1.007290946469873916e+01
1.130138414455046814e+01
1.031671180794759834e+01
1.256733841584120981e+01
1.301238675837475789e+01
1.147458844992477900e+01
1.510051891177655214e+01
1.527270339770543295e+01
1.329826778080859739e+01
1.386451785622987032e+01
1.623759765829422008e+01
1.698876048027103636e+01
1.580247836439463072e+01
1.838566240367638116e+01
1.683227511974517299e+01
1.789815460986935847e+01
1.774142751056508516e+01
1.864728596522185455e+01
1.913524429518380998e+01
2.058257994058508089e+01
2.051180861272961309e+01
1.963842943164561916e+01
2.250709461813437429e+01
2.374774665993933809e+01
2.055859534605231786e+01
2.384741326448363807e+01
2.355519980714162998e+01
2.474737827474373120e+01
2.421305870911823988e+01
2.554605436237700289e+01
2.467873892162261029e+01
2.656999038570995708e+01
2.588216488094719736e+01
2.743738987795743611e+01
2.704937097328085827e+01
2.725472304301463566e+01
2.829159640837233880e+01
2.876412518959085318e+01
2.910228669819851532e+01
2.971828558104927609e+01
3.296579705623207701e+01
3.007909652453430382e+01
3.141793257919382398e+01
3.102417640415385236e+01
3.271445641164341112e+01
3.388098722058994383e+01
3.363415269085982828e+01
3.105013605003058430e+01
3.378149669724215443e+01
3.371749165497408995e+01
3.307599552589517344e+01
3.402099832396947221e+01
3.658459598435857885e+01
3.823788508519623974e+01
3.851324454199113489e+01
3.680100028659152400e+01
3.874963213744960910e+01
3.783859563536334747e+01
4.047780587352890791e+01
3.965355772965909864e+01
4.026787143657001877e+01
4.070474423043960854e+01
4.078445378537475818e+01
4.124937722099654991e+01
4.285570388069220371e+01
4.399203558283812043e+01
4.455164177619019483e+01
4.220547055615825371e+01
4.483230059473903140e+01
4.531186090864714799e+01
4.422475699703105789e+01
4.633594292298904094e+01
4.773204257129782491e+01
4.745811003508002557e+01
4.803538509062279616e+01
4.778069786168564548e+01
4.747714355097708250e+01
5.000395139850874671e+01
4.826044632542515700e+01
4.978986971075914880e+01
5.197240712639698756e+01
5.100953129196835789e+01
5.123267758170746333e+01
