3.271755405550004880e+00
5.399824675707258770e-01
2.598223836920872998e+00
3.734339281133649546e+00
5.239130391886512861e+00
5.786128819907640164e+00
6.022692434817545681e+00
6.281469043990790091e+00
5.085860434342008851e+00
6.177267844723559165e+00
8.616552297724316745e+00
7.175378693915312134e+00
9.323243959649269996e+00
7.174181520320095373e+00
8.013789514655668356e+00
1.154350014282651671e+01
9.049036851255410241e+00
1.039084597322751335e+01
1.041088423490887571e+01
1.166013730121099456e+01
1.351848614953685512e+01
1.250936911151378794e+01
1.298088679625818820e+01
1.322377990928557523e+01
1.691907902829756694e+01
1.502656659979996689e+01
1.614504647579352437e+01
1.624025390175775030e+01
1.792736559542179720e+01
1.704107213058749792e+01
1.763311222728845351e+01
1.621861986264045541e+01
1.799721188301470320e+01
1.882521587585720013e+01
1.908910314085043680e+01
1.989951715204931304e+01
1.882196200949413978e+01
2.218511537343177764e+01
2.019894652352884989e+01
2.224883514766091963e+01
2.166528462286952106e+01
2.222718839529518320e+01
2.273495831289329772e+01
2.397438513221139900e+01
2.433168394948737756e+01
2.372820099065547339e+01
2.514760215977436530e+01
2.587973637663611726e+01
2.636581316367778527e+01
2.566578563649749611e+01
2.789260410567420223e+01
3.001053297550463483e+01
2.811057397879337927e+01
3.053951720068815234e+01
3.098398540641405319e+01
2.943005658207830066e+01
3.026415835007502508e+01
3.052447970581990333e+01
2.955351653876176243e+01
3.033911257124177752e+01
3.145737300194654296e+01
3.333307670516853705e+01
3.167132703399824223e+01
3.379607752008199384e+01
3.323596284519603472e+01
3.450402097280633029e+01
3.634941459811508935e+01
3.516877075841431832e+01
3.628746972375992641e+01
3.529977345193496774e+01
3.662242597334309124e+01
3.743029012242355691e+01
3.853362661662858812e+01
3.767761363371105432e+01
3.843837248171980292e+01
4.100834667913012765e+01
3.922537659650823372e+01
3.994749315770112474e+01
4.048095596981303856e+01
4.192649401923893038e+01
4.027051608836369212e+01
4.106905903617507647e+01
4.354746378695693920e+01
4.455955574688001519e+01
4.319660863868362810e+01
4.444640021677192010e+01
4.642480785306814539e+01
4.518840114276759579e+01
4.718766346251967292e+01
4.961816755427823011e+01
4.433412030128544501e+01
4.783424418716543869e+01
4.836537409205197235e+01
4.981759562520483087e+01
5.013770830350893704e+01
4.895754090197060293e+01
4.806060929738396936e+01
5.011154126602166770e+01
5.149423523551219262e+01
4.999222105730029853e+01
