9.201668578521147168e-01
1.467826585008228379e+00
4.521261837761568536e+00
4.895903361141233034e+00
1.253452767304368276e+00
5.248900430632009062e+00
4.040574451581333548e+00
4.417023095210797834e+00
4.379337581067391127e+00
8.068392472709220442e+00
6.139093250910179655e+00
8.313953364637033161e+00
7.017587382209623748e+00
7.623961444253090747e+00
8.678153398937269003e+00
1.090004403108762965e+01
9.056569856274393260e+00
1.094737538143619204e+01
1.121915899653240345e+01
1.128512205282194358e+01
1.142343911920376343e+01
1.243072008749064672e+01
1.167138102438070391e+01
1.308131737991112153e+01
1.398316186775329228e+01
1.425068035919810150e+01
1.446812581432641132e+01
1.695998373076710308e+01
1.519446365443527469e+01
1.735442147398935475e+01
1.768368769059129164e+01
1.650649556387939754e+01
1.735378621465283544e+01
1.807808683197533384e+01
2.039214593291413280e+01
2.037999537860858013e+01
2.010097240890386061e+01
1.917410878023876109e+01
2.146516150534721845e+01
2.215990047835218846e+01
2.250548637262463458e+01
2.177027681428560157e+01
2.303849089956663221e+01
2.410853065343049906e+01
2.408982417616736882e+01
2.513587990975794639e+01
2.352186174040792466e+01
2.483649765348227589e+01
2.424056997856766316e+01
2.589582993266134991e+01
2.631168367553070198e+01
2.835825915282146781e+01
2.910643328438681010e+01
2.831752948445814155e+01
3.038133575142991205e+01
2.950742004745672276e+01
2.905746501414686733e+01
3.214580363355276660e+01
3.008296731134432278e+01
2.995047749514335678e+01
3.254701415874185244e+01
3.251708918982976115e+01
3.260593034679455116e+01
3.266218355709192167e+01
3.310707873567833559e+01
3.535198398889401261e+01
3.474290668255071068e+01
3.662895206811933235e+01
3.554905058715403499e+01
3.572397200830718589e+01
3.451070482460814048e+01
3.939000863487362381e+01
3.748028883190175264e+01
3.785297227771102513e+01
3.956336916630888823e+01
4.133936695331304634e+01
3.965564378606414664e+01
3.953572708428588811e+01
4.063716562895290707e+01
4.232609823087620526e+01
4.218213082860825125e+01
4.275366979180309812e+01
3.994574564755500035e+01
4.348487663583583895e+01
4.358820941163280338e+01
4.401944025780921521e+01
4.618352637922980364e+01
4.497374364031142591e+01
4.679267112458474998e+01
4.642786915209705967e+01
4.617268175118719142e+01
4.923533184958175468e+01
4.875829869083396773e+01
4.704392335905816935e+01
4.674279325140945929e+01
5.065635502961497849e+01
4.962995735944026876e+01
5.005395795983750418e+01
5.001300634074306117e+01
5.300325423376574463e+01
