1.310158610093085541e+00
1.122533206981737530e+00
3.014849343398171566e+00
3.190336147771481556e+00
2.593157585183139435e+00
5.550243220809933931e+00
5.569118672740073883e+00
5.303893168709509887e+00
6.093285227898883605e+00
6.356679245612665952e+00
6.567892165119198822e+00
7.997822768744701882e+00
6.200808483820068773e+00
9.620304261190636197e+00
1.012243830991993754e+01
8.429636434574245385e+00
1.329171297258528739e+01
1.162507869351160039e+01
1.091054600788835316e+01
1.235076888976459131e+01
1.121091801486912232e+01
1.279972921833159027e+01
1.304924872235260125e+01
1.402208898104937163e+01
1.414101272632118977e+01
1.356639537854867328e+01
1.560950245301343209e+01
1.709945984234388305e+01
1.609336094796141481e+01
1.721879829446208277e+01
1.485113356205866175e+01
1.874923584552374578e+01
1.955727876397746456e+01
1.825663836263729323e+01
1.912463742046735504e+01
2.023501954243802103e+01
1.964224174326780670e+01
2.223571380189278202e+01
1.846798252067054946e+01
2.157856817478453237e+01
2.116190353910955579e+01
2.235948574689552970e+01
2.407976793800283843e+01
2.291964428378091156e+01
2.172858519259134624e+01
2.512395137340144657e+01
2.465648731682095018e+01
2.448418509810105803e+01
2.611018198904250198e+01
2.590420040399958879e+01
2.896368907586867181e+01
2.729884075912855579e+01
2.738052225125528238e+01
2.915435491054203965e+01
2.934099366400345588e+01
3.067757252396675227e+01
3.023215561965357523e+01
2.848757757679932112e+01
3.008620152488814270e+01
3.036750910063488362e+01
3.114860941977851638e+01
3.349123656466363741e+01
3.391229799410503176e+01
3.484121447694496965e+01
3.392180378256099260e+01
3.332019863100913426e+01
3.536176225410338958e+01
3.505313807421504180e+01
3.435520988625756189e+01
3.549152043531201883e+01
3.761758526326189411e+01
3.709893398037117151e+01
3.581185321620969830e+01
3.612537138290339556e+01
3.868137420565790308e+01
3.956246182736114037e+01
3.905654923437808890e+01
3.974056893801433432e+01
3.969314156890787615e+01
4.019376122037509447e+01
4.164485597065662148e+01
4.373105902127728228e+01
4.311661431623290497e+01
4.373611201234464829e+01
4.546438322123135833e+01
4.540215900611411115e+01
4.378312443774889573e+01
4.523055339900972172e+01
4.453576744441362933e+01
4.631603345657154591e+01
4.558311655520233074e+01
4.925244512552024645e+01
4.961212926789031030e+01
4.946129070419119245e+01
4.876259344290559739e+01
4.947332487644098364e+01
5.087645153070072013e+01
5.056508968450191333e+01
5.048691560671322520e+01
5.031677341932820013e+01
