3.192301500585112528e+00
2.487955580403069078e+00
3.175698620253495807e+00
4.597465679459955545e+00
5.094470122797313927e+00
3.485094336409531479e+00
4.701863238301407399e+00
5.487283703399850943e+00
6.165922015329036832e+00
6.496939675622329879e+00
6.721639333186757881e+00
6.615721763112601295e+00
7.368065884843002955e+00
9.033544384918966941e+00
8.921871661263805819e+00
1.078667070799270711e+01
1.098578896237674840e+01
1.088245554845584095e+01
1.114134255416685626e+01
1.020952420013365725e+01
1.231610069218381120e+01
1.196813585362262167e+01
1.270777757787177364e+01
1.287955683745343549e+01
1.216581271161151712e+01
1.427526804513797387e+01
1.427818942382720202e+01
1.667495043949829991e+01
1.572909601204151819e+01
1.739817547759231431e+01
1.666194876817082715e+01
1.697788153419921642e+01
1.817967730722381958e+01
1.670258732130235302e+01
1.843295478208318627e+01
1.988914371395803826e+01
1.970243806506321960e+01
2.100428873327112456e+01
2.094809862206104256e+01
1.984052216172747052e+01
2.060863166121158230e+01
2.229255632744633076e+01
2.234687356514914214e+01
2.398260648816075147e+01
2.546034513033528768e+01
2.383124593000026081e+01
2.622360219330582964e+01
2.542006117907447660e+01
2.555359599821515815e+01
2.714631175374105254e+01
2.771333377499293249e+01
2.758963803163738149e+01
2.634050542595709743e+01
2.775005521888145665e+01
2.909781419552061621e+01
2.686009718910711896e+01
2.918074202005172779e+01
3.084702255356663159e+01
3.037431047004986340e+01
3.123874392792905041e+01
3.184689140629085102e+01
3.210494649230503938e+01
3.321552754893055237e+01
3.372174323486136416e+01
3.452775129541072374e+01
3.560130460161573751e+01
3.541306029243129672e+01
3.505519024690666186e+01
3.588647905053151277e+01
3.667770541742410728e+01
3.794055150930397957e+01
4.050880854110653928e+01
3.844490724453626740e+01
4.010352585294435102e+01
3.755617576338753594e+01
4.214334563956629154e+01
3.962483888864669268e+01
3.975099101375702304e+01
4.047370662926269347e+01
4.032382773917701968e+01
4.060344213415353920e+01
4.188515132357124315e+01
4.325727752302245221e+01
4.229042185946457977e+01
4.463553925225403418e+01
4.508619137095062968e+01
4.381693256568664196e+01
4.623748137123916990e+01
4.559131708627360524e+01
4.731669016271196426e+01
4.705757779972295651e+01
4.825875443785685803e+01
4.686413901318217512e+01
4.853728247870578372e+01
4.833787236540544541e+01
4.854929937199373313e+01
5.088130632728374536e+01
5.129905571056811198e+01
5.192146003814853117e+01
4.971194572034591630e+01
