1.157569320575461358e+00
3.231851958288030513e+00
2.938033324817699299e+00
3.272398400378179861e+00
3.728267091379015685e+00
3.251680709395044389e+00
4.145690074869088804e+00
4.052190460842686193e+00
7.598654977180094861e+00
6.270556487179687721e+00
6.791375471216944071e+00
1.011444877306631263e+01
6.342295284896835028e+00
8.706206452407755592e+00
1.035007380312511671e+01
1.107771198331407270e+01
1.033417773554593211e+01
1.214988294630893506e+01
1.187114620333656134e+01
1.120169830430463342e+01
1.282403959509284164e+01
1.205454701621524016e+01
1.156814522701804471e+01
1.505960730170181705e+01
1.457374440386156955e+01
1.245572716971915028e+01
1.448942555452040359e+01
1.538089111559057720e+01
1.689289966048130864e+01
1.654019666196166227e+01
1.642784157523574251e+01
1.938057974998208266e+01
1.876666075302942360e+01
1.788616179863113587e+01
1.969422706186176342e+01
2.087484916412459768e+01
1.962474562122528710e+01
1.914110167155819653e+01
2.172139481708273223e+01
1.931876746674922884e+01
2.206890357637395894e+01
2.454137189659498830e+01
2.117037446788956601e+01
2.321975418763765120e+01
2.291160850516207859e+01
2.405317274822041540e+01
2.326705036616821687e+01
2.632190453692068388e+01
2.265648742236021462e+01
2.577114352548002785e+01
2.728264548685612922e+01
2.770356457845468157e+01
2.660028497429005157e+01
2.809520729236740877e+01
2.841743156123622782e+01
2.842832052579477775e+01
3.078185205855524131e+01
3.058515770552489599e+01
3.226975915672770157e+01
3.064732456778277481e+01
3.358780669766694160e+01
3.171287241174042038e+01
3.208124547538488258e+01
3.328795454715760371e+01
3.395834356758483352e+01
3.533738660944311505e+01
3.569210346784075938e+01
3.470771125422994885e+01
3.468837976121959343e+01
3.659473009362044138e+01
3.763382533866251833e+01
3.713605642382857042e+01
3.971879614042190099e+01
3.951683230057888352e+01
3.944902114270723814e+01
4.011945603140915040e+01
4.134874533165238830e+01
4.013159473917372821e+01
4.098899320953235303e+01
4.095664024514899637e+01
4.212108995404808098e+01
4.331823560953771590e+01
4.316047374657054547e+01
4.430024261665641916e+01
4.331254549040903612e+01
4.452813292741532081e+01
4.479711657738429409e+01
4.722304616935853261e+01
4.657220017534733358e+01
4.577269223546685595e+01
4.671726056858387466e+01
4.849505176417104479e+01
4.704176704428940781e+01
5.007738302288817067e+01
4.833022613688799396e+01
4.943115449898646574e+01
5.048117023402003412e+01
5.039000765724285458e+01
5.151209035572728823e+01
5.094355189280720708e+01
