1.948829619747071140e+00
1.962968484260311230e+00
4.051753865546945832e+00
1.652282299871931759e+00
6.436237736726001302e+00
5.532904456966240225e+00
4.817294499384670026e+00
4.878083426841544501e+00
4.672165691212053495e+00
4.760656783358515831e+00
5.768462027676482862e+00
6.638675486846668861e+00
8.348207236246745211e+00
8.064408799682487583e+00
8.469356696232152260e+00
9.121445422934817415e+00
1.022897629370819850e+01
1.074555182863516123e+01
1.049971902246994659e+01
1.224397605902330000e+01
1.127303092936943330e+01
1.234357324852211235e+01
1.373609702746308514e+01
1.388950558789288969e+01
1.377518624285438520e+01
1.463344323843690731e+01
1.537722931467398624e+01
1.663950700390679671e+01
1.777352266021793881e+01
1.587453770505409523e+01
1.559819303050561601e+01
1.705242801649456297e+01
1.734409627892890526e+01
1.783444114638128042e+01
1.962590762822131651e+01
1.952674432878174571e+01
2.039481405056041652e+01
2.142416032951668470e+01
2.016833572380840778e+01
2.131915505736177963e+01
2.000860031092570424e+01
2.252412245171262839e+01
2.398357927903709097e+01
2.339327539932965294e+01
2.585505223913724038e+01
2.466993628332420485e+01
2.627445562914418531e+01
2.520485125497804546e+01
2.562839776603346564e+01
2.672709874627910764e+01
2.728450797694619112e+01
2.982033018343586050e+01
2.613999320745116961e+01
3.086905081481617685e+01
2.968967220125126261e+01
2.980095328273820598e+01
2.970576927006625212e+01
3.050622484099821463e+01
3.124746614580015702e+01
3.342771278831131809e+01
3.295527048988665797e+01
3.054270239178423552e+01
3.447559467422264845e+01
3.364372110558635143e+01
3.427220177980853322e+01
3.388213816525136224e+01
3.520502164780744181e+01
3.436181391670972118e+01
3.518462096184914856e+01
3.660024794174427143e+01
3.727534464269999148e+01
3.578176662331364355e+01
3.882728734437790763e+01
3.933550498956329733e+01
3.972253506078929064e+01
3.960409731701222569e+01
3.654699684517790104e+01
4.239242623363723084e+01
3.891307497852515951e+01
4.324555920388399244e+01
4.359923255062383163e+01
4.319294660842249556e+01
4.213914015968024529e+01
4.273205863010423400e+01
4.169838285736814498e+01
4.638166692372096378e+01
4.512335918712382465e+01
4.388468589669704301e+01
4.562141174797272924e+01
4.583477521659054332e+01
4.711908925886878308e+01
4.922031717008042762e+01
4.652525592224080953e+01
4.964420399886199675e+01
4.967647747068134834e+01
5.013490204991986587e+01
5.131159206822952967e+01
4.991628091900314956e+01
5.023459204733489258e+01
5.185338869584856525e+01
