1.993071612320820307e-01
3.199355470351894937e+00
2.903435811800238131e+00
3.552416404792362759e+00
3.427772900494272079e+00
3.397772106783484070e+00
4.903626748668712843e+00
6.475285835814660551e+00
5.239757075137586817e+00
6.499321788150696833e+00
6.792408665922958555e+00
7.735841277348832534e+00
5.597891930730831689e+00
1.003696823028504959e+01
9.149386774704241887e+00
8.880421778042673964e+00
1.106731686338070375e+01
1.216223388534337069e+01
1.216632003258615491e+01
1.111689543298646576e+01
1.175023664611558516e+01
1.365260960747727381e+01
1.391964963506621622e+01
1.157900452382846090e+01
1.244749576935359947e+01
1.669525169198584180e+01
1.358703901095361211e+01
1.559137901682098892e+01
1.508863728832166906e+01
1.565459134668357244e+01
1.695501656156329773e+01
1.693239716294601038e+01
1.894806697245613947e+01
2.011486404603718725e+01
1.764279392896778376e+01
1.789546186473990730e+01
2.003118143779839855e+01
1.965841216700014371e+01
2.142107066631894696e+01
2.273386775681069238e+01
2.060061026565992037e+01
2.319734084991932122e+01
2.411506579272058559e+01
2.418734436152938372e+01
2.262431067318094691e+01
2.601710995531351145e+01
2.407506663205392528e+01
2.531709544657688227e+01
2.650199998039871119e+01
2.634800981012300980e+01
2.837051886158829461e+01
2.743946723765405338e+01
2.904593665601350594e+01
2.849262795551558369e+01
2.819855555640532074e+01
2.965022740181801097e+01
3.122563071230506893e+01
2.842953105004402303e+01
3.006166178018392898e+01
3.199349073746918037e+01
3.227371896551176178e+01
3.294733359722665256e+01
3.439879272848526881e+01
3.259235391002057014e+01
3.338909650206481672e+01
3.383993036021939105e+01
3.372174113221087310e+01
3.592769238964130096e+01
3.638468713995210635e+01
3.624045493066729051e+01
3.770756280692295803e+01
3.710246860464864227e+01
3.826279592220165426e+01
3.840469033930306608e+01
4.030677008195191746e+01
4.023138411729696884e+01
3.961473041968916675e+01
3.991629106857680398e+01
4.122292914853346701e+01
4.015059670811867676e+01
4.226414309674881764e+01
4.025000782327480664e+01
4.356061613853463399e+01
4.234598480125379893e+01
4.143534798291653942e+01
4.382789595871335564e+01
4.581947616257487965e+01
4.445590071329267801e+01
4.647242902681360732e+01
4.480010091198644773e+01
4.650575961491991706e+01
4.805691488451527960e+01
4.697587360017622160e+01
4.870418158696628552e+01
4.861770748169742973e+01
4.905307544362375438e+01
5.166038464854867129e+01
4.994083382605537480e+01
4.925793385706128191e+01
5.233569263621844669e+01
