1.416379559591815163e+00
3.011121361118675566e+00
3.463565977899510262e+00
4.655497689300987396e+00
3.175786307665711572e+00
5.714456762239828791e+00
6.146705525184360752e+00
5.632289580134373530e+00
4.888876695445139475e+00
8.596062993369436356e+00
7.267330531502251389e+00
6.843379831962014492e+00
8.580884743970720763e+00
9.169362919780958521e+00
8.168736495477789461e+00
8.873870288117673866e+00
9.294150742065088622e+00
9.323792842592910191e+00
1.006482750236731860e+01
9.934834939564982648e+00
1.172141746735212209e+01
1.157439320675602445e+01
1.159017660477347533e+01
1.550187444796379488e+01
1.442525606391814286e+01
1.423944804851961976e+01
1.541957796821104054e+01
1.570995773833448261e+01
1.563464713428477459e+01
1.553686035314650304e+01
1.724887905977281832e+01
1.782431211619554645e+01
1.765964089810336546e+01
1.741442420688166237e+01
1.836742136961869676e+01
1.951274254191595858e+01
1.983292160289437334e+01
1.990986661601401408e+01
2.239970371881682354e+01
2.214940793645460104e+01
2.151454883708986543e+01
2.318526723327498829e+01
2.211315922086086516e+01
2.380714171092482090e+01
2.317442160440480237e+01
2.423866458104634702e+01
2.417453672596137793e+01
2.450006797441362139e+01
2.670924821978223207e+01
2.737359581492500027e+01
2.732484297783923921e+01
2.783253472855673394e+01
2.792516534869434253e+01
2.922680569221852309e+01
2.826425086081242100e+01
2.778831046537897720e+01
2.973332901100404513e+01
3.020272398629854749e+01
2.957325148021118011e+01
3.323789371914465818e+01
3.111510367185691095e+01
3.401862692453313741e+01
3.443918402430564640e+01
3.391871209039224766e+01
3.243577928436653934e+01
3.510691797983648144e+01
3.659014867703078266e+01
3.662411947548507385e+01
3.597142549235885411e+01
3.757920434495274975e+01
3.713998188860943372e+01
3.886549114239051761e+01
3.664228680395658699e+01
3.908364323045912414e+01
3.847768342140440012e+01
3.985697267771704588e+01
4.004589641674143508e+01
4.000905257242725810e+01
4.211968716205193886e+01
4.107740078170175479e+01
4.110333340236856259e+01
4.206161026181050033e+01
4.254321303604939430e+01
4.410773667266609266e+01
4.529130210380156285e+01
4.478453275404107359e+01
4.465539664944632392e+01
4.688679540925551947e+01
4.824592779218457395e+01
4.708905633506272181e+01
4.848139883573041686e+01
4.680403353309518621e+01
4.682489166813382298e+01
4.886208804141689654e+01
4.989188963396185272e+01
4.963843877359710888e+01
5.146320885908703957e+01
5.186693961726534496e+01
4.991200555877525602e+01
5.024547398005367427e+01
