1.543057676313028814e-01
2.348489418378237215e+00
2.429241485797464684e+00
3.487637393634835270e+00
1.419142344727823968e+00
4.182269397127767796e+00
5.363208221269879061e+00
6.146416684556076149e+00
5.225629503028107692e+00
7.864936170462093479e+00
6.754289935617411089e+00
7.136508185116322345e+00
8.172147356158358633e+00
9.001377034112675091e+00
9.993860712912354671e+00
9.085263328657946502e+00
8.479446269583682749e+00
8.856710011526933712e+00
9.970493248388807572e+00
1.111679125132723200e+01
1.195868241827427170e+01
1.309733535144281191e+01
1.384201463658049214e+01
1.452617234828900905e+01
1.405848975031882020e+01
1.391419018583444789e+01
1.391125902587200791e+01
1.570064763154741172e+01
1.631412492176391638e+01
1.576743941672043192e+01
1.648056207239786630e+01
1.683233528708577609e+01
2.046542786148755511e+01
1.778884714347478280e+01
2.077154707687569157e+01
1.883446768042714226e+01
1.802889578853965347e+01
2.174895151713704422e+01
2.060155988409799832e+01
2.049678637535523151e+01
2.147738969269324727e+01
2.115534139155198190e+01
2.281347131507742887e+01
2.347657929492475049e+01
2.441767709605564463e+01
2.402290907295570577e+01
2.477093453121488764e+01
2.616272542382803223e+01
2.471385131125689227e+01
2.708614151168094253e+01
2.575415730906925305e+01
2.736538513312533993e+01
2.693846325111117324e+01
2.844646762052270716e+01
2.946094621275612724e+01
2.833159748393593347e+01
3.039282830188299300e+01
3.142674774630920709e+01
3.088010978519773886e+01
3.239315450416749798e+01
3.242763623895293534e+01
3.235655459093230490e+01
3.218103007683490091e+01
3.368654043001294696e+01
3.386746622962404274e+01
3.528441172410227722e+01
3.378354973259808247e+01
3.326390920251701289e+01
3.627528349896360993e+01
3.494625862930894300e+01
3.849992495568935880e+01
3.753958683550950326e+01
3.795339119640533454e+01
3.934370267707549829e+01
3.732548965327302426e+01
3.983654105591203631e+01
3.841379039093209968e+01
4.036712009133808010e+01
4.129751011643889314e+01
4.299974784102693093e+01
4.173617123258427597e+01
4.202536720119947233e+01
4.256003194692636526e+01
4.320914122713917749e+01
4.265702261379760785e+01
4.275771826465447134e+01
4.530388121780859478e+01
4.751453985027609406e+01
4.618876716801759130e+01
4.759046477775073924e+01
4.658538161912237996e+01
4.817383083795652254e+01
4.752392577055322676e+01
4.692114167314103668e+01
4.783269390881152816e+01
4.885530294187433498e+01
4.915511974695489528e+01
5.031371331235204991e+01
4.991234657317787793e+01
5.089885930615579213e+01
