1.388713700987096900e+00
3.021246382107926731e+00
3.393954059670464929e+00
3.442562745045958827e+00
3.358651937617535221e+00
6.246670314605044183e+00
5.912570463056586512e+00
4.953779331663272778e+00
6.781219028202740695e+00
7.003423198513618608e+00
7.077748737199139661e+00
5.936824511225260004e+00
9.998820162382196841e+00
8.890117963020850667e+00
7.859073972278696196e+00
1.094733122230796063e+01
1.180833279841033345e+01
1.021052450199430695e+01
1.204376199229363564e+01
1.024338729189297581e+01
1.174231711947767565e+01
1.207788953453664149e+01
1.279011218160305141e+01
1.410377626446210719e+01
1.428949273012289112e+01
1.489917719905134597e+01
1.801139826559612089e+01
1.468024546000493480e+01
1.571533620715856117e+01
1.679602902151014376e+01
1.698312113515435939e+01
1.733444526225148152e+01
1.591341156439963100e+01
1.909764894104065647e+01
1.840951854847994085e+01
1.885658865067128787e+01
1.895205323957095445e+01
2.054016659402752865e+01
2.121637265040074638e+01
2.055003472660778385e+01
2.231688019897292108e+01
2.374816539680837479e+01
2.305801448737473436e+01
2.428355612650901563e+01
2.465782995429283986e+01
2.599475895958035920e+01
2.518811610768190334e+01
2.484945580758113692e+01
2.506320586430809527e+01
2.704174616967179645e+01
2.743375278723762989e+01
2.863266925842886934e+01
2.898402566594773688e+01
2.940992016626289640e+01
2.844236397344041478e+01
3.071057835770869815e+01
2.858923631885070904e+01
3.036477418314201415e+01
3.051407798044660424e+01
3.368381496379868878e+01
3.210880314862833984e+01
3.275369739687212700e+01
3.189306362429441322e+01
3.516341404198822573e+01
3.477749261077379117e+01
3.321442941342499466e+01
3.516518123109626970e+01
3.576501095615186188e+01
3.516500883355478635e+01
3.748119637262146142e+01
3.720739404994302646e+01
3.675303660168991371e+01
3.804467127055573172e+01
3.707117714908097383e+01
3.974514637108690351e+01
4.106335063083803760e+01
3.947256108636570104e+01
3.914536412355646178e+01
3.998053636005448652e+01
4.224351924239182665e+01
4.147379837451645557e+01
4.324028225436281048e+01
4.399425712368142882e+01
4.556781714577295617e+01
4.353169081579358135e+01
4.308985354718664240e+01
4.242225696845502370e+01
4.550046177907744038e+01
4.610756904628276942e+01
4.799595796921769164e+01
5.015156377689043410e+01
4.679388924164874908e+01
4.781872710906971236e+01
4.780842817946589918e+01
4.850950803870417616e+01
4.822115960077590557e+01
4.984436541505364460e+01
5.140850719682808290e+01
5.135891557831559595e+01
5.038628150304838726e+01
