1.823104089816114826e+00
1.887368185261038889e+00
2.829158355271911063e+00
4.026251345467741771e+00
3.226489977794550157e+00
5.824244703460397687e+00
4.144843561653731356e+00
6.334220681206246262e+00
6.407497471858187410e+00
5.881118116314805633e+00
7.968171088794189671e+00
1.000475116660981811e+01
7.076482993401562283e+00
1.024107934399712683e+01
1.004831614557980757e+01
8.954440582778737223e+00
1.085333309304060379e+01
1.142207248396722008e+01
8.522381156463275431e+00
1.120527499313653763e+01
1.019592009254325582e+01
1.391725575651931557e+01
1.209835898359540884e+01
1.267862263599003825e+01
1.242899529995747976e+01
1.320461772859818161e+01
1.492768110028949913e+01
1.609562223637501788e+01
1.727649862019373472e+01
1.428433101715766718e+01
1.573122029026102453e+01
1.680872411593645666e+01
1.911996883731416830e+01
1.768994052280412177e+01
1.810436929796164307e+01
1.822406318787740176e+01
2.011901621443007926e+01
2.090627573267384420e+01
2.238758773294179960e+01
2.240113357610821510e+01
2.145075812394886583e+01
2.122253987130955721e+01
2.333342441486903240e+01
2.313899380196162170e+01
2.429807935924597118e+01
2.486656127590587317e+01
2.356184088387612974e+01
2.519930563090363052e+01
2.535819114457115120e+01
2.658472125174398926e+01
2.557995044566825982e+01
2.602139644098750892e+01
2.839697841984270710e+01
2.822822183085327552e+01
2.935450686109546581e+01
2.797090763842016159e+01
3.025622718051649329e+01
2.946692545215803705e+01
3.013874987009357653e+01
3.165568122994102396e+01
3.246234399494802858e+01
3.182583696492516978e+01
3.280574314154466720e+01
3.251781956073006086e+01
3.353453070161469896e+01
3.364930998473192858e+01
3.436265232722124807e+01
3.629394547359220979e+01
3.532197475496482753e+01
3.603012971700730560e+01
3.690768323136948936e+01
3.751963416561593334e+01
3.753369215521828295e+01
4.025982016308948630e+01
3.798726757485505345e+01
4.039453115811397055e+01
4.121612477373794547e+01
4.027841727055574950e+01
4.030474725286889992e+01
3.983723356328053455e+01
3.947733257082555980e+01
4.376336659222947389e+01
4.485407497078503525e+01
4.350025173265940737e+01
4.518491620711692747e+01
4.376356308545073404e+01
4.522562761114844676e+01
4.519240463092909721e+01
4.583639343227631002e+01
4.791687572128592620e+01
4.653739508774592792e+01
4.885899882587760601e+01
4.943191958404574393e+01
4.828469961444920244e+01
4.818486890536394895e+01
5.063871972639320518e+01
4.916406150165180833e+01
5.125980975286434216e+01
5.115982121519287773e+01
5.102583611622987547e+01
