1.082610172444430141e+00
3.730231113690534173e+00
2.819174463069163750e+00
5.115570223561116237e+00
4.945521799276014541e+00
6.103282431580591805e+00
5.934775340912381125e+00
4.204571203875032914e+00
6.237070622123434660e+00
5.850207044185571803e+00
7.461266252653342868e+00
8.852186447649911472e+00
7.519091355582318670e+00
7.161423005181730694e+00
9.191509346515427836e+00
1.042643348260512681e+01
1.121520827810192245e+01
9.483549100190105108e+00
9.494645479225944484e+00
1.045133332959625605e+01
1.344601402750102181e+01
1.140240604098112520e+01
1.052357269917343707e+01
1.566641674850302834e+01
1.495529211587767016e+01
1.328045771977291878e+01
1.560606474784609432e+01
1.514204711010719961e+01
1.628913644356958912e+01
1.563761527389949890e+01
1.632137796874119573e+01
1.703489415029530818e+01
1.644769787378374204e+01
1.904986292159695083e+01
1.728937599852503126e+01
1.973201665740916866e+01
2.011588622106932078e+01
2.024991878523513833e+01
1.984444865128291724e+01
2.099953071306334351e+01
2.089780225851799500e+01
2.257785671403985361e+01
2.304872181908181972e+01
2.395987883662241913e+01
2.343127069248193806e+01
2.251761653970709531e+01
2.565207995295008203e+01
2.637807710202516276e+01
2.527278443859207258e+01
2.588917420977302086e+01
2.613959370160731410e+01
2.916737791183770057e+01
2.878642871216611354e+01
2.817965803469389385e+01
2.956537509784318374e+01
2.752425820393910172e+01
2.958996205486248599e+01
3.115980677466217585e+01
3.139558012853896329e+01
3.145326271593032530e+01
3.251834586626029022e+01
3.249924479168743119e+01
3.448392904780833845e+01
3.101868020684693050e+01
3.336347633533511470e+01
3.405126359677648651e+01
3.495987176764845117e+01
3.680788314128515282e+01
3.624935533573887625e+01
3.712409441534008181e+01
3.664287196383970979e+01
3.621109293436835230e+01
3.821917532703855613e+01
3.675752130054465994e+01
4.008002397565172004e+01
3.947280295585908050e+01
4.010355851888068912e+01
4.139506319859791716e+01
4.051685917434114970e+01
4.186701052568912473e+01
4.200488382281622535e+01
4.264249714842435424e+01
4.345179383048796495e+01
4.248665922072022028e+01
4.242097897543504104e+01
4.394173115934551532e+01
4.728380297777890462e+01
4.468470045009764391e+01
4.432908085896461614e+01
4.552163506490207823e+01
4.780383458468325841e+01
4.691513702954603104e+01
4.925960235759816186e+01
4.898484205046621298e+01
4.961554915308303748e+01
5.076369919293630772e+01
4.904812632172318132e+01
4.914838120384279563e+01
5.071780975212889331e+01
5.135481886747656688e+01
