1.667657515231992349e+00
1.785802114595287149e+00
2.748946913867188702e+00
4.285295215925982504e+00
4.744331871598912898e+00
2.194061254509533043e+00
4.875441763187424726e+00
4.802956383247931171e+00
5.993228553973295902e+00
5.017510248929642813e+00
6.725702596358722474e+00
7.669369506259145375e+00
6.650838487280167577e+00
9.105078438968238430e+00
7.803527922591968036e+00
9.192803814235478654e+00
9.852150342782463710e+00
9.604652367832178683e+00
1.153432328338081980e+01
1.269814975991417327e+01
1.248735019528696277e+01
1.256162153884162969e+01
1.531054289631342868e+01
1.533074432916456153e+01
1.288375605705594573e+01
1.591759908069358254e+01
1.528594417810297834e+01
1.362408762398105111e+01
1.569311214299490054e+01
1.676655621273258490e+01
1.803545262678623828e+01
1.772123099069061425e+01
1.731621771502599216e+01
2.027469886036620039e+01
1.945503818598758983e+01
1.913065859198670537e+01
1.949021815854159101e+01
1.873685755638629047e+01
1.939783027483229105e+01
2.100621022521708170e+01
1.968219053405483621e+01
2.324781343331880734e+01
2.212774279481785200e+01
2.321671666264916212e+01
2.305887499357310588e+01
2.519000343920641782e+01
2.584118647014029690e+01
2.409607649596163270e+01
2.639152390887471000e+01
2.474835020128178797e+01
2.855567411420167900e+01
2.871664062340401458e+01
2.676597038134341133e+01
2.713228732008693811e+01
2.946091336978691899e+01
2.863791998135616268e+01
2.971078779657590374e+01
3.049578733429666499e+01
2.963585596052335447e+01
3.101910883737608415e+01
3.176366001868147393e+01
3.124283446614597892e+01
3.127526084775069037e+01
3.203754828179788916e+01
3.508015283394436068e+01
3.450574229231706624e+01
3.397802613509978897e+01
3.680907701986061653e+01
3.610875420630107158e+01
3.658290549860962670e+01
3.724898086486229687e+01
3.860537811688624998e+01
3.878300426599979289e+01
3.802051842352777555e+01
3.964774013087988180e+01
3.961275683148283377e+01
3.900672224684798550e+01
3.886668622026731157e+01
4.062076248920782007e+01
4.098158769737906937e+01
4.080085503458416696e+01
4.310296909260408427e+01
4.354184323394490264e+01
4.398300687292771727e+01
4.394421917397345823e+01
4.580958106699442567e+01
4.499677665186789000e+01
4.436739955360170740e+01
4.436494785572863719e+01
4.616860793323851198e+01
4.554950341513001888e+01
4.772821590153697002e+01
4.713388207538619668e+01
4.754860016777215748e+01
4.754992474179172035e+01
4.923222115589785375e+01
4.964838284525382761e+01
4.849619422162555082e+01
5.016260829147818612e+01
5.261399720719715845e+01
