1.172141614984962610e+00
1.404076318799958090e+00
3.405121446866058221e+00
4.416763064705516939e+00
4.828032051291838656e+00
6.450047468001550932e+00
6.058697093128697198e+00
4.329148014758519736e+00
6.875286708679226422e+00
5.137023111124639385e+00
7.657008217874103906e+00
6.930631598396495008e+00
9.170027990202147095e+00
7.108455191988687361e+00
8.123108830897905364e+00
8.198141777405350439e+00
1.183028640385140484e+01
1.159552785704979883e+01
1.146613886922991021e+01
1.085455010833843481e+01
1.182139619787938045e+01
1.070683486577186194e+01
1.111012357527834915e+01
1.261046067983598817e+01
1.431075842110579721e+01
1.334752508005371219e+01
1.584924568305044978e+01
1.582152393936876500e+01
1.575976316393309595e+01
1.672594686518620932e+01
1.678354389412064762e+01
1.735430850736019792e+01
1.646824125358395463e+01
1.940162507579723439e+01
1.949045846452214548e+01
1.880435435260876176e+01
2.020959619396967710e+01
2.017831639981315206e+01
2.133405925967525363e+01
2.088688924855384244e+01
2.167836039565913708e+01
2.228587464486670200e+01
2.266392039817748838e+01
2.482733794142597006e+01
2.428668338027481610e+01
2.618104528676906284e+01
2.603883100354557101e+01
2.790369673096446945e+01
2.525311733414347515e+01
2.699754352151760628e+01
2.515539850534393906e+01
2.748474418485953663e+01
2.730546704065375963e+01
2.889075264566479362e+01
2.674049468137539520e+01
2.824598291755085455e+01
2.930341665788512984e+01
3.093804100056269846e+01
3.071755593608143542e+01
3.241284705188891024e+01
3.391815799712157542e+01
3.340450521504372006e+01
3.155832881692542458e+01
3.355930928686176173e+01
3.295003853687015294e+01
3.343826210830342660e+01
3.370371909360351736e+01
3.655396636037051650e+01
3.713516770327734662e+01
3.785124629576079514e+01
3.607872811407431612e+01
3.879043366291032413e+01
3.863288598688330211e+01
3.843878339679299216e+01
3.993498256693450799e+01
3.978517285369923684e+01
3.946819528387852216e+01
4.057130400523639224e+01
4.222706403146337806e+01
4.095082309766227979e+01
4.357877251444715228e+01
4.302322396032675300e+01
4.275524165199738036e+01
4.389689765876664751e+01
4.386224675664628592e+01
4.481017657170182389e+01
4.471168864517398589e+01
4.665180288181709756e+01
4.591730956685785259e+01
4.759788043972292826e+01
4.627920734137799030e+01
4.742673488573394991e+01
4.777416072731080732e+01
4.895596093417389483e+01
4.982579087917319072e+01
4.863117867816405493e+01
5.129941274260162487e+01
5.148415222333438379e+01
5.112530613866524476e+01
5.008761736025169853e+01
