2.583075251507874981e+00
2.830081746791562658e+00
2.948266650643433628e+00
4.831641383899862419e+00
4.200262584928001530e+00
5.876810055218739670e+00
5.376967960146764369e+00
5.005540156043701394e+00
6.387120629550247841e+00
7.657851150175037702e+00
5.990740661929438993e+00
6.261952675250057609e+00
8.952502917863249365e+00
7.932444050420442316e+00
1.030999418580534410e+01
1.017278971158428469e+01
9.018178331884165289e+00
1.110577759157831501e+01
1.293586698571321314e+01
1.213802610167289764e+01
1.063235947466348641e+01
1.277602431396443272e+01
1.368731519632991400e+01
1.310587916542242048e+01
1.550411447977415058e+01
1.493109887146389880e+01
1.450511033433861918e+01
1.360998241351810201e+01
1.470070310184287443e+01
1.608982333184414060e+01
1.653397307199022848e+01
1.637780499544660984e+01
1.912651779851768907e+01
1.729187459611309308e+01
1.922688504521051200e+01
1.847265006181689273e+01
1.969858368501499868e+01
1.830234049349675374e+01
2.244050680599768199e+01
2.071551137677406373e+01
2.290236347818038709e+01
2.459703404530581139e+01
2.262963459576897307e+01
2.341057679463803254e+01
2.419420302607457884e+01
2.518485664861865914e+01
2.440316384673160854e+01
2.662816313321679829e+01
2.621784316233696188e+01
2.728839649139148449e+01
2.855815873742840694e+01
2.649022145728016753e+01
3.035177069060239674e+01
2.968363306125774059e+01
2.826101102397721121e+01
2.913456844090536180e+01
3.088233034410860967e+01
3.020343349685104783e+01
3.152689032132044744e+01
3.143023922114469570e+01
3.109556990711308089e+01
3.234311558681962140e+01
3.117965032364152833e+01
3.123624493796716450e+01
3.214984372188235540e+01
3.353590807393688067e+01
3.439505005151515604e+01
3.513656100229388102e+01
3.674374288432913715e+01
3.599125023786852040e+01
3.734431826638365948e+01
3.735899084146657145e+01
3.898157790889008112e+01
4.021394284179849876e+01
4.068268026117421243e+01
4.092062288692952876e+01
4.148827940480273924e+01
4.012423792295535918e+01
4.006076501532502476e+01
4.094429800671589703e+01
4.178137339153872176e+01
4.264358826186074936e+01
4.093199686991028585e+01
4.295592044544629573e+01
4.523554616477979806e+01
4.484940108404956760e+01
4.330662912605607318e+01
4.413874767921960540e+01
4.599738239852150201e+01
4.715811538804813807e+01
4.647735580446942549e+01
4.714511027383333186e+01
4.606419782002726748e+01
4.776463226716152377e+01
4.735559569035179805e+01
4.887408165158423401e+01
5.083435151568870225e+01
5.129910795493534437e+01
5.168860006731143386e+01
5.225675508666542157e+01
