3.936169212130038453e+00
2.609832742997635791e+00
2.969129978041479490e+00
3.683982549368596260e+00
4.245267102986566954e+00
5.207257474355968085e+00
6.189355322286982819e+00
7.251491002368000593e+00
5.619579154979756908e+00
6.672968006043893396e+00
7.845233384297489287e+00
5.627638662710443995e+00
7.562807445600388867e+00
1.062360377096332620e+01
7.298010898972036031e+00
9.818119113961738975e+00
1.113120858696463600e+01
8.732502680417777441e+00
9.897917562696520122e+00
1.129504202466507046e+01
1.253886890578309199e+01
1.331256635874087735e+01
1.181414180097898559e+01
1.369670382225063676e+01
1.294420312389030947e+01
1.504856440543897556e+01
1.401313178119874792e+01
1.483727334385252128e+01
1.581271057716748807e+01
1.751863028598813798e+01
1.556254008467513472e+01
1.746644998873448884e+01
1.716413903019872222e+01
1.704671888974063165e+01
1.879374226097059619e+01
1.941817773022763305e+01
2.107769862039494058e+01
1.905332555054605592e+01
2.161922289871480274e+01
2.082290161961135411e+01
2.153070594530385762e+01
2.439188789734024354e+01
2.245259266935823561e+01
2.387176833982831425e+01
2.427706700184051058e+01
2.415018739725948649e+01
2.502520246482566435e+01
2.491540047351093889e+01
2.541331309798599136e+01
2.603324538890466400e+01
2.787571226619161990e+01
2.918001623353537965e+01
2.843218342255050857e+01
2.756435443826221743e+01
2.797585583488681849e+01
2.934662573222887971e+01
3.092739666621899275e+01
2.874781240770863988e+01
3.120993215546237565e+01
3.331384984166992780e+01
3.054278216057227269e+01
3.278717025410917074e+01
3.251769521623239001e+01
3.214025315154300699e+01
3.228147947337230761e+01
3.407536300018753650e+01
3.615202887526135811e+01
3.353245127491810251e+01
3.691598778967263428e+01
3.719894496651790661e+01
3.640213156851526577e+01
3.532068229214567623e+01
3.741780407924017027e+01
3.845702126066113635e+01
3.944474463735628689e+01
4.003698345333313569e+01
4.043260064958511890e+01
4.108021125329402423e+01
4.065675320237252777e+01
4.116162621606869720e+01
4.136258264728431300e+01
4.361183712384311661e+01
4.350359762290477761e+01
4.217846905347672504e+01
4.314200373789903153e+01
4.280370822511314799e+01
4.599856043447536535e+01
4.650844073721286520e+01
4.538739648466115284e+01
4.544978765048953306e+01
4.928309246161535384e+01
4.609355183039298254e+01
4.743768853228456095e+01
4.701930757820439766e+01
4.724084015997567576e+01
4.902437576411323050e+01
5.089140479568784059e+01
5.079199031532242969e+01
5.143512442025023290e+01
5.138724893063970001e+01
