1.624151234696024293e+00
2.210018215649757867e+00
3.980637523733892902e+00
4.080871987890828834e+00
6.286366761738538145e+00
6.565946308958937827e+00
6.480893863726191917e+00
5.348188056543145663e+00
6.366586227610292248e+00
7.591017769992904007e+00
7.268835846516686239e+00
8.700325450931087445e+00
8.606585120560563240e+00
8.731585771567912602e+00
9.306503941533257773e+00
8.988801607251879489e+00
8.527702961371145918e+00
9.332270700174094102e+00
9.776579340022545139e+00
1.152079338854609958e+01
1.117597561445482945e+01
1.328438518299151561e+01
1.299965315836342405e+01
1.195482824499423380e+01
1.478571470639250052e+01
1.555861957457579869e+01
1.517176406452699311e+01
1.592445938823464680e+01
1.452583054755552006e+01
1.722992863890798176e+01
1.618082517277117205e+01
1.745316687297653502e+01
1.822446302225446857e+01
2.062579143469495335e+01
1.879418569131141936e+01
1.848046295628088131e+01
1.978176652173704042e+01
2.074144564025395709e+01
2.267240898469286847e+01
2.144505694886422731e+01
2.268896039729507663e+01
2.185414620937286401e+01
2.280410565773046017e+01
2.457854708226846441e+01
2.301290564821043105e+01
2.472938914464451088e+01
2.282775850473555224e+01
2.571698701453052038e+01
2.659556404783409178e+01
2.577374295280017336e+01
2.504430816781473013e+01
2.831704745437408377e+01
2.881304093183822701e+01
2.787306852386348410e+01
2.745993358413189966e+01
2.991781218319630042e+01
2.966018612325772708e+01
3.040755134551490002e+01
3.140644227847093006e+01
3.078678268725490241e+01
3.288277580520168897e+01
3.251280108430335503e+01
3.351867198534978343e+01
3.604208863318845601e+01
3.361619801279430675e+01
3.483084686947275799e+01
3.429661862241819392e+01
3.574910973758889554e+01
3.675469219427280620e+01
3.538491414732285278e+01
3.573053072352224291e+01
3.787729776432754392e+01
3.948164116958518832e+01
3.851685367536550331e+01
4.077410810882737735e+01
3.961637922925475408e+01
4.067232540815790287e+01
3.870621005303078732e+01
4.089505486729852635e+01
4.246079986050622779e+01
4.161228739721680370e+01
4.282456926609961556e+01
4.346866242334294839e+01
4.427058208802923644e+01
4.320073457813288087e+01
4.388326888233214618e+01
4.479086574155896727e+01
4.344437101647970678e+01
4.591683263700058859e+01
4.565656709192911222e+01
4.612983696607701489e+01
4.604869544645184476e+01
4.758133463203467528e+01
4.920970015612882520e+01
4.843744101121267676e+01
4.926519283552351425e+01
5.000712717760580972e+01
5.109064898222347750e+01
5.173980053901246379e+01
5.106489780771790521e+01
