1.232786458595802825e+00
1.257848778238318976e+00
3.266529110231366051e+00
2.493987478439588568e+00
4.914037716460681438e+00
3.662877043423113044e+00
4.314192242296179813e+00
6.422774716278363272e+00
5.954333847630509879e+00
4.830622708325387649e+00
6.963447395265942141e+00
9.427422581831216064e+00
7.948976137988009505e+00
9.026339735049621282e+00
7.123425625167263853e+00
1.134312558148077521e+01
1.150120334146643941e+01
1.090768662007000067e+01
1.031996991512093587e+01
1.279530863641950056e+01
1.030260840382641696e+01
1.243560867066407383e+01
1.347062205191469175e+01
1.434529845837249518e+01
1.512664333765093616e+01
1.418904990259667542e+01
1.294808434256751539e+01
1.569359703191281952e+01
1.687399739216121120e+01
1.583077138179440801e+01
1.803104022013223329e+01
1.548381628662294318e+01
1.742579527296003050e+01
1.954699170381982398e+01
2.072686827668000831e+01
2.144788063259494137e+01
2.038970951721553249e+01
2.109163525327089417e+01
2.062387825251552087e+01
2.186833778010100104e+01
2.307953244893923284e+01
2.250245577216797344e+01
2.293331231243186608e+01
2.459714978348438663e+01
2.530495457781626456e+01
2.450328635267673150e+01
2.489442282106853455e+01
2.518356315181685190e+01
2.574061844055559689e+01
2.711514737758935567e+01
2.657520836909095863e+01
2.629219338003793283e+01
2.676856331065591021e+01
2.795746704666550997e+01
2.817361306696026446e+01
2.815649510156034907e+01
2.949006293379750687e+01
2.967311223697099365e+01
3.085364134974925676e+01
3.179318967394439355e+01
3.182256440755418581e+01
3.174425694736703107e+01
3.169753587716403231e+01
3.480158756397205622e+01
3.469017908546363316e+01
3.430195114191431571e+01
3.317531684739222442e+01
3.583420924315299061e+01
3.807039901234137602e+01
3.649634979898018372e+01
3.602902396700263665e+01
3.722261835053518553e+01
3.796160843071121604e+01
3.768891867652239114e+01
3.903282563937030858e+01
4.103113135723198468e+01
3.998406830777548038e+01
4.038846137999605901e+01
3.888969872866287147e+01
4.019228630578636796e+01
4.228952336055169781e+01
4.308748681925369084e+01
4.389901488357433834e+01
4.413566957615820030e+01
4.466314510930078541e+01
4.548804433769445410e+01
4.478464842358336995e+01
4.579254562474419998e+01
4.452569958238822778e+01
4.743275010370005873e+01
4.865427789971383277e+01
4.565444200794384955e+01
4.772551193775920808e+01
4.791768216417150228e+01
4.950425483793897286e+01
4.935822553881477148e+01
4.915802481807423163e+01
5.087888609326871858e+01
5.055849662930652499e+01
4.984887309898429919e+01
