-1.271915942706254299e-01
2.441241265464053178e+00
1.159256011390119578e+00
4.223828158402403332e+00
1.755255993481471766e+00
3.629280045968242607e+00
5.632232161385528180e+00
5.162588141994000068e+00
6.190138180609148222e+00
6.162081656358365578e+00
5.487302827788528958e+00
6.468190832528657452e+00
6.683120640003705759e+00
5.839158929743918591e+00
8.019797061384357661e+00
1.072600732553115321e+01
1.044231418860706562e+01
1.019719940180247519e+01
1.161025774796081222e+01
1.217734694028534470e+01
1.222548908485677899e+01
1.238621050460663753e+01
1.374021216800062639e+01
1.284320631030727711e+01
1.227613197103003984e+01
1.564239374532659888e+01
1.448529409105942278e+01
1.424703431102061302e+01
1.635570491280390826e+01
1.632244700190928555e+01
1.777206609679763716e+01
2.000518049526861120e+01
1.999627974099482941e+01
1.892402606075754434e+01
1.780604074794960212e+01
1.870983347189991264e+01
1.967249697761477378e+01
2.060193496510972722e+01
2.058537159328825084e+01
2.097993774094980779e+01
2.298109367145123372e+01
2.142256799559797997e+01
2.145143387547014058e+01
2.365924236070997111e+01
2.484066564998462567e+01
2.460234837995971091e+01
2.510633607040398729e+01
2.598014961850759974e+01
2.641709550321615652e+01
2.665949408320656033e+01
2.577523575788061194e+01
2.734636939784285659e+01
2.747552736950660091e+01
2.770423281379271785e+01
2.898394639292147446e+01
2.861508759431101012e+01
2.970272387124111901e+01
2.903572592012025311e+01
3.317464710480295764e+01
3.006911490277644461e+01
3.262869745262930365e+01
3.405792674908218487e+01
3.286265566902341106e+01
3.217123413676401356e+01
3.500268651368460127e+01
3.500442297205010078e+01
3.347989299428317622e+01
3.596124106681614307e+01
3.755005952848777895e+01
3.580762736797936441e+01
3.822271169585388151e+01
3.624269228752780236e+01
3.712806959194322332e+01
3.870904124788992817e+01
3.777290293296969281e+01
3.999896104513869943e+01
4.013507832930387309e+01
4.093162008399139040e+01
4.102608722198133506e+01
4.072009694487613984e+01
4.245174641983089003e+01
4.264204480410434428e+01
4.293817936026302107e+01
4.370060862358054976e+01
4.226621653501629083e+01
4.547658273269356499e+01
4.701499558542336388e+01
4.636900598407028440e+01
4.476466905269506213e+01
4.724502135077320730e+01
4.778547280414249343e+01
4.801646902902210456e+01
4.775919343599372269e+01
4.739806673271760928e+01
4.792267656382027496e+01
5.103229143206408480e+01
4.961726854404583520e+01
5.086795659306763184e+01
5.188300190979281012e+01
5.190626305376711969e+01
