1.263077323475874980e+00
1.784732884226078120e+00
4.067957863197745993e+00
5.855777153369454702e+00
4.001776944051623097e+00
4.245339398266344766e+00
5.415677142684767631e+00
6.711666789802576361e+00
6.064422614549162205e+00
7.222726428202381754e+00
6.263748158816690115e+00
6.588079553146368283e+00
9.378381902976952844e+00
8.903846322875857311e+00
8.894905946916404460e+00
1.001987079273013492e+01
1.090194916915653955e+01
1.118657507501973924e+01
9.439024052377838814e+00
1.136653200150587573e+01
1.365521738862444856e+01
1.329683362552068715e+01
1.162211751165046358e+01
1.543969454738217273e+01
1.384973531283778669e+01
1.458200902704506774e+01
1.516774153437618011e+01
1.463952662257377035e+01
1.650755689179732855e+01
1.731409338742500736e+01
1.702754764790676134e+01
1.697458303291995563e+01
1.847479190047911857e+01
1.766408135829832204e+01
1.856328453364280762e+01
1.939962780133746989e+01
1.953665703498074535e+01
2.053232262483106751e+01
2.044899817164339240e+01
2.152534384652305022e+01
2.229283817140968793e+01
2.342545030775827897e+01
2.395168060575546676e+01
2.200201824766076086e+01
2.302287527954422330e+01
2.440715692659192726e+01
2.584300421575133200e+01
2.400883415899328810e+01
2.624024403462813382e+01
2.622620193425957780e+01
2.818769466901062515e+01
2.711809979424760542e+01
2.850605906029488068e+01
2.651958730626756733e+01
2.890624768344365592e+01
2.789980732284405818e+01
2.905027566908470860e+01
3.070603895971669317e+01
3.186053788467715009e+01
3.038312500929725246e+01
3.436395501178823508e+01
3.253266987442295743e+01
3.261615852604683141e+01
3.330129582648672226e+01
3.511346086660307719e+01
3.569045678649350606e+01
3.540085365452493704e+01
3.594317385846103008e+01
3.703416697388887968e+01
3.707469422081804566e+01
3.715559927101655546e+01
3.699753079623967977e+01
3.788461763783132596e+01
3.704954324856360159e+01
3.911221724705107761e+01
3.979415171170052901e+01
4.099257323768715366e+01
4.013166065388983839e+01
3.985456366059355560e+01
4.176019702496090247e+01
4.170137964189955682e+01
4.356117651004986158e+01
4.323965349985537188e+01
4.297914557739077424e+01
4.291877005901778830e+01
4.281594287590711190e+01
4.447273312356887942e+01
4.680036246445398262e+01
4.525144317941447270e+01
4.598259208670319964e+01
4.714004360060101817e+01
4.723346879488691030e+01
4.844134295157532932e+01
4.768073060810497310e+01
5.030582161848957412e+01
4.995612955479538897e+01
4.977095647284087221e+01
5.014197184171361243e+01
4.902076828712971945e+01
5.193343238420362695e+01
