2.350613525147524641e+00
2.320692048242406713e+00
4.063583499380301944e+00
4.608096018491278478e+00
3.329716913633557596e+00
4.390568281186291166e+00
4.749734199983135063e+00
4.483217265849129163e+00
6.313563067523472405e+00
6.564526974446491359e+00
6.728464990471628937e+00
6.972044205746895429e+00
6.880628444835426016e+00
9.112927254178766034e+00
1.011196363220433270e+01
1.016769932888540851e+01
1.164125088039388345e+01
1.182686597869412459e+01
9.837069461333397768e+00
1.175695185019617028e+01
9.593086694539856296e+00
1.260846929363949620e+01
1.300659151662617141e+01
1.336666521689360110e+01
1.471195247480360813e+01
1.228702258313551710e+01
1.363586931355046517e+01
1.662357884333014724e+01
1.698897414574449982e+01
1.636843850854377536e+01
1.786367640375573984e+01
1.864716443730994655e+01
1.928096139173084111e+01
1.864562218582268471e+01
1.788857151834583092e+01
2.015603765363807653e+01
1.787393956278084772e+01
2.023757707626419844e+01
2.109655098661136208e+01
1.895228253315969624e+01
2.054699275695217153e+01
2.279657956366579086e+01
2.174257214066383170e+01
2.439966281700707640e+01
2.505055924456093308e+01
2.549667883350459263e+01
2.462555566358468440e+01
2.533825661212421565e+01
2.644526946252829092e+01
2.640153461179070504e+01
2.707598696534770610e+01
2.703226486764663861e+01
2.796481882466652635e+01
2.948518286368036456e+01
2.772070907478025958e+01
2.963177838807730424e+01
2.959454404634326252e+01
3.123529936482192326e+01
3.125265656974897510e+01
3.279092427793555942e+01
3.272095553537655377e+01
3.075671252830298030e+01
3.416253674490499748e+01
3.325371104798199440e+01
3.510316990610343879e+01
3.464730293118027760e+01
3.503792676112202997e+01
3.446296618684617385e+01
3.699524028754608906e+01
3.724322515650052168e+01
3.717049155942912364e+01
3.668549305258432724e+01
3.713563073363130229e+01
3.809096047972344934e+01
3.772623359494289730e+01
4.045325334182196997e+01
4.002338588066035641e+01
3.915181566087689902e+01
3.906750190381798404e+01
4.022087661871492514e+01
4.161321025835611920e+01
4.222746208844204574e+01
4.226992045360326955e+01
4.181270833745204385e+01
4.388012925527591790e+01
4.472195423259941549e+01
4.395307726236933377e+01
4.600735986460812654e+01
4.724805288868029152e+01
4.697241408533460572e+01
4.586696956375962486e+01
4.912702787856124331e+01
4.898371324629608381e+01
4.783006790458776436e+01
4.810462083332269145e+01
4.768989934663932928e+01
5.144952217186033749e+01
4.940562436172064764e+01
5.094693254575602026e+01
5.058892431395906186e+01
