9.631065859243288507e-01
2.769210464929807269e+00
3.671670411423000768e+00
3.756897357388756742e+00
3.997142631671815938e+00
4.810031116047902344e+00
4.991872250731995919e+00
5.502437585744780257e+00
6.028624654022541662e+00
6.861032038197839356e+00
7.315273452282697875e+00
7.462600568126735112e+00
7.267960404745158698e+00
8.271431697011033535e+00
9.075418751026626651e+00
1.109954305358606241e+01
9.857573603221220893e+00
1.190678873938571591e+01
8.580378790116435894e+00
1.004511495968753287e+01
1.138520708716078644e+01
1.234672380982580542e+01
1.343583748321343307e+01
1.351524957825261453e+01
1.431221657738178621e+01
1.359960882606710086e+01
1.460579124842811360e+01
1.547756913638670540e+01
1.611656780062153160e+01
1.790099492746394816e+01
1.636921845562577715e+01
1.551017783789754922e+01
1.790785766751391606e+01
2.018784080520038060e+01
2.068284564857205510e+01
1.867798451834180540e+01
1.902058814911818629e+01
2.167847545925732788e+01
2.168384088046834535e+01
2.245444556759673560e+01
2.186510399941622751e+01
2.199729786291417710e+01
2.101908459059953316e+01
2.196398170804233629e+01
2.416395576468399753e+01
2.463629249730016468e+01
2.550449972183182723e+01
2.690835061267976158e+01
2.691722432205039439e+01
2.567444296397635028e+01
2.783383196977343133e+01
2.765627455679900137e+01
2.789433828279171124e+01
2.774202883876523984e+01
2.865686222078187484e+01
3.109342797341655995e+01
3.005548416695909708e+01
3.093531421270595416e+01
3.055312755001123648e+01
3.139404370482130702e+01
3.066950160922546331e+01
3.384936194345225147e+01
3.412890544195731479e+01
3.372479148572489294e+01
3.328669915219656161e+01
3.462810240196715483e+01
3.465196667420856613e+01
3.496010363753386230e+01
3.400593013917091412e+01
3.582016739280555839e+01
3.621203184638326888e+01
3.737429559529870460e+01
3.745767582807791030e+01
3.815539405121538863e+01
3.895924672711100101e+01
4.007983544402903675e+01
4.070758546379943965e+01
4.154924361491752904e+01
4.050365746696196823e+01
4.121177423400717998e+01
4.241731643874379643e+01
4.442574606530890691e+01
4.428951879195916774e+01
4.235031436064076615e+01
4.379199230560794120e+01
4.372645174150769520e+01
4.470233093752968756e+01
4.651904023840985758e+01
4.442253737390952040e+01
4.612588302377832150e+01
4.707316086457566229e+01
4.637674559285171938e+01
4.841614429776408457e+01
4.890386211023303531e+01
4.753083613330344548e+01
5.162330059126674797e+01
4.929622088060775553e+01
4.907449628560065236e+01
5.143565323489792718e+01
5.125487593609282300e+01
