2.429740704041557731e+00
1.337195662455982426e+00
-1.655020942900335967e-01
4.185535268071999049e+00
2.125775773731623186e+00
3.573147767400205677e+00
5.366427030767418671e+00
4.054067606230872478e+00
5.758381132463013863e+00
5.948970315011531618e+00
7.742078245138424464e+00
5.057530197642904568e+00
7.177867821816052540e+00
8.944795603565358633e+00
1.011510070518117210e+01
8.407489817765476658e+00
9.586404287199496110e+00
9.822828928804270276e+00
1.129151846162782391e+01
1.314909592689828166e+01
1.205190588019866738e+01
1.306543652878886341e+01
1.406987638221012205e+01
1.387072886944998018e+01
1.467030512382812013e+01
1.419788038772476035e+01
1.511810323458992755e+01
1.514505086665123024e+01
1.648939038030500726e+01
1.687889217831192212e+01
1.850658640195379334e+01
1.736243196967454594e+01
1.781453639042484127e+01
1.844077495979765757e+01
2.090960679218845186e+01
1.858749827353258155e+01
2.055581494451698532e+01
2.218151872345153208e+01
2.095225524872641643e+01
2.239290935427862905e+01
2.247490128860050262e+01
2.304763963784095893e+01
2.245725718736187559e+01
2.298332583260665984e+01
2.462520041423929484e+01
2.290910602640069271e+01
2.523427953423595937e+01
2.682367280342192117e+01
2.625664515471875049e+01
2.634088649338163179e+01
2.799246227083511229e+01
2.890824726160071734e+01
2.944976221259012661e+01
2.844107729196200651e+01
3.039076982081264688e+01
2.982329970233706717e+01
3.005384297844585362e+01
3.092455135211304551e+01
3.061998024780347905e+01
3.124224655826773400e+01
3.123338682411066003e+01
3.331592668326420892e+01
3.212576365393834976e+01
3.420205497761003244e+01
3.219264914273836808e+01
3.551636053683656513e+01
3.588780824726115526e+01
3.518286818287987217e+01
3.569413574064353867e+01
3.708343935149779469e+01
3.635572187646956621e+01
3.761480116670496443e+01
3.731504980025979989e+01
3.968508719673308605e+01
3.747553716084215836e+01
4.015075846875952692e+01
3.962644052764922975e+01
4.091375803291822422e+01
4.074868930320015181e+01
4.151355356086901338e+01
4.202847256348326255e+01
4.295306322647194008e+01
4.241974942443516028e+01
4.240335906221434215e+01
4.338989744479236066e+01
4.409732254199749946e+01
4.633040772216082814e+01
4.412825278503453319e+01
4.785654988739015891e+01
4.670675904377456078e+01
4.763443584161530708e+01
4.905084230363161879e+01
4.669251501480046329e+01
4.682418263097711275e+01
4.887977734867656210e+01
4.835421569851372681e+01
4.983642708093677953e+01
5.054379180004568184e+01
5.085510823001915526e+01
5.043792166481921413e+01
