2.359406779787592168e+00
2.358757366527971744e+00
3.251176073322037396e+00
4.087112149631671798e+00
4.226161567994231483e+00
4.157086002156927584e+00
5.223910596584222077e+00
7.656613884503890688e+00
5.747456795064216806e+00
8.227703108813955168e+00
6.288009885775077024e+00
7.783391671630990771e+00
9.993409968767467788e+00
8.227082657396111998e+00
8.371826508622493890e+00
9.793428269264625285e+00
9.641222172774821075e+00
9.364326916671508627e+00
1.009145166383701309e+01
1.213188036041327500e+01
1.257886703150611574e+01
1.009227860030713408e+01
1.069783935196089963e+01
1.254306001356010825e+01
1.306804737983433462e+01
1.505702333093326217e+01
1.500119999103416468e+01
1.665847270271639147e+01
1.595869219433545538e+01
1.623738960394862829e+01
1.770122446005041539e+01
1.513757967452252728e+01
1.917714095885823156e+01
1.648093047514959508e+01
1.888863516587749913e+01
2.227028383347867191e+01
2.040120543719356405e+01
2.002048727294927488e+01
2.337269034732762663e+01
2.172197063295102382e+01
2.090273040100873203e+01
2.297584542001901298e+01
2.463662474534134716e+01
2.429686823504146176e+01
2.514805909879742529e+01
2.459963394457002295e+01
2.301917344726451375e+01
2.341519558786494315e+01
2.740108617947464964e+01
2.683875625880201099e+01
2.592077415343296920e+01
2.978593732362815416e+01
2.787790945184087477e+01
2.850146383035164988e+01
2.857410099311645268e+01
2.993715165214367957e+01
3.044195342485824085e+01
2.977717785016833218e+01
3.079559162493577418e+01
2.990442480834827066e+01
3.227768794693825782e+01
3.327816432173661099e+01
3.288423563603177513e+01
3.372275546184518902e+01
3.497959687239914928e+01
3.453217821312811253e+01
3.383427178111002576e+01
3.522121797588299330e+01
3.457233973252999704e+01
3.663419807946743845e+01
3.573323853597425170e+01
3.784567120975885501e+01
3.829675447297960744e+01
3.881559625510784883e+01
3.893940518710179788e+01
3.964842223192993487e+01
3.934457139602102416e+01
4.137141763838823749e+01
4.135656572925099539e+01
4.137137009141329003e+01
4.321668814839649997e+01
4.186114253519887995e+01
4.473984723556084475e+01
4.408196693988372061e+01
4.263539788121651952e+01
4.605947458022438923e+01
4.528775815569157714e+01
4.463095421545202868e+01
4.812578682086241599e+01
4.488173758544989056e+01
4.673161835868713609e+01
4.482274553891501512e+01
4.736468242011185481e+01
4.777321985854240438e+01
4.800389749626247493e+01
4.914960775620490097e+01
5.067591601888755548e+01
5.013375034093385096e+01
4.990782781904974286e+01
5.127360561215589740e+01
