3.608773535831474533e+00
2.326515704537861051e+00
4.159120359196946559e+00
3.933304971762599411e+00
5.507099685894399244e+00
3.899330886686989572e+00
5.379316318442195488e+00
6.471575958586756272e+00
6.321967548806072479e+00
6.785777196763776331e+00
5.693537016409883300e+00
7.658380569030772911e+00
9.118625673598723225e+00
9.014313600029129958e+00
1.063911324249136214e+01
1.167886092112661345e+01
1.111210314968434965e+01
1.074091975469286275e+01
1.200888510540091580e+01
1.110104882336027288e+01
1.388647502975198833e+01
1.369715627015157189e+01
1.192653124131897080e+01
1.408835522178488553e+01
1.376764665639412577e+01
1.471979323222789304e+01
1.331381146054870612e+01
1.385310401860484397e+01
1.458914652189835337e+01
1.585018684207484263e+01
1.458584341258657524e+01
1.994279209879395154e+01
1.815316411492997872e+01
1.803479983289829391e+01
1.960193761975624227e+01
1.864541766344710894e+01
1.993548123054033638e+01
2.054895666198841298e+01
2.201633449753957450e+01
2.140737838764302481e+01
2.251453858907433769e+01
2.242627618808579015e+01
2.296265302896548732e+01
2.285818363107793871e+01
2.479317407656499839e+01
2.357014157321425429e+01
2.524839295625946889e+01
2.267047291985530677e+01
2.445440163946684109e+01
2.740807995872735603e+01
2.873548203003503687e+01
2.759373025989954797e+01
2.839062831159334621e+01
2.942587617258897836e+01
2.785840348539157318e+01
2.800651816916802161e+01
3.011225643948041863e+01
3.119181751134007641e+01
2.944404422368854668e+01
3.162971946746247909e+01
3.212575329551806647e+01
3.363981808792993178e+01
3.290238302493813194e+01
3.354152854241400661e+01
3.546629765107385879e+01
3.442409231449484253e+01
3.582504518066604504e+01
3.580432035305710059e+01
3.602025682509152915e+01
3.621158177339887629e+01
3.535180845084474299e+01
3.923836474618784820e+01
3.690102322512835542e+01
3.860082257473956702e+01
4.073382114495299788e+01
3.999112246202833632e+01
3.960621828324597260e+01
3.978164919768912000e+01
4.174175050471306747e+01
4.006588390632497720e+01
4.210082876223668791e+01
4.351804781992731108e+01
4.225217558987741029e+01
4.277092510741091758e+01
4.477929529012748588e+01
4.268069470148611799e+01
4.453868070642497656e+01
4.443883847565062695e+01
4.583142967316499039e+01
4.545810579259921980e+01
4.571730092771457521e+01
4.927259207756851822e+01
4.811896056398671107e+01
4.754816218735249578e+01
4.881749407942706398e+01
5.045576248692944432e+01
5.096288959310984978e+01
5.064740589538658355e+01
5.107712228373866026e+01
5.323932142303910808e+01
