1.854322902389436978e+00
1.618229058888476235e+00
2.501056264119748018e+00
3.483594365920597902e+00
2.028335643530398080e+00
3.237225990863413116e+00
4.362271950643710205e+00
4.023236555212778676e+00
6.631157791203772689e+00
6.759000448787841009e+00
8.553683423918540640e+00
7.230276103215583561e+00
6.904995988856957645e+00
9.876251628961091100e+00
7.902877453977373179e+00
8.781197757659670700e+00
1.173294372057512902e+01
1.250529224312205834e+01
1.174343740171235062e+01
1.177627494790547225e+01
1.207544655346046802e+01
1.135976981333391755e+01
1.323739587765173553e+01
1.460995562161792627e+01
1.498292890386528775e+01
1.335412171931830194e+01
1.487400509437312657e+01
1.597453311877833748e+01
1.479912172339155774e+01
1.676113058311282700e+01
1.537891000019958021e+01
1.751811533906755614e+01
1.645237888261920745e+01
1.787890064667851320e+01
1.698955616604792951e+01
2.106351495623844983e+01
2.029864172832653679e+01
1.963377400005354545e+01
2.125995896841839539e+01
2.104120760809708202e+01
2.283034982877907737e+01
2.212401994899662228e+01
2.342286033933328326e+01
2.281291484311616458e+01
2.253235165889200786e+01
2.393756422737458323e+01
2.460271192492174919e+01
2.574193040709779368e+01
2.514491700523402784e+01
2.772635818873902736e+01
2.734187125474399949e+01
2.701452235226804532e+01
2.805275736459934777e+01
2.931724340941384810e+01
2.983424408320668775e+01
2.949837010368956669e+01
2.923635370464440086e+01
3.044238653449064813e+01
3.181461248568667344e+01
3.149615589354608858e+01
3.146581121807133030e+01
3.196408692322917133e+01
3.355951398512451078e+01
3.459640131798533247e+01
3.480675773666288819e+01
3.221084232275485704e+01
3.386861449736363738e+01
3.564463883741621686e+01
3.783980784368508665e+01
3.647306279142539864e+01
3.649622564645285649e+01
3.616899968595497228e+01
3.786529703227193977e+01
3.711166849355272035e+01
3.835003070121991442e+01
3.917835433462146710e+01
4.000792826948400460e+01
4.103495172317958861e+01
4.359299030653636464e+01
4.059861026248946558e+01
4.102034415902043918e+01
4.209917786654204264e+01
4.463323397350290378e+01
4.371530539927540815e+01
4.522020744416349203e+01
4.343570944989408389e+01
4.560336415179691016e+01
4.557301145888450833e+01
4.492464372744753121e+01
4.709622341548806190e+01
4.769168362830718877e+01
4.758761592502831661e+01
4.793978278584298636e+01
4.934579013065653186e+01
4.767251622950660561e+01
4.834160627872922333e+01
5.079362072377602288e+01
4.983331477029172163e+01
4.983472389766159694e+01
5.286899907171617485e+01
