1.517650191828675332e+00
1.907241715287001593e+00
4.417264521747265249e+00
3.371686495571189379e+00
5.237421251154096957e+00
4.426877502673438158e+00
5.393289981702737990e+00
4.764154067472016862e+00
6.392100841602861294e+00
6.007417458709591429e+00
8.674971188496586549e+00
6.588363632601620168e+00
8.403234780734956999e+00
9.511565347952465999e+00
7.932843524540698965e+00
1.032065308861373509e+01
8.193268877004660666e+00
1.052250993068696161e+01
9.608714055285398459e+00
1.117212457666351355e+01
1.138425737172923569e+01
1.281683049216235304e+01
1.423953299085932578e+01
1.303270001356658803e+01
1.515787297823013802e+01
1.495403509211886295e+01
1.400658237707314946e+01
1.633542738086524082e+01
1.457840034894582892e+01
1.828731562493319984e+01
1.912170774478298085e+01
1.710589997798604855e+01
1.887063489238873970e+01
2.016806506675054322e+01
1.842828555120348000e+01
1.733954758318131795e+01
1.783017389017010146e+01
2.036858382436749793e+01
1.992814156085370669e+01
2.036632147648825253e+01
2.288448834620279371e+01
2.192706954647259110e+01
2.203107115022780960e+01
2.343006422268857136e+01
2.240437376698545435e+01
2.380617293340739948e+01
2.418935378979452011e+01
2.607098656811217197e+01
2.479003859590572034e+01
2.558276109515683316e+01
2.832532771962732809e+01
2.528751526772393277e+01
2.734349333217479838e+01
2.811235955577268086e+01
2.954317761343833482e+01
3.022942684911103939e+01
3.142769604408930562e+01
3.174243236937440571e+01
3.062768865949403363e+01
3.087964737371586210e+01
3.133394264807489193e+01
3.147874883939498858e+01
3.409267916059445724e+01
3.477780234755348943e+01
3.481074674201646246e+01
3.380255842681634704e+01
3.694979817599664784e+01
3.595127535621551829e+01
3.502819904321173539e+01
3.527330012432289408e+01
3.889406432015402260e+01
3.814763125700498847e+01
3.947150850863086191e+01
3.681920989111913656e+01
3.858749915453132218e+01
3.851569278289996134e+01
3.979311230131420274e+01
4.014006967756997568e+01
4.213319101783588394e+01
4.004389062424755963e+01
4.210834045201487896e+01
4.166686465723569199e+01
4.276567018470329629e+01
4.407108349594447816e+01
4.320799310741264065e+01
4.452447407364044807e+01
4.384857591494892404e+01
4.448528166264098616e+01
4.749862879841013807e+01
4.531556413930272953e+01
4.773897767457783203e+01
4.920290560991759321e+01
4.788679124319544655e+01
4.710282164305653652e+01
4.872852806727009778e+01
4.985027923026981966e+01
4.995429403179254990e+01
4.979000483729487314e+01
5.050291972595666579e+01
5.313251995225814994e+01
