9.257596313963574186e-01
3.667342723088904854e+00
1.642674682162962529e+00
5.024420170236866490e+00
4.986523934921953227e+00
5.725469667518349404e+00
4.532574815379957656e+00
6.548642237303532454e+00
6.492908171215763247e+00
5.518508911540586759e+00
7.628862833823829348e+00
6.959387752767424828e+00
8.940887312529598674e+00
7.068360941514856499e+00
8.458210241372663418e+00
9.565291213251260416e+00
8.544200163561097128e+00
1.062765239580585153e+01
1.204328873959441104e+01
1.127400375732076299e+01
1.269227081486230801e+01
1.154786866574977999e+01
1.273696541986475061e+01
1.595919000553350564e+01
1.398629684293250008e+01
1.379597363891497430e+01
1.447249605974028874e+01
1.679398923945517197e+01
1.617913658152210488e+01
1.796822606187043903e+01
1.584217301884660323e+01
1.620487994017499744e+01
1.569871558873139428e+01
1.809704127843342647e+01
1.895149196176692641e+01
2.034291153562866938e+01
2.043193717757919714e+01
1.959172413020863956e+01
2.166408123733866731e+01
2.281883642194287276e+01
2.314956418867605947e+01
2.077570579127775829e+01
2.326869413779521167e+01
2.303565965269754301e+01
2.328157840804255585e+01
2.393024803057714678e+01
2.673708691421177619e+01
2.650456273779489180e+01
2.610692502073022325e+01
2.605931081573805486e+01
2.712365393221363519e+01
2.651848635088570916e+01
2.867517210246561987e+01
2.847193982548100166e+01
2.908710803341213591e+01
3.093096628948736893e+01
3.009032596644070878e+01
3.049659788530367877e+01
2.933450911091614088e+01
3.106286623410442260e+01
3.292880179429423748e+01
3.234093880744853777e+01
3.201712703796788162e+01
3.392114529893328978e+01
3.479391660196546354e+01
3.268649192268424031e+01
3.683790562743142516e+01
3.546238965517850517e+01
3.477440327139510146e+01
3.423011442571333873e+01
3.737992725863644949e+01
3.664087366895579123e+01
3.636214030803535735e+01
3.856510904102986359e+01
3.854491667533137189e+01
3.887791908353842985e+01
3.995333570433467685e+01
4.028918241595065552e+01
3.996760109151423279e+01
4.097206078027475229e+01
4.206109822743412252e+01
4.213269602817405257e+01
4.303098669677425647e+01
4.395465843449090926e+01
4.605362575546581638e+01
4.364128509344897822e+01
4.300658790343178595e+01
4.379763286626501895e+01
4.543873211193767503e+01
4.675858460999906896e+01
4.616742511960978135e+01
4.676261539093820119e+01
4.857254064263212712e+01
4.762877588348594315e+01
4.981368462749082227e+01
4.899310682088472646e+01
4.981898006578746418e+01
5.099755610742224832e+01
5.009602803841448804e+01
5.172005684868517505e+01
