1.793448615657864620e+00
3.231732115371904523e+00
1.160415070059964471e+00
3.828551948983457187e+00
4.697752630879263869e+00
5.043478296866483745e+00
3.743943482562934744e+00
4.044727977117358542e+00
5.647950938558265577e+00
5.697091177945925899e+00
5.940050276646536176e+00
7.165697919769459467e+00
8.074742550996628410e+00
1.012807226481893963e+01
9.130055865398777115e+00
9.742464052977535260e+00
9.648684606099074301e+00
1.047429893267445600e+01
1.158031193818720084e+01
1.181586027311045228e+01
1.323018663927315508e+01
1.290709710580399872e+01
1.335880837675916943e+01
1.269400919699829799e+01
1.401563128813962855e+01
1.311026030435883349e+01
1.711871396667902800e+01
1.549003657180016447e+01
1.661425996902137214e+01
1.596482898543838225e+01
1.781732551082536276e+01
1.703006279803657819e+01
1.684842848151045303e+01
1.783254185017926119e+01
1.960299965867995553e+01
2.002894343494475038e+01
2.146424644074404142e+01
2.039349493180273143e+01
2.082592125066168975e+01
2.241675457949969186e+01
2.157868531767796938e+01
2.303460110510826198e+01
2.155187894633840529e+01
2.442586697214377622e+01
2.267288899559569870e+01
2.473288083087186706e+01
2.644670249789285066e+01
2.626016767538907004e+01
2.498681026248528525e+01
2.663802576654132537e+01
2.651928408762078959e+01
2.778841151128517239e+01
2.626288243535881151e+01
2.863646061547124688e+01
2.918162601943831191e+01
2.889636547951917933e+01
2.928071935567510664e+01
3.000959572740813641e+01
3.010638530511313959e+01
3.289489817313862829e+01
3.327797951570558155e+01
3.107319107527601076e+01
3.321826343002336301e+01
3.384694646626562786e+01
3.471158085889915412e+01
3.464175326602282468e+01
3.402718462787287024e+01
3.685977896531723985e+01
3.588694887662263255e+01
3.647586483930275847e+01
3.588804908147149320e+01
3.562318814190231819e+01
3.844487144881733087e+01
3.774821884252223470e+01
3.653062466578267475e+01
3.941717041769168617e+01
3.968330365448295538e+01
3.950354061355594126e+01
4.225669751838518806e+01
4.098242503568317829e+01
4.228309043568020087e+01
4.337195582024926921e+01
4.299051046499116069e+01
4.323914711824077983e+01
4.530240820423366443e+01
4.523302857696047141e+01
4.444888103039331639e+01
4.690601259716432025e+01
4.455241579431717724e+01
4.562681208745004113e+01
4.713755890634364931e+01
4.609702044888170036e+01
4.976849971547115103e+01
4.916600884036616748e+01
4.949804837094829679e+01
4.861458337159854892e+01
4.795864244903628304e+01
5.244656667185208221e+01
5.137744216487111260e+01
5.096871227465673115e+01
