3.046283499036253506e+00
2.257290342718548448e+00
3.570564302294175985e+00
4.349083692490864905e+00
4.149177282362051855e+00
4.854914078260404331e+00
4.344404834340896748e+00
4.935723480140795871e+00
5.421401881154014113e+00
5.296616355959605116e+00
6.432031326763270940e+00
6.643298075431055771e+00
7.808997879088885874e+00
9.503371249852129665e+00
8.803991152663060760e+00
8.244172397241596784e+00
8.282267909789990057e+00
9.990053758172233955e+00
9.331800340444035058e+00
1.181318417083167382e+01
1.262802534827139489e+01
1.160419984644539859e+01
1.223695621720282034e+01
1.373636557818182879e+01
1.290227754243677261e+01
1.390922899903453214e+01
1.570958748298899899e+01
1.742106214953946264e+01
1.610557268959272648e+01
1.629526705560101618e+01
1.804787608657961684e+01
1.741085962942972643e+01
1.730377015755920667e+01
1.790944192525876488e+01
1.964875179586299225e+01
1.870642656116461566e+01
1.890110053320082883e+01
1.951903318224695738e+01
1.975876002860770342e+01
2.222085129914982105e+01
2.107050447603616661e+01
2.303908781762285685e+01
2.513305481895335447e+01
2.340116832840120864e+01
2.379757319472143706e+01
2.508108512680692925e+01
2.567688022615840282e+01
2.504357705250874488e+01
2.646966327240416916e+01
2.644282972688595024e+01
2.799299113529475136e+01
2.583755837784185516e+01
2.875050329519167391e+01
2.897110669085593315e+01
2.838390107553722430e+01
3.057717625924707505e+01
3.170968179622295224e+01
2.983836190880331429e+01
3.172398702496831291e+01
3.237302961598985718e+01
3.097737405878213579e+01
3.313313939622251070e+01
3.357508897726134478e+01
3.501827509876365951e+01
3.506213162684291973e+01
3.356782002017968836e+01
3.504459372977137122e+01
3.519305338258975269e+01
3.602836819896492671e+01
3.572587860397383963e+01
3.730601859214579008e+01
3.864308505204108712e+01
3.924767588928376227e+01
4.034693490111324365e+01
3.959503699668373855e+01
3.860344612463189407e+01
3.956358489830921599e+01
3.956262829676808224e+01
4.124536603176579774e+01
3.950433380099879344e+01
4.271078212748565051e+01
4.280608776302800322e+01
4.224931413076641462e+01
4.367446085098453068e+01
4.235741668289605855e+01
4.507212915409547094e+01
4.562096228394599251e+01
4.552607855815951154e+01
4.594430510500617970e+01
4.718276651742274908e+01
4.628242991796581407e+01
4.734806809215350398e+01
4.815023493495825591e+01
4.753855707076006354e+01
4.960312673143712203e+01
4.905607487357193719e+01
5.034252523620308040e+01
5.204696036877788146e+01
5.032467387219801225e+01
5.171270512031893674e+01
