1.274408299164694558e+00
2.517987573436984317e+00
3.620842694737529399e+00
5.939742784182593383e+00
5.791397519717370379e+00
4.081667151855453035e+00
5.813289924391247254e+00
3.971197189711532793e+00
7.930169248372915369e+00
5.169887631743883105e+00
6.498592458612213463e+00
4.808010986401308529e+00
7.493076117831668270e+00
9.301721144920417572e+00
1.052871819271161158e+01
1.114531285217803003e+01
1.074231407202503874e+01
1.172546309522256713e+01
9.601783665979107596e+00
1.131631163991355216e+01
1.136575198092719852e+01
1.288560414820303457e+01
1.246515371828085250e+01
1.334344738002578090e+01
1.560119356328375950e+01
1.614667468744030998e+01
1.457990852588703490e+01
1.494911867668901095e+01
1.551235126712185775e+01
1.695411257097833868e+01
1.693458284771712030e+01
1.769088013913197344e+01
1.971837616555813710e+01
1.908175604005654691e+01
1.946295898220843412e+01
2.022351044628945971e+01
1.996142891836862532e+01
1.777167274229698535e+01
2.013403234157366484e+01
2.082265285423841306e+01
2.157291360929753310e+01
2.248826304886023308e+01
2.237901510969673780e+01
2.320270700122064866e+01
2.359975119280326794e+01
2.526603027463368178e+01
2.557760571962762342e+01
2.597174236295154870e+01
2.643139813154223461e+01
2.547316447937907924e+01
2.675913147632160616e+01
2.741270101167820528e+01
2.661690554118818852e+01
2.864266643850397998e+01
2.926908965315212541e+01
3.044267752362154411e+01
2.961214511536601179e+01
2.980112877875136590e+01
3.150051381983656995e+01
3.132953954601330793e+01
3.328003342518817220e+01
3.396316696440134564e+01
3.230376190068235331e+01
3.339386879074306336e+01
3.302165076077181993e+01
3.490750097179540035e+01
3.284615694770410954e+01
3.659567226487324376e+01
3.511400088607751258e+01
3.589946170142251702e+01
3.609933425637884596e+01
3.835982223538036351e+01
3.631342028932864707e+01
3.975377498165254764e+01
3.943033470573177368e+01
4.054974850480336102e+01
3.789954125084865666e+01
3.846069907991613945e+01
4.040263864871760546e+01
3.906027252026918717e+01
4.090752839740455471e+01
4.412265906549469463e+01
4.147094411228353295e+01
4.369682369022370949e+01
4.246480024474768555e+01
4.492871131634692006e+01
4.640937897971076609e+01
4.435644994867361390e+01
4.743284935214084896e+01
4.575922956221169358e+01
4.833963478674199621e+01
4.834337001598523642e+01
4.713134885165606391e+01
4.845976956632911481e+01
4.840928650317354709e+01
5.042438857732150126e+01
5.121581206681499054e+01
5.036652035203523781e+01
4.992910325394162641e+01
5.169349477215406097e+01
