2.050289961471878364e+00
2.417767843526414051e+00
1.946366820220832183e+00
2.976407458370865289e+00
4.521166896449273942e+00
4.652542822883864559e+00
5.689083103961451116e+00
5.742531798137531673e+00
5.089000840783919344e+00
6.186339445991155372e+00
7.289097944823761388e+00
6.103046014023509436e+00
1.014798742508626361e+01
8.420904475277824375e+00
9.817290254089384050e+00
8.989528304578849216e+00
8.800125513700276514e+00
9.211730342235066260e+00
1.122777933583494914e+01
1.160136190051359684e+01
1.179367901819043318e+01
1.219912405490135576e+01
1.424352245459829369e+01
1.282720728393404741e+01
1.289658554074271635e+01
1.537885763041705189e+01
1.543669462563588368e+01
1.658367593341475299e+01
1.626115492946093966e+01
1.826903880494364429e+01
1.638018699014579838e+01
1.645723018454052777e+01
1.715417664605184100e+01
1.814850680771990099e+01
1.782859767586010946e+01
1.863238061475000507e+01
1.912379818508517815e+01
2.123896357981891470e+01
2.139836138454898418e+01
2.165099604089836305e+01
2.066702881795971791e+01
2.352205787971923101e+01
2.229995330885677163e+01
2.323589103070179718e+01
2.508778952255639183e+01
2.459859855295169950e+01
2.605054642845137280e+01
2.501195138113722649e+01
2.631330018173859031e+01
2.596965997588070607e+01
2.694279263819295167e+01
2.957688454596425132e+01
2.801443958751428553e+01
2.904752452741084312e+01
2.935957764139150683e+01
2.942058690765169615e+01
3.044002876025535542e+01
2.831243932234503191e+01
3.169468286614676344e+01
2.976209501171950222e+01
3.188674057635697423e+01
3.274002710972078489e+01
3.437993416820533099e+01
3.171417041454391494e+01
3.505493179541971216e+01
3.310140209210629791e+01
3.560157499811440118e+01
3.621437315412249092e+01
3.790506091014636070e+01
3.514408729278589050e+01
3.696538208258500902e+01
3.605731561123195661e+01
3.738400563125940579e+01
3.725073667997425986e+01
3.906344130875514509e+01
3.988470817801062651e+01
3.921717754866208594e+01
4.057676690118726270e+01
4.109094178738666869e+01
4.155306024262325337e+01
4.016527392277350827e+01
4.415812308884368775e+01
4.282888669100594825e+01
4.472277012347573333e+01
4.482553670423879311e+01
4.341143111517684616e+01
4.607103557542441763e+01
4.408326183094534656e+01
4.490283730571059806e+01
4.500776032925491421e+01
4.573984194725519359e+01
4.635238089614481538e+01
4.647385970211823292e+01
4.874794677546180566e+01
4.785839525682634132e+01
4.977496198815133255e+01
5.082704489226048139e+01
4.817611950101419893e+01
4.995594440490907573e+01
5.042190115269219319e+01
