2.834881311604797727e+00
2.614074999854047565e+00
1.378569202834411866e+00
2.892236831493014027e+00
5.131034401897610842e+00
4.183348199233974718e+00
5.770955816249632164e+00
5.160297278649021102e+00
6.632061689455230891e+00
5.035141524811807656e+00
6.594476218970097392e+00
4.695936430737759792e+00
5.674268530923189502e+00
8.805265214751333502e+00
9.517579432353789670e+00
9.551860838503813511e+00
1.010317222500326295e+01
1.150681444987275981e+01
1.180969441007352927e+01
1.293997101428149321e+01
1.202400700881112883e+01
1.252450202313991312e+01
1.376684730843844839e+01
1.382528133930017411e+01
1.394190725834146605e+01
1.470377030743879665e+01
1.536859869595896200e+01
1.467790367991747402e+01
1.592294237198704465e+01
1.617103380328096307e+01
1.577469680796183482e+01
1.755451195649946783e+01
1.824269432724774376e+01
1.888063909641262583e+01
1.861737289278273622e+01
1.966007088660119706e+01
1.851958262430606084e+01
2.032729889643784205e+01
2.050899076688605405e+01
1.961950402008841010e+01
2.299705367211684504e+01
2.237815306989599051e+01
2.321492258183372215e+01
2.368790451006908171e+01
2.503477527896612642e+01
2.482726346399250517e+01
2.502555500971260116e+01
2.592752477973691327e+01
2.433564013217572253e+01
2.466792616092396173e+01
2.838433622591101368e+01
2.785111237894806280e+01
2.778815721136333394e+01
2.810672881094200903e+01
2.923888398544949041e+01
3.041298608174897566e+01
3.061108727520688078e+01
3.045097170268626741e+01
3.049124478209153821e+01
3.251049914706933919e+01
3.199805861592223266e+01
3.318376470107316578e+01
3.359563283487872098e+01
3.438991473659628184e+01
3.368523260801116948e+01
3.497880712610971443e+01
3.602786533717925721e+01
3.515369492835090171e+01
3.490489478526944822e+01
3.662064033974372990e+01
3.864020606568791294e+01
3.667718629127831065e+01
3.714121034488454143e+01
3.921274326841265179e+01
4.092144168855443098e+01
3.942702339506247711e+01
3.936111942852687662e+01
4.036215883450238806e+01
4.231158470732682275e+01
4.285004660521747155e+01
4.227210343188443176e+01
4.415594909774107180e+01
4.216324922984594537e+01
4.288827951825444984e+01
4.355063791357662240e+01
4.389823709842603705e+01
4.461814161543063051e+01
4.215189568352483462e+01
4.611394588039277664e+01
4.862105382914430152e+01
4.582037271805498335e+01
4.771506014469722601e+01
4.583254044265211036e+01
4.900761548021672098e+01
4.702031393745601662e+01
4.917782486654716223e+01
5.028895149003968612e+01
5.050709040523724269e+01
4.929058110883825350e+01
5.007244198424051262e+01
