2.529823798407025759e+00
1.625016669624614440e+00
4.062850084862540179e+00
3.649714480864742594e+00
3.712448784824764036e+00
4.172611169145971743e+00
5.374715061146266848e+00
2.913476475258797382e+00
6.716730125733547219e+00
7.293924404544712026e+00
7.104075788652485457e+00
7.433963792366100165e+00
9.598217162296496241e+00
9.571392633704085995e+00
9.028480230788508365e+00
1.055425054090730441e+01
8.273141697624671664e+00
1.104509095443373390e+01
1.055696104572648863e+01
1.116702082649013406e+01
1.086164792051356898e+01
1.239241133103845982e+01
1.306012319455179949e+01
1.482094734847052386e+01
1.576305314395460222e+01
1.201341919191916041e+01
1.358317012540491042e+01
1.504365288739425566e+01
1.797453280431082945e+01
1.724596257743212391e+01
1.654265872427572859e+01
1.983880005602728147e+01
1.656772806856478297e+01
1.753768683062519429e+01
1.770050240515504925e+01
1.744878412122247369e+01
1.840213617131334800e+01
2.203482971670344526e+01
2.093379326397285567e+01
2.232150183754947292e+01
2.224542633176328010e+01
2.145716940227863034e+01
2.457065512795859519e+01
2.207758047884521346e+01
2.423263134606349567e+01
2.557995144468237569e+01
2.507474006556485691e+01
2.636201272983724309e+01
2.654439440611190903e+01
2.538806745717083402e+01
2.700349783027918704e+01
2.531592175803097433e+01
2.773505981255268438e+01
2.791699910153278807e+01
2.858064276912076451e+01
3.093771543325352624e+01
2.989257223278706022e+01
3.031111600126921957e+01
3.193265104282852107e+01
2.979132255769563642e+01
3.095614263351961881e+01
3.414865715934251256e+01
3.240744394744067591e+01
3.137062459147924187e+01
3.608463859259755679e+01
3.593476310422234121e+01
3.450580856137545993e+01
3.466619004063999654e+01
3.591901175476318997e+01
3.529070951770943765e+01
3.702650405929446009e+01
3.791783363764300674e+01
3.857154680923363799e+01
4.072973562671536740e+01
4.021289178806147646e+01
4.020072052939277540e+01
4.092510457519190226e+01
3.911328004615908327e+01
4.292273186263069817e+01
4.232510325712539867e+01
4.062523412511812637e+01
4.260490862310728488e+01
4.327848764529397840e+01
4.123106005087343817e+01
4.500095762329411286e+01
4.530508280196123394e+01
4.547967497914090984e+01
4.503085163911639910e+01
4.715989895322988446e+01
4.653665772443441284e+01
4.737716403287461020e+01
4.574985274008171388e+01
4.828133666057829032e+01
4.776698493317302052e+01
4.950497099323513339e+01
4.917954433876201392e+01
5.077985555836253440e+01
5.127867780807697784e+01
5.207355841406689478e+01
5.194422086367151081e+01
