3.319961132369305012e+00
2.460391446249810432e+00
3.837319593083384994e+00
3.798266467203355035e+00
5.129905569688346212e+00
5.137892522519362792e+00
6.054711741933664015e+00
4.364070997522433437e+00
5.317033761331027897e+00
7.365374611226000567e+00
7.864203974178922252e+00
8.486704419713612779e+00
8.187246503185191315e+00
7.266326597374463958e+00
1.040761440512851266e+01
9.510724154720195500e+00
1.124154137621962057e+01
1.039242576228209813e+01
9.203042889876813959e+00
1.081767475893334662e+01
1.065134150802231083e+01
1.414949382929676602e+01
1.087891298349912184e+01
1.545378797060246789e+01
1.245795973900018261e+01
1.634216042493367738e+01
1.491975102567223566e+01
1.526790422197771413e+01
1.637061107912405333e+01
1.700363813638827892e+01
1.801427689025885570e+01
1.700632133062650908e+01
1.683866467500815034e+01
1.949776321425888881e+01
1.919211665501385866e+01
2.024665208330489108e+01
2.076175155577697495e+01
2.037095088230188011e+01
2.146124996059729639e+01
2.099029305300377501e+01
2.303838096164537674e+01
2.193006130513541763e+01
2.163738403109372044e+01
2.465667308145755143e+01
2.392619177391348373e+01
2.440701581321506808e+01
2.474253824203047003e+01
2.434631700830019696e+01
2.658926345110031519e+01
2.691517553556652942e+01
2.777522591224646575e+01
2.853685793659809278e+01
2.793298467609292146e+01
2.851193792816368244e+01
2.906374736101913214e+01
2.816227407173412800e+01
2.996364428393911439e+01
2.952186368275292239e+01
3.125193024063352709e+01
3.072471992686776332e+01
3.389355822908358107e+01
3.193963817377077774e+01
3.256483309925265246e+01
3.278614528622249225e+01
3.250092296303992612e+01
3.340716208084441519e+01
3.452532175840953954e+01
3.544862761291208386e+01
3.834456157498745199e+01
3.636214498174287968e+01
3.597863023495532531e+01
3.618668694572969002e+01
3.710011718674147829e+01
3.708947533477289227e+01
3.865830901999502345e+01
3.913123658641077895e+01
4.001893934183051726e+01
3.998925775441441743e+01
3.974319611705136879e+01
4.126671289369238593e+01
4.251728579948396458e+01
4.308026667586445768e+01
4.254300042848950625e+01
4.425102788891052086e+01
4.357856514973529727e+01
4.426036595756321645e+01
4.421053152525029617e+01
4.720833277535410843e+01
4.585917371599100534e+01
4.729495688757182847e+01
4.544731835964868338e+01
4.749954934889981928e+01
4.778344732574536380e+01
5.011406999882649416e+01
4.867619283323272583e+01
4.953109370798001976e+01
5.232211996801451193e+01
5.212914224423727916e+01
5.166514843083214004e+01
5.177192180694532198e+01
