2.271798374928980735e+00
1.301021887070654470e+00
3.250104305638668478e+00
4.705336691110068692e+00
4.722978879265953722e+00
3.544743704818686503e+00
5.108558953033499606e+00
5.512928367469162261e+00
5.439540993212026443e+00
5.767812212936081373e+00
6.827500805353572844e+00
7.989780131010750353e+00
7.702622692730513698e+00
8.242194103784076020e+00
9.854235461378307193e+00
9.969383602861604743e+00
9.684251796668489121e+00
1.141383063079706517e+01
1.333103989702459735e+01
1.194887224534905634e+01
1.136511238234013277e+01
1.309366800049463997e+01
1.486348744850354464e+01
1.368517416091168570e+01
1.448063115687023306e+01
1.502747907452499021e+01
1.580648140733419993e+01
1.372021974403620881e+01
1.660500160779323409e+01
1.659709309968982183e+01
1.532541603739248970e+01
1.743460076649425972e+01
1.758720641127628426e+01
1.818223026688155741e+01
1.916258938737929540e+01
1.989118899433277576e+01
1.865097457575124551e+01
1.886822334310616966e+01
2.024349109515599565e+01
2.170324657967927706e+01
2.402375615835888212e+01
2.309172588752322142e+01
2.326080667919758938e+01
2.213129156797781505e+01
2.346377238221998596e+01
2.368580221455319901e+01
2.706209646173878625e+01
2.519723701007016814e+01
2.634684043184907765e+01
2.754733291294737896e+01
2.776413309824366848e+01
2.532829627202518807e+01
2.701564696035917379e+01
2.933191412967106260e+01
3.052604126237103799e+01
2.887639029434623694e+01
2.915619481145747827e+01
3.220689163785586828e+01
2.862014956475797689e+01
3.227242866857618253e+01
3.109289127740955649e+01
3.347082610321015039e+01
3.284986488449449382e+01
3.562301810955091241e+01
3.268307600469203322e+01
3.348818517367331538e+01
3.531715255269125464e+01
3.400988908988902892e+01
3.671407510111414041e+01
3.632732616923630786e+01
3.687214759045268408e+01
3.873321914411969402e+01
3.712837486846719770e+01
3.924797583747698582e+01
4.056362013950801781e+01
3.941900895034553542e+01
4.086710976970044129e+01
4.081786208182143838e+01
4.270260897327426619e+01
4.082838502940146697e+01
3.929821200028267469e+01
4.182756795037380471e+01
4.170306440019982830e+01
4.525623087615942808e+01
4.425697003479776015e+01
4.327257033458583635e+01
4.569555436905648094e+01
4.674664853283525900e+01
4.700292594684232483e+01
4.772755255218306303e+01
4.708399466023480073e+01
4.752301977643947595e+01
4.909869695047815696e+01
4.903713634590756953e+01
4.923122252412635902e+01
4.794301659915691260e+01
4.982784146253730739e+01
5.054182579760775695e+01
5.071768565338391710e+01
5.211755493363797598e+01
