2.044259018946383843e+00
2.120859181598725218e+00
1.528413536475006440e+00
4.622608661344706604e+00
2.192879176237633843e+00
5.502722310261688676e+00
5.400991361942893754e+00
7.058456252835352274e+00
4.857474106104726630e+00
6.788717441313242951e+00
7.428675951148823842e+00
4.205879734558754635e+00
7.298601330787427344e+00
8.809722584099461073e+00
9.899982034077632775e+00
9.153504849015773104e+00
8.284007656136685327e+00
1.126158242546301480e+01
1.158643477702990410e+01
1.206943230205162365e+01
1.527054449713006790e+01
1.152781957414526381e+01
1.212347045994984462e+01
1.336336763955249651e+01
1.447523836259648711e+01
1.604467412272534688e+01
1.555493837086891062e+01
1.562553945618312312e+01
1.707191995420576092e+01
1.710856555090872888e+01
1.812432184182482686e+01
1.763553582611130111e+01
1.763850661560084987e+01
1.857151587504037593e+01
1.986799452042923875e+01
1.933843497491896457e+01
2.046821822669366497e+01
2.090987091535808773e+01
2.197828942563725718e+01
2.115565502594455438e+01
2.217660240988350395e+01
2.123562372284504818e+01
2.416186951448036879e+01
2.247132792827009595e+01
2.316984356338479856e+01
2.503095221066308795e+01
2.602618590253694464e+01
2.421939548032583644e+01
2.668267901263693176e+01
2.815808741560773854e+01
2.727933240838114770e+01
2.703304933228543305e+01
2.723794650376886395e+01
2.806537674006511907e+01
2.792805974556641502e+01
3.024429083504253057e+01
3.097665911266275529e+01
2.861703764112055381e+01
2.964944695207543290e+01
3.217079998688061693e+01
3.181817719382214094e+01
3.227666486404483237e+01
3.239527257412332517e+01
3.373730375424889871e+01
3.402318860422563773e+01
3.431331277406349756e+01
3.470396625046491579e+01
3.553584775687495778e+01
3.457254988928353612e+01
3.717803766191875070e+01
3.784425441238725796e+01
3.795132529457617920e+01
3.852386994447205382e+01
3.592064319432067521e+01
3.817050649750427738e+01
3.974733560183116055e+01
3.980250381835872986e+01
4.048288202944002734e+01
4.126624113322034049e+01
4.262511247387072189e+01
4.106598282858269755e+01
4.116493735733610038e+01
4.229997026767981794e+01
4.163061319451214359e+01
4.362673113771320033e+01
4.316488525085377148e+01
4.401662683796116937e+01
4.580567279304842288e+01
4.686076559268679631e+01
4.548496561202163946e+01
4.474350245252814062e+01
4.769692865829730266e+01
4.847888039644513469e+01
4.881780488486145231e+01
5.039658237539202901e+01
4.871772746336705495e+01
4.887151069890590804e+01
4.937759363291358738e+01
5.203042197009991554e+01
5.245161400586732015e+01
