2.060222994492077575e+00
2.406300894385220879e+00
1.448393786879426326e+00
4.747132406161020057e+00
3.108619937841373471e+00
5.559160106700479886e+00
4.679670030180687057e+00
4.986573237819879267e+00
5.870310763860998371e+00
6.631598398643745007e+00
6.411429635163479190e+00
7.057147179592385022e+00
9.008532436895796636e+00
7.531365800031780466e+00
1.075441869430687092e+01
9.539664914700122011e+00
7.915779854408969030e+00
1.250510827001295233e+01
1.234885078577686635e+01
1.125932423337139987e+01
1.169223693575506395e+01
1.227304095197033185e+01
1.330110837601358931e+01
1.256949143971857197e+01
1.239671446866975302e+01
1.487692234227860766e+01
1.528766380785389067e+01
1.730566051425960694e+01
1.716293296179401295e+01
1.590500453743139531e+01
1.765429285263673975e+01
1.851070643897836376e+01
1.648153037070517257e+01
1.936127996666173345e+01
1.998708828326845222e+01
2.125642606593212491e+01
1.965924812857184634e+01
2.039040384204266587e+01
2.047165371063593398e+01
2.060888893986154002e+01
2.110809723731489385e+01
2.216116347666356745e+01
2.269557911500481495e+01
2.758690198236771707e+01
2.340340699704955441e+01
2.409894754921468518e+01
2.692849916246199626e+01
2.585209382497986397e+01
2.594678215789271292e+01
2.553223009174152125e+01
2.559331899582554826e+01
2.726485377775527041e+01
2.771593488943835837e+01
2.780026427752119034e+01
2.722700883754856349e+01
2.955477109557097037e+01
3.061462744386904689e+01
2.951392915314880838e+01
3.358870683534140511e+01
3.026690030350037475e+01
3.136952789818117893e+01
3.469043942145470538e+01
3.266652073871198070e+01
3.282647286227987138e+01
3.347138706874359571e+01
3.473368410116166416e+01
3.436924660260962838e+01
3.637408085317252926e+01
3.478440324590292931e+01
3.557758063213217525e+01
3.664531541817489568e+01
3.746708867479130589e+01
3.897502917935529609e+01
3.880897923573582631e+01
3.861719441272194331e+01
3.969218637589924725e+01
4.028992428700504291e+01
3.989135624974098704e+01
4.066544068964758907e+01
4.237912600355057435e+01
4.111577626668211138e+01
4.270641224329333596e+01
4.212127555065708862e+01
4.252098944735863739e+01
4.379629468530550440e+01
4.331222682217673992e+01
4.586023033951690309e+01
4.625433151639010987e+01
4.454652122535213721e+01
4.660789585067742280e+01
4.399912348860438271e+01
4.764063345956331119e+01
4.703677011604266056e+01
4.963198985083467818e+01
4.864676110631785377e+01
5.230533274190563731e+01
4.985348495283689374e+01
5.068141936018707838e+01
5.070932426131115278e+01
5.225434974144278044e+01
