3.507463147661693537e+00
2.054180151674524168e+00
2.823824498899265567e+00
2.283448179948262435e+00
5.833027675918769361e+00
5.546832135338176428e+00
7.158836285795742604e+00
6.352254604499870894e+00
5.650234380008880564e+00
7.357895856038061844e+00
7.982990491767225194e+00
9.475867465650861021e+00
6.132325240617573670e+00
9.286566713073415968e+00
8.883709610914070964e+00
1.152103484297253466e+01
9.425892168331619914e+00
1.083964903880837838e+01
1.111188993033988126e+01
9.193582497126223885e+00
1.104804286430296401e+01
1.264983770665137541e+01
1.329262012333857790e+01
1.267124277195696003e+01
1.576609434154527101e+01
1.819273471648455143e+01
1.505629650002525999e+01
1.389581426739855452e+01
1.666349172517348265e+01
1.595417966603155691e+01
1.655633236587196322e+01
1.814065866197557142e+01
1.694809926433888592e+01
1.847742193911451380e+01
1.847374263056899935e+01
1.940428442641223938e+01
1.840926564369886620e+01
2.141631385314179070e+01
2.143088516502614738e+01
2.257495118263423706e+01
2.082732201840896025e+01
2.366872875320298419e+01
2.161124996357890282e+01
2.298788703946147649e+01
2.427125447624885624e+01
2.449485503206347659e+01
2.385014645635821395e+01
2.234724082837630732e+01
2.593943921521141149e+01
2.621950262335462156e+01
2.602300256460236483e+01
2.641274864918340981e+01
2.930282731203687874e+01
2.700906760842118715e+01
3.088137730341124865e+01
3.036404013100001720e+01
3.095136863365816993e+01
3.184502530894060612e+01
3.011301556329823370e+01
3.260664130569991670e+01
3.127945600707018059e+01
3.321205657868142680e+01
3.196814136482169744e+01
3.322320934785972923e+01
3.416527112599302995e+01
3.262225963763361136e+01
3.550460312375700056e+01
3.730915502243744442e+01
3.500970330971616562e+01
3.593416102542027346e+01
3.726880197412285867e+01
3.690630189143847417e+01
3.619453305876120908e+01
3.938155598424326342e+01
4.045175960178162455e+01
3.735185502742246655e+01
4.017094082976586122e+01
4.005625037718262149e+01
4.236651542153342831e+01
4.197874736634845050e+01
4.229567457411644682e+01
4.252514814107933461e+01
4.317335149399414007e+01
4.377557681430305081e+01
4.290764051197978546e+01
4.560496072322487038e+01
4.587964128322809643e+01
4.474310436563842330e+01
4.451073427018901896e+01
4.771320975278564447e+01
4.609537716493942128e+01
4.868886956680356093e+01
4.766404235495658526e+01
4.975997247548158242e+01
4.838815565110232342e+01
4.939766721431588081e+01
5.004463522551564125e+01
4.989767233234223909e+01
5.079123113173967141e+01
5.116239595217323455e+01
