2.684632406928749937e+00
2.766364358356756092e+00
2.498678515787841281e+00
3.243047931563411979e-01
2.953008987265073770e+00
3.973935096873887574e+00
4.900802776017767926e+00
5.316591046172284507e+00
5.359523250911220060e+00
6.137604752629047589e+00
7.041376049567888984e+00
7.890173133487158097e+00
6.752519755828597425e+00
9.728465279951556965e+00
8.506559588912045555e+00
8.336569163489183865e+00
1.121759425393508280e+01
8.855117528432520757e+00
1.111068567016128483e+01
1.228547461779558247e+01
1.144352559542710424e+01
1.440892881632150768e+01
1.373685183669351240e+01
1.393508256441364246e+01
1.594311679325425146e+01
1.614314366369116271e+01
1.661621141798501000e+01
1.537935968440898904e+01
1.654524190741249257e+01
1.642698288106100435e+01
1.532723223348861019e+01
1.674689723488930326e+01
1.947037669866999110e+01
1.788068431853398010e+01
1.879388092909949748e+01
1.919249896095997698e+01
1.964355943530065574e+01
2.127626434140928779e+01
2.212203964596940509e+01
2.151659598620029001e+01
2.312497714338238097e+01
2.184427651796898573e+01
2.253982420026087752e+01
2.224458850502056251e+01
2.302263392895342520e+01
2.306417235137309518e+01
2.465984848935915252e+01
2.537662079630401024e+01
2.521254711106146473e+01
2.769616199559318304e+01
2.550514769510142798e+01
2.811489813723940046e+01
2.685001461421525093e+01
2.885786229182157570e+01
2.973074320939991111e+01
2.964276185906761185e+01
3.117689453349769124e+01
3.266896017936947061e+01
2.989545623299052224e+01
2.991536765282210197e+01
2.928768707224588042e+01
3.327992071120940665e+01
3.436668052323550171e+01
3.437896844173166500e+01
3.503705246983061272e+01
3.498455237331207002e+01
3.309150448310612092e+01
3.717721325937804977e+01
3.671500400742460357e+01
3.656962725591588992e+01
3.643604145500328428e+01
3.723003133764124328e+01
3.850041976096758845e+01
4.043646016522088615e+01
3.797270890046796410e+01
3.890079086110577578e+01
3.952920806341449378e+01
4.118176459038251380e+01
4.023921742257218881e+01
3.930183692145723029e+01
4.017180981699765141e+01
4.397220015675254245e+01
4.241408672216375919e+01
4.468456834418683599e+01
4.469317013490879020e+01
4.425844270283693760e+01
4.301698190690053281e+01
4.600397811888062449e+01
4.510528319136355435e+01
4.493285547502602384e+01
4.705626992885538584e+01
4.738171790775707848e+01
4.780572566217605157e+01
4.707729193524736644e+01
4.858592500963192862e+01
4.806846397608939725e+01
5.122417246270984492e+01
5.098771201972173372e+01
5.095045353655566345e+01
5.195903668806491282e+01
