3.908350908539905966e+00
2.997279749603751764e+00
1.876697172603024599e+00
2.196491871239074634e+00
4.006576502614984214e+00
5.968763903642163804e+00
3.224099080695943975e+00
5.419390755649486913e+00
5.438839727341840735e+00
6.306870188169445335e+00
7.786364938469080954e+00
6.399359388064191023e+00
9.418719520689501579e+00
8.397829713396015805e+00
8.107230860173263665e+00
9.409551002736515457e+00
9.994092260134632255e+00
1.171710342514846914e+01
1.204985427488403005e+01
1.055267515288607960e+01
1.039337274183782256e+01
1.334853187483408732e+01
1.231718248679117345e+01
1.324673185732260805e+01
1.360841166892092424e+01
1.271962469589198186e+01
1.432558806793133144e+01
1.445574618944428913e+01
1.600868798248556857e+01
1.574839538880351242e+01
1.597487663562680993e+01
1.675007799707014655e+01
1.839006942621728058e+01
1.934583990861135661e+01
1.932320905186998061e+01
1.811485698317484960e+01
1.994831819554205765e+01
2.088413324234770485e+01
2.057535202373468053e+01
2.201866836256548865e+01
1.931183024328631959e+01
2.241428896584234209e+01
2.195913926024221041e+01
2.218931078210722063e+01
2.313059398945312850e+01
2.420211464582775562e+01
2.500090916414561093e+01
2.453073328578770074e+01
2.671771629472400988e+01
2.687756711222689532e+01
2.728817449404726148e+01
2.643234124838805599e+01
2.804500005666920970e+01
2.987730737179233031e+01
2.834615351717457088e+01
2.916048304386988477e+01
2.977262353060688582e+01
3.018952826155780045e+01
3.082994300362742024e+01
3.106817401811327528e+01
3.222806383229725924e+01
3.382553157372515784e+01
3.397154574294236795e+01
3.301919772505380735e+01
3.505742899424148362e+01
3.376667227247109793e+01
3.617264955975009855e+01
3.373070538705349009e+01
3.685157545547448166e+01
3.685484143618581498e+01
3.724593172811585617e+01
3.771216836625483637e+01
3.721436426428432043e+01
3.902333403793171840e+01
3.929396885674024986e+01
3.926063255315527556e+01
4.034800346070014143e+01
4.171263369019754919e+01
4.100341909125939566e+01
4.310165605050195836e+01
4.232683402729310984e+01
4.087591546137415577e+01
4.086894383790319552e+01
4.303635815374121876e+01
4.434515535705475031e+01
4.222485216537412356e+01
4.508099568133386015e+01
4.363821391086637647e+01
4.555813554223703932e+01
4.526765630383452788e+01
4.629037622307929212e+01
4.612762788947016901e+01
4.813356029684875637e+01
4.744508351884377362e+01
4.987106011260121363e+01
5.028195653395258091e+01
4.910916388761176421e+01
5.204263029462649115e+01
5.096582371735284767e+01
4.961612189143998819e+01
