1.378192112933215974e+00
2.077578823143813480e+00
2.196805822648820961e+00
4.154352052726091316e+00
3.441011101974445374e+00
5.498625062636726568e+00
5.247844135517173214e+00
5.079386719819044771e+00
6.385800057912340399e+00
7.531561554449080376e+00
4.557211702308021195e+00
6.723736170140522717e+00
8.078765253059581042e+00
1.021821292291644490e+01
8.064268256824849601e+00
8.362709500708218613e+00
8.017309468125045413e+00
9.700357824478443192e+00
9.843129529434921920e+00
1.167494258331792523e+01
1.402615930939153799e+01
1.406219275127451596e+01
1.493365435886092030e+01
1.335519573980625729e+01
1.319462769304013960e+01
1.499353800437791229e+01
1.381490722277094818e+01
1.379184061306896147e+01
1.661001206043647116e+01
1.559076352956528488e+01
1.620660297866017885e+01
1.687168920315570730e+01
1.806770369210293481e+01
1.883771783435402725e+01
1.873297738730966699e+01
1.770631191856381648e+01
1.788867498719380578e+01
1.903798614067666861e+01
1.996314782410088995e+01
2.181286321697756492e+01
1.981127471737912771e+01
2.224238403539722597e+01
2.108372050080827620e+01
2.229094684368586954e+01
2.384521660910673191e+01
2.294887457413052445e+01
2.485266492462582733e+01
2.433455998632240380e+01
2.570476495766726899e+01
2.658075311100738602e+01
2.970453015416081044e+01
2.686866160494681210e+01
2.850232145406515727e+01
2.850131472650659958e+01
2.793490711565254969e+01
2.978176034142438056e+01
2.964458533117671024e+01
3.073328117230920142e+01
3.161885005134627136e+01
3.058069412330227621e+01
3.163093657696592942e+01
3.141095114271483624e+01
3.216648454331346585e+01
3.292523197648158373e+01
3.435479790570361303e+01
3.649587940498113170e+01
3.501180653749717209e+01
3.626015325148986790e+01
3.538114576777686437e+01
3.604766523146346913e+01
3.684993551754435970e+01
3.750574780907717098e+01
3.780304915822573264e+01
3.925196979996473345e+01
3.879159254464693873e+01
3.994611966295389038e+01
4.049621839899017317e+01
3.920331949777739311e+01
4.102011441358125410e+01
4.262391725829507294e+01
4.259785588031075321e+01
4.286797805838770614e+01
4.240237776012403970e+01
4.449882685953085826e+01
4.433952216575064398e+01
4.290256013542386881e+01
4.342344182403499531e+01
4.543886536232017193e+01
4.714563255542752529e+01
4.566220332869467313e+01
4.709404271479012749e+01
4.898175357663491525e+01
4.726731627675145830e+01
4.857382101020940013e+01
5.096289586809916017e+01
4.949679094122674172e+01
4.864316544152950428e+01
4.989545432550635695e+01
4.902111894050497654e+01
5.139686126160312085e+01
