2.576767144348834027e+00
7.046530942334621184e-01
6.805053075182496691e-01
3.740789371676499719e+00
4.186698622587633700e+00
4.828635510416733112e+00
5.326746379873265269e+00
7.841082407006164878e+00
7.783890822402461218e+00
8.174013584912140473e+00
4.830963077142031104e+00
7.581299211624719980e+00
7.976478460012005556e+00
8.470779212218690901e+00
8.869099636867643355e+00
8.271669198592304539e+00
1.056367524180708983e+01
1.020696978109812747e+01
1.138633680385115099e+01
1.179446687217350309e+01
1.244509185006704577e+01
1.285016552288993097e+01
1.292328974933646002e+01
1.446697506854109960e+01
1.411980298119642185e+01
1.615463029534608808e+01
1.520200393507897729e+01
1.538923242281590475e+01
1.720837239769688054e+01
1.830316080058651096e+01
1.570888500611122218e+01
1.831736146937102561e+01
1.845361957618379378e+01
1.721775399779054538e+01
1.771788719435029336e+01
2.033012295829660232e+01
2.061718268157770595e+01
2.120231840423840808e+01
2.165129668148239617e+01
2.108355966424454309e+01
2.085086264800065692e+01
2.261941857452542592e+01
2.593350684642758353e+01
2.396368072796992621e+01
2.343739146416191943e+01
2.445774470215464191e+01
2.739971696200651508e+01
2.477924775429539750e+01
2.832293608074386171e+01
2.554100308784062179e+01
2.672079169846956148e+01
2.757363615673877177e+01
2.738031002546910742e+01
2.953758445620764306e+01
2.733535479097641030e+01
2.822397237298297057e+01
2.901022693238532213e+01
3.080058612126980222e+01
3.024684071765589621e+01
3.205499753981655431e+01
3.203670187518248724e+01
3.372064973948882738e+01
3.277247788092027747e+01
3.120392933837807448e+01
3.369687620420783247e+01
3.603067260473764577e+01
3.315110605641934427e+01
3.575921990744659951e+01
3.601396550225241100e+01
3.726973509886402525e+01
3.800613444824502807e+01
3.689899015423750939e+01
3.611390520904581791e+01
3.751571690193008379e+01
3.841779839116630768e+01
3.948494093305980357e+01
4.027321234041052378e+01
4.042835236958069345e+01
4.168310149399798092e+01
4.075092513818973572e+01
4.237190811425029580e+01
4.185564763820394063e+01
4.229318460293538351e+01
4.354025271663416419e+01
4.486053237222351697e+01
4.341820369048336659e+01
4.688954627842058898e+01
4.593840491783616642e+01
4.576220289686042264e+01
4.838120547656719594e+01
4.663851787811155702e+01
4.851381410750624212e+01
4.844041014614305851e+01
4.707372408225838711e+01
5.064851604623325443e+01
5.029527647078175789e+01
4.864184767545820165e+01
5.185854701250641341e+01
5.169610325639028758e+01
5.077352445074704690e+01
