1.691590144653530636e+00
2.004735157838490878e+00
3.608086878794674490e+00
3.840618257746435393e+00
3.484214245748316507e+00
3.167350956400618589e+00
3.711434679748120580e+00
6.950450513479540682e+00
5.787819661282063599e+00
7.110383708368028799e+00
6.846198696414496965e+00
8.916390149396825393e+00
8.560999530443828220e+00
1.027833789306037993e+01
1.110849115256641895e+01
9.952318696110578955e+00
9.756983080097375804e+00
1.053740908488866523e+01
1.131009073373958351e+01
1.148660420928827541e+01
1.327154074535477335e+01
1.238082224547309274e+01
1.493899988743701890e+01
1.376289835326321764e+01
1.423283419482884327e+01
1.330371363807235063e+01
1.479176996469905880e+01
1.656465018633538477e+01
1.533462172467741524e+01
1.657721193547761018e+01
1.704772932880064573e+01
1.724272276721842090e+01
1.818049750144314558e+01
2.059630296665955385e+01
1.942815124899815160e+01
2.076433404788210879e+01
2.015698879651355924e+01
2.268458781131564805e+01
2.186760308274713793e+01
2.057354204542782483e+01
2.322313594897057953e+01
2.195626870034666211e+01
2.232898429014603892e+01
2.355141333211937393e+01
2.405659960932909414e+01
2.423680586436558926e+01
2.405127184749866842e+01
2.436205218839057451e+01
2.509446336530040611e+01
2.432831997674349012e+01
2.817492344192754317e+01
2.638820668539937842e+01
2.825247550663859286e+01
2.946367383266007423e+01
2.999946233855582278e+01
2.813479668017031443e+01
2.962742940051555252e+01
3.106482377144604001e+01
3.025403797102041281e+01
3.027349129012342743e+01
3.357650610240492739e+01
3.148960314595369070e+01
3.349730770247370515e+01
3.425993118024784678e+01
3.689578613747114844e+01
3.543860298316822366e+01
3.579192545165914652e+01
3.466884595877141351e+01
3.787012785804695625e+01
3.602531339879584493e+01
3.538160912323732532e+01
3.853051162284724995e+01
3.821660156794094831e+01
4.125707353152124313e+01
3.928220215562895845e+01
3.980460158109912072e+01
4.030751642007753333e+01
4.048541072611025271e+01
4.173714867046121668e+01
3.949211262935540390e+01
4.207404290203905362e+01
4.299914517384281254e+01
4.168294798973473547e+01
4.365559869296177453e+01
4.371189289266317957e+01
4.578037087214961076e+01
4.349116447172148270e+01
4.344606508666203837e+01
4.551512338742821839e+01
4.679437787257388948e+01
4.681279597439976925e+01
4.715127624096840009e+01
4.885020091716186386e+01
4.871089107783660666e+01
4.937221866426035888e+01
4.989513682660223992e+01
4.821551735964366259e+01
5.038728502768974948e+01
5.088492777013952661e+01
5.261622058250131317e+01
