8.628270000855347011e-01
2.186043057905750597e+00
2.185804738654661961e+00
3.326040918550906778e+00
2.626387422013813477e+00
3.017625668079122025e+00
4.230956326971359260e+00
4.662700151019827821e+00
5.531308716529780511e+00
7.234573649070432211e+00
6.491610641546978755e+00
6.433935742285135539e+00
8.612903321420398939e+00
6.324794541320096997e+00
7.997681592008641260e+00
1.004646852133152635e+01
1.030905424088187061e+01
1.252409295983042625e+01
1.078627865112100181e+01
1.194446062857146273e+01
1.180204644391934288e+01
1.165124594371257416e+01
1.195034151871269756e+01
1.297055829058480114e+01
1.346069552465294095e+01
1.508642101122254964e+01
1.511069343429906375e+01
1.654901311159996169e+01
1.562076148539167697e+01
1.728799492224890955e+01
1.829437564202389765e+01
1.550729241432540562e+01
1.650941790992731129e+01
1.762634749132726952e+01
1.888678618161566902e+01
1.846737979137240870e+01
2.095506396484928402e+01
2.000017875645337995e+01
2.185459453010846076e+01
2.155995815628185852e+01
2.060431400629968479e+01
2.103891408446520472e+01
2.253796996718918066e+01
2.372884250568659681e+01
2.482131884055912252e+01
2.463631856332311187e+01
2.528655185124338445e+01
2.465825569623624247e+01
2.649432026383728456e+01
2.717708372380834803e+01
2.526501981689110465e+01
2.657229588313705904e+01
2.847705234169193389e+01
2.877528561641969418e+01
2.834726987857790093e+01
2.955951919490086155e+01
2.861624487567491215e+01
3.035886829574010548e+01
2.935595257510838252e+01
3.148747765558341882e+01
3.299755525505064924e+01
3.253838767031803059e+01
3.283463471860262928e+01
3.406497186817161094e+01
3.435989407877069368e+01
3.541927911749943547e+01
3.487514087925388395e+01
3.497634136450478337e+01
3.755418763467897492e+01
3.626307752303882381e+01
3.766553824503513681e+01
3.859906420424928797e+01
3.642718960050415689e+01
4.056308514882882577e+01
3.837083586230262000e+01
3.943435580771567572e+01
3.778796084403037980e+01
4.018705933793413010e+01
4.108499636009022993e+01
4.109267618699759339e+01
4.133329384558061292e+01
4.351206692649014229e+01
4.289498344891816828e+01
4.328570690732059489e+01
4.245934830604778654e+01
4.554794906789974362e+01
4.423168947344159108e+01
4.613586216044261334e+01
4.501716349261865702e+01
4.750385130732480121e+01
4.618799913159432435e+01
4.658156299280431512e+01
4.815844372453636169e+01
4.859297322236069050e+01
4.898437754157176016e+01
5.048256294640435726e+01
5.019708303950596928e+01
5.166320550415889556e+01
5.205364881435916402e+01
4.944432631508126974e+01
