2.028503209614810121e+00
3.176471798525462908e+00
2.301664143152833741e+00
2.743251686618680019e+00
4.735603984692526858e+00
3.742534733305439509e+00
4.408651682895142088e+00
5.986343335999417370e+00
4.863863708306324973e+00
6.957585996425065922e+00
9.442406084879813477e+00
7.121846219759283336e+00
8.198488612426233502e+00
7.948917776297116156e+00
8.895961807405829092e+00
8.798833549983609004e+00
1.186180541880349715e+01
1.045352822777677204e+01
1.212176859179758459e+01
1.087455100707458477e+01
1.151335862698140566e+01
1.225368959652389655e+01
1.486502481255167929e+01
1.269012864546301067e+01
1.308784359987507884e+01
1.444426295877128119e+01
1.587399393959070437e+01
1.508532169840770010e+01
1.467280124233646887e+01
1.753113533399442403e+01
1.716265414338326778e+01
1.838493178532448979e+01
1.738680973579242206e+01
1.863446488181149263e+01
1.885779846138386162e+01
2.047459868256138549e+01
2.059718913568521970e+01
2.184525122428351551e+01
2.077210487594160071e+01
2.300428253410393253e+01
2.171255560216469505e+01
2.380960171211084742e+01
2.380040387044428485e+01
2.173587453441081863e+01
2.345874510887148645e+01
2.311172891384699923e+01
2.540734357314435243e+01
2.522288217043784186e+01
2.636920929262398516e+01
2.747757323112483974e+01
2.785516025587761035e+01
2.733067417213804973e+01
2.772264719750458895e+01
2.791542630564894267e+01
2.845774413270229530e+01
2.791025501307472823e+01
3.242343483856357977e+01
2.959492859973014589e+01
3.032661840280874443e+01
3.250160443307857605e+01
3.340530248512833822e+01
3.217995283939842466e+01
3.263172594758465550e+01
3.134180056362035316e+01
3.173080936403224683e+01
3.340402292077865098e+01
3.649898298785869599e+01
3.599880879770653053e+01
3.589204257207337889e+01
3.662305425377860502e+01
3.621840603166953798e+01
3.707328262904084681e+01
3.978651396855927658e+01
3.692487186837666968e+01
3.998333474582490510e+01
3.786854187221766210e+01
3.855840665865379435e+01
4.008181412999449833e+01
3.948463240996530033e+01
4.196240328045089996e+01
4.320646888015111386e+01
4.267468521520764568e+01
4.261615897018965882e+01
4.413637609006769225e+01
4.392563324054773233e+01
4.504118554192873347e+01
4.569481214867503382e+01
4.585976166004724774e+01
4.529256797653738431e+01
4.585468506282796852e+01
4.738908214426312071e+01
4.729318862936168699e+01
4.922474635139923294e+01
4.936780116191860657e+01
4.860419309918194841e+01
4.923850080857053513e+01
5.025269817192278765e+01
5.012009599664520465e+01
4.936517911808669368e+01
5.043796665237591270e+01
