2.763026397329927164e+00
2.349905822628993946e+00
1.418564194002943646e+00
3.909554450296656380e+00
4.561281215301312919e+00
4.599923005583125502e+00
5.500126479368398158e+00
4.087771517956279688e+00
5.500298096403636094e+00
5.926070302490009212e+00
6.222042987620826082e+00
6.590109845778107101e+00
8.824400717710018327e+00
9.356545958464193902e+00
9.304738563254273842e+00
9.361868441146883768e+00
1.107525893481975743e+01
1.063125528738104464e+01
1.176910879678090538e+01
1.213998446154589139e+01
1.120020683047119547e+01
1.356171766513711319e+01
1.246190420786079578e+01
1.508732852748148190e+01
1.312611621484554725e+01
1.495392919178840785e+01
1.613455581860790744e+01
1.581534824767244807e+01
1.497579268871049507e+01
1.447831280687546318e+01
1.723908691149971872e+01
1.736960233622999894e+01
1.607151849895840812e+01
1.891265987629630985e+01
1.835870884735677322e+01
1.997477700155956626e+01
1.989913992855703384e+01
2.129417057730718810e+01
2.151506747638696027e+01
1.984886949716826621e+01
2.288008611086090838e+01
2.158071133146646048e+01
2.346597724445581434e+01
2.398701428956710302e+01
2.566385109811529475e+01
2.405607825937161692e+01
2.532240800080565180e+01
2.523689013584091256e+01
2.612626683669288497e+01
2.603091138221235568e+01
2.616490850117995137e+01
2.909565675250619066e+01
2.575003655190319662e+01
2.890564126464238015e+01
2.891146412690966017e+01
2.799688434586074948e+01
3.121213835933658132e+01
3.025599696802601102e+01
3.221375584505968703e+01
3.302522172029384251e+01
3.165105800873490693e+01
3.422063437431834387e+01
3.349436036069347011e+01
3.324970998137994371e+01
3.406643309313990642e+01
3.346940503239820686e+01
3.416371326809163378e+01
3.570006227944461585e+01
3.669276591243571772e+01
3.629290115238135428e+01
3.761873001762428004e+01
3.753907713972243698e+01
3.831476451580657994e+01
3.783068185182865761e+01
3.659436320089793782e+01
4.102407802681969429e+01
3.780444799949631829e+01
4.137236804638222765e+01
4.080248364119606208e+01
4.089219300702380622e+01
4.148455729134625614e+01
4.347017227926753691e+01
4.224326901273087742e+01
4.284592162196484821e+01
4.401865748005823065e+01
4.252613174524182682e+01
4.416971970457957752e+01
4.481660087616980093e+01
4.558324675535801163e+01
4.526794889158253454e+01
4.664761784437338576e+01
4.807136752229987309e+01
4.943680144905554386e+01
4.847884931853428014e+01
4.862565594464224716e+01
4.868184736448754535e+01
5.183605670725171422e+01
4.959706864100637347e+01
5.229366042295595918e+01
5.263813652117350017e+01
