4.300569996673299755e+00
3.445310468031286266e+00
2.548683760708083224e+00
2.086023106360628709e+00
3.072830341756328743e+00
6.955244563199961760e+00
5.006814367450037828e+00
5.454040915495730779e+00
4.789422343257134784e+00
7.809153907776787307e+00
4.921267114147799937e+00
7.612833989934716605e+00
7.306252528331619978e+00
8.919858535964412027e+00
1.005439749211005562e+01
8.522912251064331812e+00
9.436066701617985331e+00
1.070137460239552141e+01
1.115797279521260599e+01
1.125976130446594325e+01
1.209793016791283726e+01
1.285647012769253195e+01
1.316581120982732678e+01
1.317262315986002896e+01
1.315003640441610955e+01
1.461030920682752843e+01
1.647443607267662102e+01
1.474326334277955475e+01
1.395974611501377538e+01
1.687879793717291221e+01
1.741574726044288113e+01
1.909747323925584439e+01
1.809141621839195224e+01
1.897373165666654771e+01
1.921181992727151311e+01
1.985378034951844128e+01
2.077886942244388635e+01
2.065775219789171047e+01
2.101724084324638042e+01
2.072751019183641930e+01
2.205867873754050024e+01
2.250044888943906685e+01
2.308940172282242642e+01
2.292354736655893177e+01
2.606863311829012630e+01
2.498245707959189232e+01
2.361705307490485950e+01
2.499996998236543888e+01
2.538132568790312860e+01
2.603274561000486642e+01
2.631589634214097018e+01
2.947542949127088008e+01
2.718948807616633445e+01
2.960114581814371348e+01
2.844057493627452615e+01
2.994238844523624721e+01
2.793963990518933826e+01
3.107079141929177624e+01
3.182656985474760347e+01
3.148106997026063425e+01
3.299508304547205739e+01
3.278225000482954243e+01
3.183972379728303892e+01
3.359689530100060750e+01
3.353584279281763258e+01
3.412230484574968159e+01
3.362046552706666347e+01
3.609486180999169136e+01
3.465821825218959162e+01
3.596428419118424813e+01
3.641180201133133210e+01
3.681776853622949375e+01
3.710661454475481946e+01
3.724380994354577723e+01
4.008895206694874247e+01
3.927771425892406398e+01
4.029043624857596484e+01
4.023369545011261295e+01
4.154977845166332884e+01
4.071816907413364106e+01
4.146826210710808169e+01
4.185250989826346313e+01
4.237661943641466422e+01
4.194774207657193443e+01
4.621148134452729295e+01
4.398499199366980150e+01
4.331007284610391395e+01
4.667396168894826047e+01
4.600651113458769714e+01
4.711783508770951556e+01
4.653045691461836242e+01
4.694714407950047530e+01
4.749629339609448664e+01
4.824669943260857252e+01
4.997110605653789861e+01
4.919220017327844374e+01
4.842636704978173867e+01
5.189602461063243055e+01
5.072797689978507663e+01
5.101023531630148256e+01
