8.620225857966603566e-01
2.420594384265552623e+00
3.612981036356636366e+00
1.770088862967211352e+00
4.081752320144051538e+00
2.640287898770980135e+00
4.823345362903713962e+00
4.513694486260051875e+00
6.106653282228331925e+00
4.693667096896364299e+00
6.457049576678850045e+00
8.221046581598765002e+00
7.289132587261994090e+00
7.568795318862233223e+00
9.198442848424940976e+00
9.827185806193906359e+00
9.488737040264554778e+00
1.029895201137068206e+01
9.951109418382236171e+00
1.110739529536578374e+01
1.151219022592089480e+01
1.190882463397960400e+01
1.450693033975180057e+01
1.523835829270528031e+01
1.399229310088596279e+01
1.298803303545284926e+01
1.384644140574866356e+01
1.514114526558138607e+01
1.660312449975507576e+01
1.612811688012987332e+01
1.751144627344762483e+01
1.823635659652853391e+01
1.837861201860162197e+01
1.728079066921526064e+01
1.951592085399576249e+01
1.902297251230473307e+01
1.913143170185779596e+01
2.140649391711219351e+01
2.160681784981862563e+01
2.026170181098829914e+01
2.103881482739599917e+01
2.126482904242144656e+01
2.290705920621436320e+01
2.219444945860036711e+01
2.348070458651071846e+01
2.427542701639864475e+01
2.415841641055982336e+01
2.452495096771100691e+01
2.605757687949846968e+01
2.704840485405790673e+01
2.723924755839907874e+01
2.608333226269254723e+01
2.754909799443697693e+01
2.785380417789442475e+01
2.837208931309864468e+01
3.071309762153912004e+01
3.052892701731496672e+01
3.073850446404797765e+01
3.043059528005017711e+01
3.226594194973790763e+01
3.123380268034547314e+01
3.267746497015397011e+01
3.247117043619105203e+01
3.326245620319702567e+01
3.393337605513909239e+01
3.475983784757578832e+01
3.612562185141027982e+01
3.606945683855955309e+01
3.692851320581983288e+01
3.705598612038907902e+01
3.617060817223606506e+01
3.844674719038531663e+01
3.842872274394157017e+01
3.864857036449831185e+01
3.771689331536936152e+01
4.007319130493733894e+01
4.089743188804519036e+01
4.032643353632168726e+01
3.999669875505654915e+01
4.113713731886616642e+01
4.228548233309104631e+01
4.307753228328954265e+01
4.139472675457897566e+01
4.423257602531956678e+01
4.229743013418403308e+01
4.614646980827115641e+01
4.478879718105824281e+01
4.556076868936540336e+01
4.615348974349742406e+01
4.543742861990018156e+01
4.691468777319030181e+01
5.006802927360178046e+01
4.874477767960028274e+01
4.788252233797276602e+01
5.078790031455194764e+01
4.879826897892838389e+01
4.890204659010727539e+01
5.031846804361875769e+01
4.976945288422806613e+01
5.259779950249840397e+01
