-9.182324830502208712e-02
1.739219985390612067e-01
3.676963893293665908e+00
5.039212471178563746e+00
5.852466954485006312e+00
5.486659849072244022e+00
5.787008648270749234e+00
5.278944069866811972e+00
7.103470764704550078e+00
5.385047807418585464e+00
7.067637846145483849e+00
7.865958423068799554e+00
8.225761945170724232e+00
8.108066221853899691e+00
9.969602632853884927e+00
9.621335434788832686e+00
1.041888697691778098e+01
1.057466664063442252e+01
1.089035277229796428e+01
1.491574017672362373e+01
1.165973152656179046e+01
1.136753823385131845e+01
1.481525269022271196e+01
1.265717998139417233e+01
1.449149125330206722e+01
1.396271202202428086e+01
1.529507695189066574e+01
1.598346118411698846e+01
1.519433909802376981e+01
1.816549556327797887e+01
1.684008010294597213e+01
1.749211489957117749e+01
1.813236330525156603e+01
1.764006276628089509e+01
1.999362073310609489e+01
1.951339913305184837e+01
1.850854480219668474e+01
2.013809963485267929e+01
2.140865199502076877e+01
2.013090165753993688e+01
2.264006158650508738e+01
2.366372150466215274e+01
2.306700158819402446e+01
2.266478029553949014e+01
2.429932343997903743e+01
2.582742353061810547e+01
2.196555276179813632e+01
2.526105260916311934e+01
2.529221832560623895e+01
2.643569316896060784e+01
2.756860208758496000e+01
2.849822113235909526e+01
2.697603282258887347e+01
2.809500100056516203e+01
2.823023584682250942e+01
2.893551192521101001e+01
3.023011703009020223e+01
2.980692212537550034e+01
3.054809584201520778e+01
3.144104759295430895e+01
3.218466488122104607e+01
3.433782856535334105e+01
3.388959078132485558e+01
3.327823123639981162e+01
3.355736509686170166e+01
3.481588527035696501e+01
3.526873002591780448e+01
3.640491287834448997e+01
3.777423516898868883e+01
3.645789015838379044e+01
3.644683224415825862e+01
3.916305752418553254e+01
3.772032064506929316e+01
3.825054583352007143e+01
3.621911149788603268e+01
4.096943745284220029e+01
4.102594533424819190e+01
3.961601221397611994e+01
4.310446193859250030e+01
4.044701517908295330e+01
4.283284494615985238e+01
4.212064271715068742e+01
4.312587549219243499e+01
4.285770589856438306e+01
4.699656591639474357e+01
4.439063478555281961e+01
4.441185747030831266e+01
4.511425466301667342e+01
4.620193170288782625e+01
4.663780588018172324e+01
4.605671581447502660e+01
4.835240622698033519e+01
4.904782135968132906e+01
4.709049167929600088e+01
4.856045744614078785e+01
4.889750251312192830e+01
4.996874849181344302e+01
4.912628688506640628e+01
5.276724330001628260e+01
5.297964415795830462e+01
