1.794404550012202115e+00
3.373437230932706310e+00
2.072495893528189193e+00
3.269591317057041646e+00
4.087047544291634971e+00
5.064115160869691046e+00
4.621518680275896074e+00
4.942645503344692770e+00
5.495665259994447993e+00
8.019345969067849467e+00
4.812357662104560063e+00
7.950858020795717351e+00
7.622848718379674260e+00
9.312191256464037892e+00
8.803317787833845998e+00
9.879960931538983360e+00
1.007880932269806173e+01
1.132576763680681431e+01
1.054304100544397294e+01
9.866045209381969272e+00
1.114394140138359823e+01
1.380516032088036660e+01
1.247672124730452303e+01
1.295436897983909574e+01
1.485425020588866474e+01
1.362609409314118203e+01
1.336564751795514283e+01
1.477480601501062552e+01
1.771351782050976809e+01
1.768366723560142262e+01
1.962026873052844067e+01
1.881157401119017081e+01
1.881876963995881269e+01
1.804728586084603492e+01
1.986449389068677007e+01
1.859271529857758054e+01
1.956058478218826124e+01
1.874828432672397582e+01
2.159731862831443649e+01
2.176803111090309883e+01
2.159500559601377034e+01
2.254608788416714305e+01
2.207199594642341367e+01
2.277320965437594324e+01
2.397417096555560079e+01
2.450508888097349214e+01
2.626524441192505677e+01
2.607505643281805519e+01
2.513390720575961268e+01
2.588937801635641378e+01
2.640261060297377327e+01
2.667207431802506790e+01
2.731734705912454331e+01
2.719990962579431937e+01
2.782571142747352511e+01
3.190611195380444798e+01
2.889394094200787322e+01
3.044600063617504659e+01
3.111404639618698909e+01
3.145112462516450691e+01
3.244149187997165029e+01
3.375374375658918069e+01
3.294510279084925486e+01
3.353719288729138981e+01
3.422961536202629418e+01
3.445178069852673985e+01
3.678495886371474199e+01
3.423620728845584438e+01
3.468978574542713744e+01
3.600012214171186287e+01
3.620878226094829699e+01
3.874936641091706946e+01
3.918678551243153407e+01
3.819675291755564217e+01
3.870914078811374992e+01
3.899506292226467252e+01
3.951820357031067488e+01
4.022233687878147634e+01
4.212065398905602365e+01
4.223977512752838948e+01
4.073737891608228523e+01
4.440889265881905601e+01
4.324519838427811891e+01
4.379684890511890671e+01
4.471785875456163240e+01
4.540440982069347342e+01
4.348802612481735963e+01
4.502155027880466776e+01
4.592308494295575372e+01
4.653628260276914119e+01
4.651857743428756464e+01
4.731105443947052436e+01
4.932832214250918668e+01
4.854052064840838199e+01
4.871789214054045658e+01
4.974516339583556856e+01
5.007480825249297141e+01
5.101504927036756243e+01
5.172830131362541550e+01
5.077979760918665164e+01
