2.075408442507836515e+00
1.493998037072755247e+00
1.095709787086217357e+00
2.205323523267759711e+00
3.339441831226796165e+00
3.530408342368818175e+00
4.185065944332906795e+00
5.217366335677417588e+00
5.410855514951756540e+00
6.972794062347599464e+00
6.293733999983682992e+00
8.467849884158033191e+00
7.108238807110481616e+00
7.122253078161058681e+00
7.065419492855494532e+00
1.063941833789957592e+01
1.032122103941227742e+01
1.080814706540671999e+01
1.068845273454959255e+01
1.128698720599260596e+01
1.108428854991556456e+01
1.086284275919673270e+01
1.405795121595718022e+01
1.401391945038606224e+01
1.346838482881792842e+01
1.505985077400481131e+01
1.635480702154107391e+01
1.642015377670840692e+01
1.619139894535987168e+01
1.782644389734257828e+01
1.752508477321936908e+01
1.876220583245409657e+01
1.806042061198677828e+01
1.780607578104526922e+01
1.999357641742063407e+01
1.935089626546414010e+01
2.038890924239047919e+01
1.984901457680989623e+01
2.050037713345657409e+01
2.260180245598425586e+01
2.295479838300522957e+01
2.323577204393745532e+01
2.238073239126747538e+01
2.396174839930983680e+01
2.370809588793895273e+01
2.434950291221995755e+01
2.480268952679948313e+01
2.657174464871366837e+01
2.587597329136725932e+01
2.561093934911261627e+01
2.730780803805577861e+01
2.876936027737956536e+01
2.736683693160762232e+01
2.821985767633465159e+01
2.949038108678812264e+01
2.816299798009078614e+01
2.969727539081441137e+01
3.087019695658510798e+01
3.053915573291946117e+01
3.245292587496679459e+01
3.372736196904329375e+01
3.243032696372938517e+01
3.275666734808692837e+01
3.437409827886246205e+01
3.373763632869459173e+01
3.512067418128424379e+01
3.391444408294267987e+01
3.480097298418628071e+01
3.547119448660674834e+01
3.538649177985905681e+01
3.651586709065287550e+01
3.709166054309416438e+01
3.705058496924950617e+01
3.846001735660161103e+01
3.900622812269286044e+01
4.062698949360247980e+01
4.074035336060107682e+01
3.984157090471195062e+01
4.130529384548606231e+01
4.231183146978921883e+01
3.992121227210210321e+01
4.235999287433406835e+01
4.362196508556736063e+01
4.240467786410989959e+01
4.284359151403685928e+01
4.461067812756557061e+01
4.492158001354410146e+01
4.489358079694293480e+01
4.621991158660151910e+01
4.662630721664817912e+01
4.692750062706270597e+01
4.560164174864745235e+01
4.839622469939831717e+01
4.823348025213802970e+01
4.891969367737242180e+01
4.901189066378794479e+01
4.941061423441983891e+01
4.988243434816359922e+01
5.272289700161105941e+01
5.114881694673693602e+01
