1.210389201863125930e+00
3.661286237543258437e+00
2.391435322015322384e+00
3.704196340169036539e+00
3.118365643333083526e+00
4.063461309778984898e+00
5.876053222255456454e+00
6.115995179428140638e+00
5.637998101694085662e+00
5.964052100630001796e+00
7.034850652834557572e+00
6.741106522906670229e+00
7.194249935185603739e+00
8.526196697229854848e+00
9.838069755515876480e+00
9.446497486424529910e+00
1.086695246924380243e+01
8.697239830371664482e+00
1.268122010716594517e+01
1.202424888635546374e+01
1.147395384051475276e+01
1.203807854407542699e+01
1.220696816178319288e+01
1.341068767736569889e+01
1.465250224859903305e+01
1.323750665552560513e+01
1.497051302996932876e+01
1.724203086894467418e+01
1.657563615492517073e+01
1.576893492239637418e+01
1.567106406079413006e+01
1.546226852048318712e+01
1.573376396410028732e+01
1.697183213108554156e+01
1.980264486657115341e+01
1.920857874542321753e+01
2.035362962375566909e+01
2.131991259946329365e+01
2.206275881728424082e+01
2.233829034719684614e+01
2.300591932210365087e+01
2.362268524052416652e+01
2.230012205422616134e+01
2.234684883680863265e+01
2.352139200717262568e+01
2.535142559323398359e+01
2.409617914326545574e+01
2.541110125935604813e+01
2.659740251844234038e+01
2.684625280981155626e+01
2.792840801549026608e+01
2.832367966056862230e+01
2.851475174872245333e+01
2.776510260495193805e+01
2.990867497360698124e+01
2.897499131930351268e+01
2.995741385488654274e+01
2.978494764570935160e+01
3.209964042090439307e+01
3.115905268193137090e+01
3.217737137728152419e+01
3.118558693242025726e+01
3.494845364377092523e+01
3.552628882468364679e+01
3.325407963218586360e+01
3.265612137546406046e+01
3.500093461667726302e+01
3.426455753035913432e+01
3.414614953517958895e+01
3.678411731487259573e+01
3.842627020635051593e+01
3.723044398737859240e+01
3.761749514116495874e+01
3.861283336534267363e+01
3.652901936048552756e+01
4.108422726119363944e+01
4.090814332687548216e+01
3.984258621948143997e+01
4.152579895764128537e+01
4.215094705567273792e+01
4.212609810000243726e+01
4.181289583451175673e+01
4.208282458795424930e+01
4.422727921223808067e+01
4.404040342879189751e+01
4.555312963693438633e+01
4.293801098832120289e+01
4.633603788140462143e+01
4.613512779698943689e+01
4.563259792228967626e+01
4.727703882341128150e+01
4.623137547773978184e+01
4.734895360507386641e+01
5.060395138227882228e+01
4.834686466844067354e+01
4.926142954973331456e+01
5.099091357471978370e+01
4.973102232070021245e+01
5.113089906846280286e+01
5.001128995520360121e+01
