6.931768688877413265e-01
1.466551215295252231e+00
3.493508766093749607e+00
2.694576266304841816e+00
5.876240488823603059e+00
5.250489328514714948e+00
6.233134221833261712e+00
6.359132025525260801e+00
4.397147309634847012e+00
7.315969499363345285e+00
6.162155999015511476e+00
7.919396849352468237e+00
9.002490239033893005e+00
1.044478596526203518e+01
1.141267113122805910e+01
9.812976233931779646e+00
1.026055615507686980e+01
1.023711245970925887e+01
1.204368988744433189e+01
1.231576752061113567e+01
1.012842873195707760e+01
1.244141585992484700e+01
1.288540806749469780e+01
1.300659960325914177e+01
1.425527829190592399e+01
1.546827598606146026e+01
1.656519938301402561e+01
1.626319961143639858e+01
1.667730138466239609e+01
1.677806697792504309e+01
1.802713308322156394e+01
1.872975776881203203e+01
1.755346951567593550e+01
1.911165333904363806e+01
1.856081621818225713e+01
2.112778798077085440e+01
1.994050706669461803e+01
1.950043441132728006e+01
2.167545549942307659e+01
2.147761472624773305e+01
2.289645501779278192e+01
2.217050448463870183e+01
2.465224256523073620e+01
2.283978024111581462e+01
2.330106805937865389e+01
2.281218175210265287e+01
2.375477993208045291e+01
2.522650872237851161e+01
2.459770594898022722e+01
2.698195285546225364e+01
2.433651637577877835e+01
2.618458429801375331e+01
2.711037057523282101e+01
3.032472619575057848e+01
2.920187161723644920e+01
2.961286119270171824e+01
2.942618946710011585e+01
2.947854553085739582e+01
3.128651210376140313e+01
3.137354888500066608e+01
3.052678292833444473e+01
3.311536396019376127e+01
3.272086361434934787e+01
3.513571244914701452e+01
3.433034208436237122e+01
3.378472537645436091e+01
3.608608070284669367e+01
3.392152561874362249e+01
3.586241977491818744e+01
3.706391058007287143e+01
3.713290777475961590e+01
3.704717079918444966e+01
3.845273025273186818e+01
3.851796415183248712e+01
3.940102858779627581e+01
3.788429881634299079e+01
4.081642080730826905e+01
3.968372100161669636e+01
4.170706039991896574e+01
4.258940152339049234e+01
4.249270777964589740e+01
4.234840795942558600e+01
4.387197610097294387e+01
4.338297030086867068e+01
4.538209828836932758e+01
4.440053228439691679e+01
4.494353686783014723e+01
4.565468682925832411e+01
4.667981732174106924e+01
4.642786205444021874e+01
4.588405374921248381e+01
4.965460205174780128e+01
4.953979875196595373e+01
4.804087007926077746e+01
4.909936282368472860e+01
5.055365838809183288e+01
5.015546246110573492e+01
5.267043986231247743e+01
4.977378549416155096e+01
5.101458397705853542e+01
