4.888952452995571907e-01
2.707712491783553777e+00
2.827776169789558480e+00
3.909783591124897040e+00
4.740166327029690763e+00
4.634659137232973514e+00
5.983134003991153804e+00
8.118888568047593068e+00
5.006952393470687213e+00
5.209796095144131556e+00
7.529003250947632786e+00
7.307773213900101261e+00
7.118264007575269225e+00
8.811829394147910222e+00
7.564824174671612056e+00
9.283800635077840369e+00
9.141652195749362164e+00
1.031952802341513120e+01
1.088470241328856325e+01
1.226854314649619937e+01
1.148030706712698112e+01
1.222962934198420726e+01
1.245202710946793800e+01
1.399768674975484473e+01
1.392936705621082183e+01
1.455498407960270590e+01
1.326095026888360806e+01
1.587596864639202110e+01
1.461132852246350922e+01
1.526483210218276376e+01
1.800899980521075960e+01
1.711948646255107320e+01
1.734713250911504545e+01
1.845651080936074351e+01
1.953837799583852330e+01
2.098847846478818013e+01
2.034853844836509040e+01
2.118132106346488541e+01
2.007829877137623598e+01
2.390633385198838567e+01
2.224163530656511512e+01
1.970264379232455809e+01
2.366809550976421761e+01
2.388555860403069175e+01
2.440571897196798901e+01
2.397182040407108872e+01
2.528818406956017029e+01
2.463237095358509166e+01
2.523512274238455433e+01
2.682132168814505846e+01
2.780839602073703176e+01
2.845372534656980434e+01
2.909174095536505078e+01
2.862585118236256676e+01
2.946648836466275512e+01
2.990124367862217625e+01
3.029855056452610640e+01
2.968175976282101303e+01
3.125971697348821365e+01
3.210594717042289403e+01
3.226115349728005555e+01
3.229310757928260500e+01
3.403327291874931149e+01
3.389072025585434034e+01
3.356639046181130936e+01
3.449944304595000233e+01
3.313187786927172596e+01
3.688346115537053294e+01
3.663469560254351620e+01
3.628607346099661868e+01
3.704623433867497795e+01
3.568343763004669000e+01
3.867623114834954379e+01
3.932692606796651091e+01
3.902861649868106042e+01
4.026201067967882352e+01
3.960559113009384902e+01
3.916643133857938608e+01
4.037960365928715589e+01
4.337217883646273009e+01
4.231694269055617497e+01
4.247390205516872186e+01
4.183140982715924139e+01
4.443557329844977488e+01
4.618930443572734390e+01
4.501409303221210223e+01
4.390667333718270271e+01
4.606633309398957010e+01
4.687998164459731498e+01
4.892553762414923568e+01
4.716465591841104299e+01
4.734379272566226149e+01
4.816386856532611915e+01
4.884653825386839543e+01
4.972266709627293579e+01
5.049641994665834233e+01
4.852499757669200875e+01
4.985116300082374607e+01
5.108603041804629186e+01
5.031148553469726181e+01
