2.819586684617082728e+00
1.885857543776696232e+00
3.531399522791047296e+00
3.626410899280339439e+00
5.442471452277837685e+00
3.478628970482384730e+00
4.573061860219482355e+00
6.224817126858640748e+00
5.913448319444045254e+00
6.779775612463462053e+00
8.136598234908447580e+00
7.528664818284040550e+00
9.317193185220656204e+00
1.064913400017321976e+01
8.121212937487056749e+00
8.812614952088475562e+00
9.488626002189464614e+00
1.091508302673884145e+01
1.011539135695177194e+01
1.326326450741413865e+01
1.236349682169668007e+01
1.178714334779744810e+01
1.201904451986279732e+01
1.432493252981068643e+01
1.269482925926836359e+01
1.467547423501550696e+01
1.323356154863621903e+01
1.565106692851464487e+01
1.540842160668022842e+01
1.662499124290035013e+01
1.587338768130949518e+01
1.606183125637408082e+01
1.953674785842849104e+01
1.852769249512328997e+01
2.032829922583372095e+01
2.179104146591643598e+01
1.927593082064761632e+01
2.105036916154931959e+01
2.177012983880821650e+01
1.889307627591162486e+01
2.099785361213006851e+01
2.154223565434698884e+01
2.171448224059260212e+01
2.189864492262118745e+01
2.456921827545575354e+01
2.558434710837198622e+01
2.521862385101559312e+01
2.352318493477937977e+01
2.490602527284088197e+01
2.650007011471093676e+01
2.831045295514792670e+01
2.664955723451191716e+01
2.699829830290644850e+01
2.957459837268184799e+01
2.809188009140964937e+01
2.818207467650254472e+01
3.088132094790432447e+01
3.185239379848971453e+01
3.071608722143879788e+01
3.160718524867550627e+01
3.194878490056039411e+01
3.271370447180038354e+01
3.248526409848732754e+01
3.457207195315534420e+01
3.327542456030582940e+01
3.546593073965949827e+01
3.517482467234002996e+01
3.601291529298983107e+01
3.778934926633608882e+01
3.580014927915829759e+01
3.779874068205894133e+01
3.982260292996847539e+01
3.834541707747514749e+01
3.971517289091073621e+01
3.922605868115773831e+01
3.794708105783936247e+01
4.172113137793912330e+01
4.159159363973701318e+01
3.978758720797076620e+01
4.184180750766224577e+01
4.319951669928329352e+01
4.402936008587484196e+01
4.272837803073633012e+01
4.205004146805967480e+01
4.524757223292849062e+01
4.463604912937474722e+01
4.417256610173310349e+01
4.625281099764972481e+01
4.735934994033498668e+01
4.544233214732287252e+01
4.671411603990493688e+01
4.852795625358061216e+01
4.846899420263051894e+01
5.033091288805433550e+01
4.826562669493041113e+01
4.892915168292476125e+01
5.065441883654362698e+01
4.990793827451719267e+01
5.090068278762351639e+01
5.109764939754171564e+01
