2.015836743277351406e+00
2.006530038636390234e+00
4.799570298525012824e+00
3.080073868851036512e+00
3.539224223507833944e+00
3.433175761678752380e+00
3.508834867798954704e+00
6.397097557098025966e+00
5.542413626612601618e+00
6.726354605485028948e+00
4.665617453982247476e+00
6.572646883032256859e+00
7.925826945105113097e+00
7.023069684067765550e+00
1.031906567657503082e+01
8.948988360108440787e+00
9.989099459279744408e+00
9.692122418151843277e+00
9.784847571722883330e+00
1.392392715404855785e+01
1.047812564614682529e+01
1.454766701533588247e+01
1.306456752446215575e+01
1.293331869255687394e+01
1.248240147629815233e+01
1.655679813912221476e+01
1.471587180068841860e+01
1.509524598221492653e+01
1.663796940045268968e+01
1.565937903125671049e+01
1.576813198175157993e+01
1.720796816695454368e+01
1.868449499422223070e+01
1.664506742156028452e+01
1.840854853230132804e+01
1.817968177718150002e+01
1.944570217857306105e+01
2.008915099723049025e+01
2.177899587129972403e+01
2.157014147217636690e+01
2.110175401189969691e+01
2.440273318112802059e+01
2.368555813151981226e+01
2.372426053416698366e+01
2.329953352127165545e+01
2.506984273067662272e+01
2.551657035656219463e+01
2.541556617087718095e+01
2.429138007636177576e+01
2.630716365064271045e+01
2.772014159904588837e+01
2.635418999749640179e+01
2.722925509375304998e+01
2.825428266310580483e+01
2.733767653293431366e+01
2.915824539516523828e+01
2.828364948752688335e+01
3.177138351483570489e+01
3.017016069569162795e+01
3.399941134796913644e+01
3.177640091895094088e+01
3.226089600750213293e+01
3.379495503317479432e+01
3.410361025896644804e+01
3.152245904066862892e+01
3.377807081897539376e+01
3.472922255104682421e+01
3.568996175881945732e+01
3.505543466207974745e+01
3.526081354185814831e+01
3.675922368910093496e+01
3.749067573338874126e+01
3.733971579995169776e+01
3.915546050619052920e+01
3.808101188877125765e+01
4.038886849646618771e+01
4.045707070979540276e+01
4.094457226306439424e+01
4.063322267633459717e+01
3.963152905590679609e+01
4.131571862268561546e+01
4.325678607649562935e+01
4.279138032004796344e+01
4.308719413593004077e+01
4.435054443072016284e+01
4.458714638853036405e+01
4.459999086047577066e+01
4.394538224300180929e+01
4.612239330358553957e+01
4.496722300929639715e+01
4.598440026565804573e+01
4.824934225779219332e+01
4.866025992743615802e+01
4.910233786707461690e+01
4.917071903056505278e+01
4.878419250756607539e+01
4.986585354682650717e+01
4.969201965660310094e+01
5.328531761656550003e+01
5.173994351265022118e+01
