2.346075613821994033e+00
2.501956154360668982e+00
5.000658452457376058e+00
2.981273452925818912e+00
5.120140275081802805e+00
5.888934873604995346e+00
5.543082577777367348e+00
5.608417193115878163e+00
6.647944715438855567e+00
7.122116990389098845e+00
6.142109371003430240e+00
7.625648517197180176e+00
9.026450671510559687e+00
9.087206809841893218e+00
9.377883945852151015e+00
8.319515665249902270e+00
9.455272095993485948e+00
1.038340438072149752e+01
1.205551502211516279e+01
1.104883710120747864e+01
1.088925499489819160e+01
1.252511904414393662e+01
1.241444844315756590e+01
1.317658148164874632e+01
1.413436673759658646e+01
1.574192945672515265e+01
1.611628924833251375e+01
1.594250830955200371e+01
1.761636438923020975e+01
1.569869041204141880e+01
1.731411315918916571e+01
1.786073253587984766e+01
1.622936673516040074e+01
1.999067322776135214e+01
2.083766435318223031e+01
1.915539299431014086e+01
1.933321577147858505e+01
1.934094062654330770e+01
2.171282725592036655e+01
2.053901594068648251e+01
2.174742637984770255e+01
2.121482614002993472e+01
2.165594074123128010e+01
2.406675019338625532e+01
2.369756201899333092e+01
2.562687029076685974e+01
2.398972890498630761e+01
2.533030998200460360e+01
2.488665806937902047e+01
2.370124687978435318e+01
2.865458383307865375e+01
2.673158039030247934e+01
2.801079173573086223e+01
3.006992323577187776e+01
2.945271496746098805e+01
2.905153709490284086e+01
2.883339872518037694e+01
3.202345934059672317e+01
2.938107162224653024e+01
3.149642466080016590e+01
3.093224968772050687e+01
3.211839179517610177e+01
3.349373840149385018e+01
3.559923683882090018e+01
3.292211464292704193e+01
3.378067739619373100e+01
3.508677016553734518e+01
3.671844556975739238e+01
3.707358056991711237e+01
3.614357338341870474e+01
3.851467985845417275e+01
3.796015571676231559e+01
3.797662942757418136e+01
3.782371763132773879e+01
3.838436130466254070e+01
4.032184120951719564e+01
3.958935919438449957e+01
4.086351585718519175e+01
4.031379675523773898e+01
4.184602078055019803e+01
4.303537661334056708e+01
4.308726337310291399e+01
4.317100107529632425e+01
4.423659613887962649e+01
4.220905222497961518e+01
4.492940128106312159e+01
4.564847883908112891e+01
4.738833943921210334e+01
4.573222421430419615e+01
4.479771309896646869e+01
4.710436819588262125e+01
4.712471307840312562e+01
4.733165612042434134e+01
4.933148999819008651e+01
4.887829550095381137e+01
4.872078726698341455e+01
5.025493196981757649e+01
5.008546273290507855e+01
4.861425796023460322e+01
5.270450106138155633e+01
