-1.826464217976075943e-02
3.353036834776626396e+00
3.419812203654590377e+00
4.810452579650467797e+00
4.411656938001238260e+00
3.649110114928713067e+00
5.157028453359628450e+00
7.224138679058169643e+00
5.140927077819130275e+00
6.368742559728927333e+00
6.580016049354735053e+00
6.788756121944485855e+00
5.659777912242153874e+00
9.501420115872674543e+00
8.492218400676852852e+00
9.946916351870790152e+00
8.612237170379485107e+00
1.072725090094650646e+01
1.072136424424851420e+01
1.004620260802867371e+01
1.329143121663016380e+01
1.338197579744919707e+01
1.407090490089385959e+01
1.260279773565396688e+01
1.252359427616163501e+01
1.405121353232210524e+01
1.410524378328659623e+01
1.493999514746309210e+01
1.599769466197441403e+01
1.561718720372049241e+01
1.814180152400313872e+01
1.707649000207538847e+01
1.743079764003825716e+01
1.999118986765327222e+01
2.070886462044870413e+01
1.942628005550690773e+01
1.966011813881440418e+01
2.007758539481718429e+01
2.241520589693208620e+01
2.023519492421429433e+01
2.019290739784320721e+01
2.138092262312260772e+01
2.362653565398093747e+01
2.311451125543292662e+01
2.444212209861630214e+01
2.475391730515183752e+01
2.783212580991993335e+01
2.619317695416145853e+01
2.636838788616798723e+01
2.724684975325882519e+01
2.877509743964887790e+01
2.760883315967313933e+01
2.780199728600351605e+01
2.883287445768483437e+01
2.853081750304194486e+01
2.929263447137614307e+01
3.107237823542560307e+01
3.236649209471855926e+01
2.959086470524663781e+01
3.104360509002392732e+01
3.186714684700998390e+01
3.092603982665887941e+01
3.202994442255636898e+01
3.272908565504939560e+01
3.401292415374180678e+01
3.273100683126543231e+01
3.590695172916974798e+01
3.491430501438774314e+01
3.486636741532711170e+01
3.705615066486767262e+01
3.916026019730733054e+01
3.770054891406880415e+01
3.782533520920003411e+01
3.811052037741664833e+01
3.923280813354578811e+01
4.022689510867362372e+01
4.116960581963504495e+01
4.136835724898734412e+01
4.099196772773416342e+01
4.129197371291032681e+01
4.170877128258003097e+01
4.333036098153463200e+01
4.064421367841949717e+01
4.450701735207556453e+01
4.406010755916245358e+01
4.484360864415109660e+01
4.824971810565895680e+01
4.570231279576196215e+01
4.630169571507573067e+01
4.465778678084252107e+01
4.546467898933006779e+01
4.756863176091034973e+01
4.795816770306676347e+01
4.749573929384147419e+01
4.953939593241559436e+01
5.013029380754434072e+01
4.942760999026750568e+01
4.913677396687953802e+01
5.058123398373825808e+01
5.215325637569274875e+01
