3.064059320467857894e+00
2.471729503463758970e+00
2.686768284744705415e+00
2.873176407285974232e+00
4.405165634121821938e+00
4.592214919902196435e+00
3.745373813431060128e+00
4.943396210333710350e+00
4.054169283477337515e+00
6.829466219490051060e+00
7.492445041235005654e+00
8.004046095830240404e+00
6.474919475595603657e+00
8.147122279240184284e+00
9.252996876782409785e+00
9.402820231472588830e+00
9.707592242378142444e+00
9.910009418349108756e+00
1.092879633596862909e+01
1.268500255142495803e+01
1.143425467755311509e+01
1.162820004706624033e+01
1.225174070863920228e+01
1.334291202170679469e+01
1.405448475513479245e+01
1.392476103704249546e+01
1.296860193593690624e+01
1.475444291273703712e+01
1.683382037492759409e+01
1.565393739955152519e+01
1.601311490946691762e+01
1.873499657956797293e+01
1.749424193383148207e+01
1.835012391135403931e+01
1.997475347832862269e+01
2.019471897012170913e+01
1.986344251859744858e+01
2.060750783353612547e+01
2.014205188438373284e+01
2.020669341288875032e+01
2.130517440137590413e+01
2.347290188792428012e+01
2.105346016290658540e+01
2.239074801412543536e+01
2.319042732882977020e+01
2.517179636388604180e+01
2.469050914769119487e+01
2.550569710697623194e+01
2.589959646322169817e+01
2.712046401517270766e+01
2.660078710023929816e+01
2.733877288254644355e+01
2.803656135286059126e+01
2.873061345176022385e+01
2.941975162181883618e+01
3.044751623533824514e+01
2.886337448382398208e+01
3.096291571288540823e+01
3.152487475147406926e+01
3.188310406832706079e+01
3.158538383206441225e+01
3.213629744332150295e+01
3.429040595046627971e+01
3.336893224700775562e+01
3.377598742301107393e+01
3.216305055211616803e+01
3.450184546704692679e+01
3.485827625927357332e+01
3.541799514191831122e+01
3.748930905859501905e+01
3.451548317669805499e+01
3.573747814806195322e+01
3.703703590637359611e+01
3.952631090747436815e+01
3.842460084822857169e+01
3.897395367372454444e+01
4.106553717040661411e+01
3.993146583061147226e+01
4.049443123465257344e+01
4.206921431834165048e+01
4.402460160461935601e+01
4.371835218729071215e+01
4.272014981462908878e+01
4.306642903531107436e+01
4.473008387444385647e+01
4.342274675756939928e+01
4.546831980935052542e+01
4.418288046994609886e+01
4.753968958809417700e+01
4.774551160412936923e+01
4.678190248392358086e+01
4.663369872911390246e+01
4.760861221900358231e+01
4.912130305386040163e+01
4.920665083005422247e+01
4.980262421420432872e+01
4.771930672695746978e+01
5.044638008873537416e+01
5.105035324224106574e+01
5.237374282331447262e+01
