2.626238349905837932e+00
1.646307353113412031e+00
4.516446691715763961e+00
3.238123933296030543e+00
3.781739167958037218e+00
3.557406095377281474e+00
3.454310790283105170e+00
4.444720764674682023e+00
5.246468080185052507e+00
4.693999449504094201e+00
7.405294276598942460e+00
7.482379366265331733e+00
8.145478014121861676e+00
9.342876115452893870e+00
8.507082574569150069e+00
8.891802761282512790e+00
9.437424561785334731e+00
1.081238175147716341e+01
1.112352534018146422e+01
1.082026154348859492e+01
1.143360834925604763e+01
1.242179614344469840e+01
1.401724334481314216e+01
1.398768700212115235e+01
1.281083440757374703e+01
1.454636744703076268e+01
1.573562933649361995e+01
1.482887220861451638e+01
1.666926407949456390e+01
1.724651089384399683e+01
1.815289513304256630e+01
1.781847846497130305e+01
1.858521102703925365e+01
1.871328879110549082e+01
1.991971316813868143e+01
2.101157439331214150e+01
1.786256194327734192e+01
2.136280487305790388e+01
2.168031448145227102e+01
2.118629941276453366e+01
2.169961741800019439e+01
2.108148172548905208e+01
2.333815066790098669e+01
2.431272548817529611e+01
2.417252069485703458e+01
2.446633614637455167e+01
2.568752810306473222e+01
2.538852464807741427e+01
2.581082368239723124e+01
2.620279816817492602e+01
2.672481404115763581e+01
2.836101476785942310e+01
2.808633843488243897e+01
2.796525215457851843e+01
2.959558848982779722e+01
3.134703571045408310e+01
2.904688632675245330e+01
2.951154984985810970e+01
2.897097851896696241e+01
2.906549358100474478e+01
3.127702947228486252e+01
3.236599614535907676e+01
3.237133107390862818e+01
3.227266114895410709e+01
3.231845624525735872e+01
3.446488997469168680e+01
3.429934528025972185e+01
3.597304806670632615e+01
3.451150170450162591e+01
3.617789962142011007e+01
3.653364347943234236e+01
3.799878401055620003e+01
3.663671022603478633e+01
3.943795741399564747e+01
4.037751802447486682e+01
3.941979207178815159e+01
4.110815917113587403e+01
3.907015634104286761e+01
4.093394039032025944e+01
4.111202799721535683e+01
4.353785006280588021e+01
4.176219969401424237e+01
4.118839019116007449e+01
4.461943032334129811e+01
4.461194952957300330e+01
4.531750868571820945e+01
4.450156220837980925e+01
4.487401551414791356e+01
4.471982301446785613e+01
4.758968131940313384e+01
4.680027857426613735e+01
4.679697822266977880e+01
4.725426869264079954e+01
4.735981263624763216e+01
4.988677424349946676e+01
4.963096770137501323e+01
4.844639556520655077e+01
4.946432786976150453e+01
5.192075675268884538e+01
5.127907760442384699e+01
