2.068724453812192721e+00
2.566907810816315472e+00
3.065091167820438223e+00
3.563274524824561418e+00
4.061457881828683725e+00
4.559641238832806920e+00
5.057824595836930115e+00
5.556007952841052422e+00
6.054191309845175617e+00
6.552374666849298812e+00
7.050558023853421119e+00
7.548741380857544314e+00
8.046924737861665733e+00
8.545108094865788928e+00
9.043291451869912123e+00
9.541474808874035318e+00
1.003965816587815851e+01
1.053784152288228171e+01
1.103602487988640490e+01
1.153420823689052632e+01
1.203239159389464952e+01
1.253057495089877271e+01
1.302875830790289591e+01
1.352694166490701910e+01
1.402512502191114052e+01
1.452330837891526372e+01
1.502149173591938514e+01
1.551967509292350833e+01
1.601785844992762975e+01
1.651604180693175294e+01
1.701422516393587614e+01
1.751240852093999933e+01
1.801059187794412253e+01
1.850877523494824572e+01
1.900695859195236892e+01
1.950514194895649212e+01
2.000332530596061531e+01
2.050150866296473851e+01
2.099969201996886170e+01
2.149787537697298490e+01
2.199605873397710809e+01
2.249424209098123129e+01
2.299242544798535448e+01
2.349060880498947768e+01
2.398879216199360087e+01
2.448697551899772407e+01
2.498515887600184726e+01
2.548334223300597046e+01
2.598152559001008655e+01
2.647970894701420974e+01
2.697789230401833294e+01
2.747607566102245613e+01
2.797425901802657933e+01
2.847244237503070252e+01
2.897062573203482572e+01
2.946880908903894891e+01
2.996699244604307211e+01
3.046517580304719530e+01
3.096335916005131850e+01
3.146154251705544169e+01
3.195972587405956489e+01
3.245790923106368808e+01
3.295609258806781128e+01
3.345427594507193447e+01
3.395245930207605767e+01
3.445064265908018086e+01
3.494882601608430406e+01
3.544700937308842725e+01
3.594519273009255045e+01
3.644337608709667364e+01
3.694155944410079684e+01
3.743974280110492003e+01
3.793792615810904323e+01
3.843610951511315932e+01
3.893429287211728251e+01
3.943247622912140571e+01
3.993065958612552890e+01
4.042884294312965210e+01
4.092702630013377529e+01
4.142520965713789849e+01
4.192339301414202168e+01
4.242157637114614488e+01
4.291975972815026807e+01
4.341794308515439127e+01
4.391612644215851446e+01
4.441430979916263766e+01
4.491249315616676085e+01
4.541067651317088405e+01
4.590885987017500725e+01
4.640704322717913044e+01
4.690522658418325364e+01
4.740340994118737683e+01
4.790159329819150003e+01
4.839977665519562322e+01
4.889796001219974642e+01
4.939614336920386961e+01
4.989432672620798570e+01
5.039251008321210890e+01
5.089069344021623209e+01
5.138887679722035529e+01
