2.541125169053603194e+00
8.920117339676043589e-01
4.569082996325997570e+00
2.665446461455397653e+00
2.376192290321070821e+00
4.742239938886020134e+00
5.249983011337368666e+00
4.963112670202557197e+00
6.445781207013460801e+00
5.656387423609811727e+00
8.068963589475991682e+00
8.082798954265223657e+00
9.618329064394472994e+00
7.569648652468387695e+00
8.539986845912055813e+00
1.066446707108031511e+01
1.026139300128118492e+01
1.030262290173854645e+01
1.221022049758145300e+01
1.016118052936661265e+01
1.270789951810323082e+01
1.249275157516609980e+01
1.184131062320293459e+01
1.379888785823896136e+01
1.317132222316867995e+01
1.502284859314890220e+01
1.472871044945331498e+01
1.561574539699651787e+01
1.437992104915209168e+01
1.651614351377146761e+01
1.657737513160167353e+01
1.703023564736081497e+01
1.698752962231090535e+01
2.028933142648525845e+01
1.873215091873527527e+01
1.855655745287374359e+01
1.990293629380514062e+01
2.062316994106697976e+01
2.241860355556795525e+01
2.152667215898904729e+01
2.079888212963907534e+01
2.207447204985520273e+01
2.184664367901430637e+01
2.289644116673563445e+01
2.441868717904526420e+01
2.514573821655600838e+01
2.543520090144937740e+01
2.685001485239419594e+01
2.908527031298399024e+01
2.742567340103827433e+01
2.641549210976860351e+01
2.774727175924655143e+01
2.974194194059827723e+01
2.842398836754615843e+01
2.943930086325273976e+01
2.939193102814043357e+01
3.129615413613151276e+01
3.097486631874689067e+01
3.009726668586072762e+01
3.080756038574904565e+01
3.183634798588405701e+01
3.309873498246530232e+01
3.269139419107717970e+01
3.278767691954200814e+01
3.422947726365219978e+01
3.442790035313024077e+01
3.419598441360064811e+01
3.682576079651250467e+01
3.661479065088502693e+01
3.562297861765252804e+01
3.715778462323577713e+01
3.782208319154664622e+01
3.548248237468936139e+01
3.970834834730924712e+01
3.845908610059032640e+01
3.851686192156946476e+01
3.897426313379062890e+01
4.130575912770831337e+01
4.191942729979925275e+01
4.118116231135489613e+01
4.231164929463839997e+01
4.212108810344523135e+01
4.301788956900273320e+01
4.244758235246256817e+01
4.464297785956205189e+01
4.577146901625124542e+01
4.394362310503935731e+01
4.453353311542306159e+01
4.670304074812517570e+01
4.742820031165306460e+01
4.814272517772791105e+01
4.534920343204884574e+01
4.781011467701494411e+01
4.659821429261502601e+01
5.018158272394150998e+01
4.916555679507655441e+01
4.870263568240272889e+01
4.889299399479333630e+01
5.164443658279471805e+01
5.179936666892565000e+01
