3.741946699812742760e-08
-1.916382354089352686e-08
-1.036200308855173205e-07
-1.447706521944545462e-07
6.968557245999345449e-07
2.191419462164585621e-07
6.719085214001109095e-07
-1.038805065621309216e-06
-6.946501302617694558e-08
-9.087400192891101385e-09
1.034911652849884832e-08
-7.811234985458431248e-10
2.889957257432520991e-07
5.589829921803661841e-08
-1.704844528091406686e-07
4.562355467720444892e-07
-1.978629868052819837e-08
6.826517070908910290e-09
-1.196522497978161524e-08
1.241609676436711184e-07
-2.611867230630790424e-08
7.285507977253135202e-08
3.082405742908245574e-07
-1.775915777470491191e-07
4.032771744870545139e-09
-3.956819820038952365e-08
1.235881128969447216e-08
5.404333099836999682e-08
2.410225924036956009e-08
-1.310614135571245398e-07
-2.255333611457503865e-07
-1.118622752411334761e-07
1.204510875076579430e-08
-6.000569292435292962e-09
-1.211750942975575607e-07
2.109030081110782813e-07
-1.061406864924302237e-07
3.466895089209433000e-07
-3.963802475191324139e-07
-1.644147528171695903e-07
3.979888333114346463e-08
5.457886708298665261e-08
3.723446896823873448e-08
6.631752165258723819e-08
1.338459276012283728e-07
1.812974500370975317e-07
4.639097825008327209e-07
8.616556004053117518e-07
3.441976364732319864e-08
3.188537457683322631e-08
9.330855922337404331e-08
-8.860017689220065073e-09
7.759173940364140510e-08
3.599391089308278249e-08
-5.118838723784022996e-08
3.884688391231535158e-07
1.790916396160333253e-08
6.683857120889715744e-08
9.230937316380906425e-08
9.809981054869321010e-08
1.263804224936449448e-07
1.656492360540346527e-07
5.588228419744680015e-07
5.716715077915848441e-07
1.398145155319593681e-08
5.232224728205072799e-08
3.478493186138366198e-08
1.389466311323924324e-07
1.716925113190833204e-07
1.375578685615908024e-07
6.929474522030258991e-08
2.785621411530245605e-07
4.990534231567849130e-08
4.947793977057324699e-08
8.070932430728680683e-08
1.999324864945007026e-07
2.006718354382797241e-07
4.522941438657337698e-07
5.111810514948310920e-08
6.935681334395574114e-07
8.356441460680697797e-08
6.554143770561654969e-08
2.201133030656161693e-07
2.487694261717568999e-07
2.532946213075921741e-07
4.003902139615993206e-07
2.939257363920484878e-07
3.146642101014750883e-07
1.135017951526838334e-07
9.983273778699080854e-08
2.205622854844237424e-07
3.379259209864180211e-07
3.091721380918217414e-07
4.059895509109618126e-07
2.024621970685775377e-07
1.925214657308310382e-07
8.930710731712140423e-08
7.144844408699675706e-08
1.881984129830438477e-07
1.473288175982580536e-07
4.369857612231145394e-07
1.750788781504575721e-07
-1.719898594463430172e-07
-2.033944098542155511e-07
1.562799750327472028e-07
2.083782724461146465e-07
1.981483243497244647e-07
3.017141613946030827e-07
3.405777155029721537e-07
6.306120525043664425e-07
7.911566557846344000e-07
8.217105565865364041e-07
2.309285766152733376e-07
3.025428577321960274e-07
2.837974317459601967e-07
1.828433002962596676e-07
3.840032906282623569e-07
7.623497598658372572e-07
6.742877867776693138e-07
9.768371458136472204e-07
