6.208571846247975129e-08
-1.207880796659201290e-07
-7.686484086835159759e-08
1.810387365810589432e-07
1.586824356413493205e-07
5.527206681861795656e-07
4.338108475801819340e-07
-1.578492212591929889e-07
1.970900732309993050e-08
-2.005611980736559290e-08
1.184350174283518904e-07
2.524578406784493811e-07
3.493280647673805202e-08
-1.337733490759458061e-07
6.059914521134219352e-08
-1.279843567721420370e-07
-1.404380680258052344e-08
-3.332951392631503419e-09
-2.387402527302455400e-08
5.257372351339918211e-08
-2.026011643043381850e-07
-5.907902209974429325e-08
-5.944629193285493942e-08
-6.571693654096169546e-07
-9.654468340530035525e-09
7.091138548214339499e-08
1.956973193553893501e-07
1.470869756577697755e-07
-4.397236378266326558e-08
5.289297389748076437e-08
-1.199823771111649081e-07
-6.958309856655944706e-08
3.735975737516320442e-08
-4.184271561246570600e-08
-1.006989862778884774e-07
1.126589034552798737e-07
-1.897294482403232864e-07
-1.390500848118454563e-07
-2.479604747065664863e-07
-4.132699720323048293e-07
-7.247906841196204943e-11
3.379228024697836210e-08
-3.834344807488262119e-08
1.698121429598861621e-07
1.202683332874751131e-07
-5.090067168862165079e-08
-3.587451885996407434e-07
6.043002014656415059e-07
6.024834304651681083e-09
4.590042613981449838e-08
-4.662308927591165055e-09
2.013757630144694436e-08
2.225545005832384683e-07
1.975596755158974495e-07
4.037385141668771343e-07
-7.527808257176206296e-08
-9.242927800248708986e-09
4.570327229994125178e-08
1.448393272286015523e-07
5.006904581395654988e-08
1.396268922889932310e-07
2.597872164839221897e-07
1.106163516426755735e-07
1.924771070193695008e-07
2.055954720051909361e-08
-1.492630205447564793e-08
1.371822475182743272e-08
8.258280317639441849e-08
6.518416254998372234e-08
1.680700414855942597e-07
1.132614262176847751e-07
2.959722577578765397e-07
4.244111798228133523e-08
3.034215116130378606e-08
7.676668091434249223e-08
1.182070864260430160e-07
1.840869098292896849e-07
2.883877601549053102e-07
9.406443657744129376e-08
1.435263608214545307e-07
4.332008784861343602e-08
7.935084471943693329e-08
1.474555103858389556e-07
1.934108495478772078e-07
2.043772584300266502e-07
3.899823407535206887e-07
4.996433550191199557e-07
5.714247758803682739e-07
4.263815281628515812e-08
1.219423976263538704e-07
1.186924768764005005e-07
1.705722540179866340e-07
1.970078206195168488e-07
4.722017304931458992e-07
4.433318835581482724e-07
8.259462241277717123e-07
9.152575795965303221e-08
1.294065065481756591e-07
2.125727732646516633e-07
3.685509076720816365e-07
3.506079753622448636e-07
6.652301755577797534e-07
3.638187341279363839e-07
1.321625847262468438e-06
1.373107114537558824e-07
1.703337206782143957e-07
2.416866630222183167e-07
3.436475405093867747e-07
3.836326533730646403e-07
4.270529874786698445e-07
4.860399115701016906e-07
3.259603266262030999e-07
1.442718720220216608e-07
2.306802499758524988e-07
2.932220215350720365e-07
2.513686496596111083e-07
5.970303093831747320e-07
3.367863080098449460e-07
4.380256566952103685e-07
9.655509033839259488e-07
