2.247944975585094882e-08
-1.611413038550192908e-08
5.154892276690753028e-08
-1.210123763941107581e-07
-2.786315219594199382e-07
-5.637452956957149396e-07
1.340493878982572347e-06
7.171834213857705570e-07
7.143327746759813360e-08
6.194922621896698379e-08
2.235553847300148847e-08
4.317680059197858747e-08
-5.200360149754362830e-08
1.802498092401388546e-07
-1.939887869993497028e-08
5.740265547915743177e-07
-5.276925749627395030e-09
1.089541065783818349e-08
-3.427317061874595419e-09
-9.040476743517282130e-08
-8.577741954487196821e-08
1.217682171903618688e-07
1.134722304139788950e-07
4.773126147107914928e-07
3.355670969669343063e-08
7.938226437963425807e-08
1.463703276118445365e-07
-1.537191092210041572e-07
-5.557336162607612784e-08
-2.075985220661413268e-07
-2.211410040895801624e-07
-2.621451365404580404e-07
2.684984830413285424e-08
2.973965083712677903e-08
7.563544573540057085e-08
3.318428039674843037e-08
2.355596782678951365e-08
-3.827418412929189810e-07
5.438751316659216232e-07
4.126383462231492450e-07
-1.318546060588122093e-09
6.218225700433457174e-08
7.196336148644167101e-08
1.066691607405595014e-07
1.211704945970153814e-07
2.595081450220181649e-07
4.351274587293189220e-07
8.741794082532229149e-07
2.947840636935768796e-08
6.176281728909405862e-08
3.215334311352687659e-08
1.098344503685395426e-07
2.307411023668349221e-08
7.053290265502488722e-08
-1.043803514175558118e-07
4.126558462878894621e-07
1.170090112938908189e-08
9.629276171958718613e-08
3.787692533120622238e-08
8.608480094281687092e-08
1.775770316917330654e-07
1.276518172763855091e-07
3.254715869147035192e-07
-3.243704019071073405e-07
1.794078644436195074e-08
1.054476059243875451e-07
8.009803812374032929e-08
8.066900475787864713e-08
2.627028955467090873e-08
1.085156614920488819e-07
4.734357230164279718e-07
6.951300923936069141e-07
3.956226038686685750e-08
7.917753574471015293e-08
1.359257253370740919e-07
1.965393964431836963e-07
2.005158365927923364e-07
-3.143396012999991940e-08
3.143857012176826177e-07
1.440125862364584993e-07
6.812938021266488251e-08
1.201316201731730849e-07
1.236984466311251789e-07
1.614141736412631383e-07
3.803141736993354340e-07
2.733829950518523282e-07
6.172799101223443506e-07
5.770315831895730124e-07
7.822995024285665144e-08
1.504708519034186203e-07
1.759367556860247759e-07
2.407813545500224367e-07
3.381076524944865129e-07
4.023226942845755919e-07
3.763291245589416175e-07
5.594275984455794015e-07
1.036524806639423832e-07
2.391674547289492149e-07
2.132839045488346690e-07
2.380109665674665552e-07
2.910406115259379344e-07
2.765948433391463366e-08
3.533262028873503805e-07
8.773313638132831341e-07
1.522606607459101043e-07
1.939751390496952802e-07
3.344136504424446361e-07
2.952554056484784379e-07
6.327713610831308654e-07
6.105554142399857916e-07
7.834034271629271358e-07
4.410843738917212515e-07
1.552625144858289712e-07
1.941970269191768512e-07
2.586386741163063581e-07
2.319109707683763179e-07
5.650973041505070199e-07
6.208056905320708870e-07
8.612497462487921496e-07
5.692611188547898457e-07
