7.689828642843992868e-08
-3.512310092391632300e-08
-1.157994974832262942e-07
-7.173283818624232796e-08
3.123358212885878682e-07
2.093717466530156919e-07
-5.882534779572907528e-07
-2.502966388061728848e-06
-6.891992908742108755e-09
-6.320989017157901015e-08
9.393768591097621817e-08
-6.808321722280257494e-08
-1.186073931385329738e-07
2.434970889691759203e-08
8.655521158907293528e-08
3.330071105336316442e-07
-3.203794347244722486e-09
2.243254100844827919e-08
1.573738599756703801e-09
1.340358274571967314e-07
-1.618681341097846685e-07
1.211674616982819117e-07
1.353405500369714822e-08
-1.278497723840934858e-07
3.278778219450652372e-08
6.998381441212572027e-08
8.290087996713313355e-08
1.069438650415452137e-07
5.408563070438942907e-08
-5.128797481661856505e-07
4.924261042563223062e-07
2.494130354717569117e-07
-2.607685908915498943e-08
3.466459381193988158e-08
-3.580578022147916327e-08
1.149592860842841416e-07
-9.333447328587931309e-09
-6.701681132125732238e-08
6.605428259726649680e-07
8.896775512073900019e-07
3.848304457693420647e-08
-1.674761540590749097e-08
4.809839996485795306e-08
-1.507277592624463269e-08
2.964422471761696292e-08
-1.785451521892814603e-07
-5.296513299931840732e-07
-3.969521661368870225e-07
3.980860881325197971e-08
-5.634706724729505389e-10
1.023068453703220876e-07
-6.633569993455414777e-08
3.350168885427051586e-07
3.654407750171127399e-07
1.304058131353086361e-07
7.661061806706759320e-08
6.520314474964337324e-08
1.232528374728010753e-08
8.517217658822252633e-08
8.951553170835718798e-08
1.565471032520620317e-07
3.574214181589857440e-07
-1.903597729612092153e-07
9.370935043212796110e-08
7.854319112326077243e-08
-1.634318423866087201e-08
4.327414037511946530e-08
7.164828459721847827e-08
2.647799070997718514e-07
3.147209094481991894e-07
-1.489550072993847994e-07
-7.471238384872460497e-08
7.484534881471478692e-08
6.823741535883174459e-08
8.926717522493535707e-08
8.366281306913976187e-08
2.347486307134600480e-07
3.618241962042656688e-07
3.456989702306510961e-07
6.290006894855150954e-08
7.435572078773748871e-08
9.238514655569645801e-08
1.610344721645778427e-07
1.983565683059434585e-07
3.416458156643911021e-07
2.480837400676119132e-07
3.151004133532111229e-07
1.834821252613674262e-07
8.230394375563754832e-08
9.095767769821255974e-08
2.335230017706123606e-07
1.645355765488355364e-07
4.086265393860043147e-07
1.749242155227118379e-07
4.842249628628574064e-07
9.643568814211710420e-07
9.218595226611412808e-08
1.279056322241599861e-07
7.231063454191104704e-08
1.817566105933829679e-07
4.774947026941071104e-07
1.761003202360300632e-07
6.231470134244494628e-07
6.649377672981787552e-07
1.550721716244292861e-07
1.709595291001010855e-07
2.401635529542654872e-07
3.258280460012323328e-07
3.994186553196670618e-07
2.870475762438309419e-07
6.536190869904451201e-07
1.276055383800232246e-06
1.875812107278168564e-07
1.949072792216243368e-07
2.555995950657759191e-07
3.623286793879591572e-07
4.800932379473769129e-07
8.901587093554197895e-07
7.778168793561505872e-07
7.148213236676888342e-07
