2.269364070858206920e-08
-7.688055322321294639e-08
-5.312408774552236260e-09
3.492198914339849816e-07
4.104179701277964002e-07
3.656928007633665070e-07
-1.337603148319535660e-07
-6.932393549919302595e-08
-3.933046606855564237e-08
4.793622030965517205e-08
1.394000351007349670e-07
3.736438248915410121e-08
-8.052388034298648549e-08
1.416216562259776092e-07
-6.496140326313471706e-08
-4.906087874088296280e-08
-4.966252466297711477e-08
2.714907578973255592e-08
1.221932867208445922e-07
1.296016791022973651e-08
-2.785363208491139976e-07
1.679529351999484511e-07
1.367467871014266320e-07
-2.197501489688110328e-07
6.797301429341115124e-09
4.881392580566729468e-08
6.305956459767911686e-08
-3.930379083119671835e-08
1.411099051267196862e-08
1.960054605567256543e-07
8.154286810282834589e-08
-4.275514086715981426e-07
-1.159992167901581868e-08
9.462654556412699495e-08
5.429735417102270195e-08
9.815530445664485740e-08
8.156997121441205311e-09
1.496476936547335611e-07
2.798603182629855269e-07
6.589906689956267606e-08
-2.022904815395415823e-08
2.483657757608576877e-08
8.366806334215387229e-09
5.897473053755213912e-08
-1.981398579244554480e-08
1.644245789264386294e-07
2.248369378910623551e-07
4.577211859400987425e-07
-9.985428028455552914e-10
2.221954593020839339e-09
7.180048438330268761e-08
9.546521969168824478e-08
1.494245154476313864e-07
1.327771348515512937e-07
-6.203628044479896756e-08
2.449959472725836713e-07
4.412692990388295569e-08
4.426314900477475306e-08
1.719618538818776702e-07
1.231486692592371898e-07
7.624213940640479677e-08
1.944911051656103480e-07
3.691798987941513320e-07
-2.025479202631229459e-07
2.718030294785137419e-08
1.091327941996736665e-07
8.486695496511924650e-08
1.182182722606649539e-07
2.501251962495677967e-07
4.561597114567471513e-07
2.601504950880120759e-07
-4.443884314230186270e-07
4.512497081759848528e-08
9.663894197520113585e-08
7.572542728717647408e-08
2.030931106954051620e-07
1.980610842185363561e-07
2.447957291039969451e-07
6.320314225045340093e-07
7.387220656495689339e-07
5.546145210475778702e-08
9.767164503218388904e-08
1.386074187863079104e-07
1.359912602591215995e-07
2.176088686603073639e-07
4.019790615750844288e-07
4.096433851512607129e-07
1.076216089932025807e-07
7.063103786599115350e-08
1.161317972784539307e-07
9.814139422561030096e-08
2.415204430888831645e-07
3.526837566150087309e-07
2.181174572144098308e-07
5.328376285731512200e-07
2.582253550255004448e-07
1.330572817273301835e-07
1.866335170354312000e-07
2.199329505741724986e-07
2.268402303541146162e-07
4.069357614481251548e-07
5.525398680282964003e-07
8.264497871731313246e-07
1.267086339068360860e-07
1.537428103232114421e-07
2.250845223293270915e-07
2.694801294724902707e-07
3.316922610850130675e-07
5.517656849587452482e-07
5.879521797109213010e-07
7.721015871970142766e-07
4.778603349705514336e-07
1.920167069699724577e-07
2.327729330327091941e-07
2.339209795493369948e-07
4.210618868703907266e-07
5.670825635616593941e-07
6.703527177269128490e-07
9.859196035329554788e-07
2.686871878825709218e-07
