-5.090817117293893511e-08
4.899664941909300541e-08
-1.407472786855806876e-08
-1.612508561028510546e-07
1.521631128172870560e-08
5.946162834472201379e-07
1.848565196942373102e-07
7.781097739113728233e-07
5.294920963194263203e-08
1.333994323290289799e-08
1.339597970761541064e-07
8.809377505057358341e-08
2.032833009003266300e-07
2.696801287040088446e-07
-1.003645073468767182e-07
-7.403121128391475218e-07
1.391347800135377744e-08
6.307838817515940764e-08
8.954135629283988522e-08
-3.091673456975483203e-08
7.832025238501550765e-08
2.047578799299743579e-08
-1.798931629084168296e-07
3.656753714828060995e-07
1.309396966698516200e-08
3.540880127838905366e-08
1.335608774819224571e-07
6.715265997760053466e-08
8.214093648208705517e-08
8.408698735287946759e-08
7.322503246131705847e-08
1.780123816555391781e-07
2.507611167456321667e-08
5.697017821089904804e-09
-9.836292466196724085e-08
2.576649296972233967e-09
2.998810732576303488e-07
1.968606204961388580e-07
6.892078798872953855e-07
-4.385060470530473253e-07
2.015373323034211049e-08
3.682835231712581714e-08
-3.135872834581376302e-08
-2.151308080280185405e-08
7.089085711770054189e-08
-7.005510454515504471e-08
-3.706722404971328441e-07
2.360340154482177900e-07
2.372680505430875357e-08
2.901613599058471948e-08
-2.825277441218429348e-09
6.664059978929028329e-08
2.281775774437533556e-07
1.356637624745224948e-07
2.140374390527829412e-07
2.291238571040512659e-07
6.868988085673501131e-09
-2.603527191294873843e-08
9.405098167347128745e-08
7.906957461584314845e-08
1.005508688871442280e-07
4.784368271806255598e-07
3.283179733696011029e-07
-3.476968537742851414e-07
3.430271113978289264e-08
2.040997857090511830e-08
9.581048896390675749e-08
2.340515976875538793e-08
6.089353285558440551e-08
7.521353394385788009e-08
6.277648519619829669e-07
-2.301823059507196374e-07
4.031295649733303679e-08
7.391533495925246897e-08
1.696023108876503990e-07
7.910995101657178197e-08
9.771061829133279791e-08
-8.441254443540584146e-08
5.308196084665647447e-07
-2.278930967013550515e-09
6.494321642742636840e-08
9.543709460557130950e-08
1.161073905365992836e-07
2.047758533403946982e-07
2.943430604017077145e-07
3.506500163628493121e-07
3.449113933791598531e-07
6.573921632814007534e-07
9.553117675244496344e-08
5.890356837746473209e-08
8.130297326128591240e-08
1.566888291602529123e-07
2.104709985446060788e-07
3.455539345436413600e-07
2.064156383116605822e-07
2.720634959453592198e-07
1.106316531095520315e-07
2.387456400511803812e-07
3.158756404222845238e-07
2.519469596305495996e-07
1.682634227282751940e-07
2.671493339072466889e-07
5.536033039369305638e-07
4.083190912961489541e-07
1.367789058605446411e-07
2.534348998432748707e-07
2.322322342650307459e-07
4.284642937378739801e-07
4.153273562800105552e-07
7.486243456302988432e-07
7.289784467079667416e-07
4.834895378226248044e-07
1.243691082489304248e-07
2.121338049018287950e-07
3.033123290535473703e-07
4.260716617869335704e-07
4.401409744813720089e-07
4.927476987065551560e-07
1.426825814138712109e-06
9.984101805814903641e-07
