-1.329458432396790147e-08
2.959237639281091251e-08
7.786244670173938989e-08
-2.694820487664188292e-07
-4.505016030700918395e-08
4.791843426979703499e-07
2.835364821300496867e-07
5.476684594047610483e-07
2.042238997128187508e-08
3.215350094832410908e-08
-5.352471921359269605e-09
1.664154150949321654e-08
1.395023983709501269e-07
1.388660040051382959e-07
3.035927255027728891e-07
-4.345699451028220362e-07
-1.636535087981602442e-09
-4.883809115447931081e-08
7.106537230517568164e-08
2.689384403036036642e-08
6.402349545630997548e-08
1.287473274047311123e-07
4.569475670301462343e-08
-5.168064870978038193e-07
-3.070205785683129290e-08
2.923182426467243477e-08
1.711605327590667521e-08
2.769684035326854565e-08
2.138878174538500342e-07
-1.916473306475570072e-07
2.292625852461692511e-07
2.491065666297970898e-08
6.879186625747784779e-08
-8.156993901946208306e-09
-1.305126989535301765e-07
1.241873261453599497e-07
9.688967819460472045e-08
-3.444091617982688623e-07
7.627591038165630918e-08
4.648323854274389077e-07
1.153702048288536108e-08
7.250848437136518307e-08
5.483211160360945232e-08
1.279696335482214213e-07
1.487534044276009377e-07
3.423356717856043180e-07
4.454576960810776496e-07
-6.273386775368358200e-08
3.129490120387962092e-08
5.096352672332708747e-08
1.663292394763968200e-08
-1.973212097743294766e-08
3.897293305346892448e-08
7.620755439373668777e-08
2.192105925077738508e-07
-4.819569871350967108e-08
4.814490274306658857e-08
6.675140315495368552e-08
9.829560813845397034e-09
1.230778043525109614e-07
1.156432662729996692e-07
-2.093075130127311608e-07
1.038568206678070328e-07
4.817207727075389520e-07
4.343962148958999220e-08
5.957599830519162510e-08
3.086421361730669585e-08
1.321175999411092639e-07
1.147020302124255995e-07
9.181068834775155414e-08
3.118046027223847341e-09
3.329327220521735551e-07
6.691787633561544846e-08
6.500105311892364536e-08
1.300136074647976757e-07
2.024383711259043786e-07
9.740574564298112897e-08
3.135674199772603214e-08
4.074889702427002186e-08
6.262869414556973723e-07
9.285965002802195421e-08
6.573784738418528318e-08
1.181494476429308311e-07
1.748626996994869436e-07
2.588244198266395967e-07
4.279743893022674390e-07
3.359265272600195462e-07
2.559099137609361463e-07
8.986513094346616542e-08
7.406761447700057041e-08
1.245669642939908239e-07
2.387912286415479329e-07
2.678508273323103897e-07
2.088734636553425148e-07
2.828830110197859149e-07
3.143555441156673248e-07
1.950583098148079043e-07
2.201698420862047150e-07
1.970571583692249503e-07
2.508003067418562780e-07
4.328879196469919576e-07
5.094379650335235697e-07
9.399583676038603360e-07
-2.787089661095026131e-07
1.792135500989460360e-07
1.830037870637108375e-07
2.644386506409997836e-07
2.994005363494318285e-07
5.397244507286838766e-07
5.514763344044973563e-07
6.853970391779625640e-07
3.071523087402485644e-07
2.080110983947858113e-07
2.301377788438680165e-07
2.632712589229073115e-07
3.766793371338631141e-07
5.784603572618141031e-07
1.034694586518670324e-06
7.305848630496353694e-07
6.888764769628081502e-07
