-2.882788406022048356e-08
-6.798687174649248609e-08
8.019663258264355251e-08
1.171476988486611440e-07
3.409985321366165856e-07
-6.957143837309563379e-07
1.158122816255534959e-06
4.047884018684267596e-07
4.677192345703394667e-08
-2.589504248611531342e-08
-3.081375193269903774e-08
4.690135574959340861e-08
1.559619798699965999e-07
-7.639366182234325056e-09
1.029285463077660990e-06
2.108327917364661390e-07
-1.370303510228284308e-08
1.378739937737951984e-08
-1.750141610992745541e-08
4.310100366768464698e-10
-6.766298357597188868e-08
2.122505065148680180e-07
3.887467263807383110e-07
2.228880093467207443e-07
-2.673497348405987292e-09
5.661721195245697184e-08
2.042315909857828140e-07
1.302873632572882435e-07
2.083723556649775804e-08
4.835659331532634506e-08
4.336937988754367420e-07
3.865617754066914035e-07
2.342150203091415780e-09
1.226230705242892520e-08
3.976622601499282672e-08
1.176349614281126845e-07
3.864860176990141840e-08
-1.015014444215019772e-07
-7.330050796762729185e-09
-5.757764445153624294e-07
1.118146017225631837e-07
2.507074370630544163e-08
6.581806884606984034e-08
1.948024977985020647e-07
-1.360798653827723078e-07
2.232085829254982839e-07
3.464731294117550238e-07
9.298395793689280341e-07
8.340636530930873148e-08
4.239480909706825401e-08
9.829283563711846537e-08
1.382541260293082885e-07
1.582140463968473480e-07
1.192673296762763006e-07
2.566165782333032663e-07
-2.846574359574761130e-07
1.097465174539221819e-07
1.207737337792444151e-08
1.024668351883165179e-07
1.677206649476408958e-07
1.352368213372112753e-07
1.064322103695330031e-08
-2.191461582796352086e-07
-3.640043719116425069e-08
9.608692647150551070e-08
5.578564997126491183e-08
3.392329977169735859e-08
8.886145606149353701e-08
1.906040411269774060e-07
1.370455924991330081e-07
4.366412723102008091e-10
-3.530037515099269623e-07
8.169676077403805316e-08
1.194113570274072145e-07
1.763717362117579535e-07
1.484346258156023421e-07
1.220701116172038047e-07
-9.851153570290000408e-08
5.350360230849274720e-08
6.018741343535715532e-07
1.223430314721925511e-07
8.859510978336546950e-08
1.923265512276723031e-07
1.295156453641470501e-07
1.244083134522090085e-07
1.158421026038655760e-07
2.112862577350430778e-07
4.666602083327405726e-08
1.134427279264550125e-07
9.770379850837105081e-08
1.365933629865708791e-07
1.892778853832087323e-07
1.939423368709465188e-07
3.880877406390330326e-07
1.790384223814533605e-07
2.503921553578082529e-07
1.671881782808291531e-07
1.657466637234188683e-07
1.866505166345009321e-07
3.752607650072121768e-07
6.900595064027280958e-07
2.258079863124356018e-07
3.421703602123028079e-07
6.659729970530381786e-07
2.031946993812121086e-07
2.297683629070963574e-07
1.511905823118859083e-07
3.011225517198306496e-07
4.907311582089037022e-07
7.972664749690303740e-07
7.948256992336622372e-07
1.955398863607965685e-07
2.384420842215403016e-07
2.246815629925104845e-07
2.916299309931238785e-07
4.271141159102433790e-07
3.176884976444230189e-07
5.513224850774020337e-07
9.112522109627529277e-07
9.609534228849436119e-07
