1.197037666967105884e-07
-1.452056964736854070e-07
1.523153681092912674e-07
4.769312964717157843e-07
4.789972897177671438e-07
-1.811207152287979419e-07
-5.001658724728359918e-07
-4.829977713892831983e-08
-2.513634097812701566e-08
1.849379819540156589e-08
-3.068765149182811364e-08
1.544473426573387571e-07
1.485753298023423980e-07
3.577509245665289877e-07
2.366885493139412885e-07
3.334366231594875479e-07
-3.971987851101632883e-08
2.664342227724456876e-08
5.519237527493893315e-08
9.485564446694777517e-08
4.603786695964376275e-08
2.732853487858656211e-09
-6.807138685745248334e-08
1.401607931183002978e-07
6.067167589620903441e-08
1.232749266708775897e-10
1.170506279039379481e-07
2.976163939149068678e-08
7.911968005460080288e-08
-6.938638303941356443e-08
2.319028837829219577e-07
2.696938958560730345e-07
4.257453461528283972e-08
-2.222173487684477473e-08
1.061058856156976056e-08
-1.180222952499671066e-07
-2.522906763348767472e-08
6.161420167223112279e-07
2.916471490635015592e-07
-6.891088909227612444e-07
6.688966616317248469e-08
7.780428499564791951e-08
8.086294938455645322e-08
1.751215636212656336e-07
-1.195401755898585474e-07
4.426218193328346447e-08
2.420062260055200104e-07
2.854846232639934888e-08
4.476971545099238446e-08
1.886401141963373373e-08
4.508207687659200560e-08
2.352551698864851765e-07
5.633954789941839944e-08
1.664634108658894141e-07
3.547503146880555017e-07
5.158411114254008561e-07
1.882280579833849541e-09
1.142260619322587979e-08
1.123316736556913358e-07
9.532307551330510939e-08
5.330031139680516791e-08
2.077992799164177567e-07
2.059084319742184069e-07
1.810611355791050664e-07
2.613536203383599007e-08
4.275571942296382658e-08
-4.426515641550778017e-08
7.637154949190397725e-08
3.217529277121727645e-07
2.707008397678870173e-07
2.355588568814210347e-07
9.695205080679279712e-08
2.586098452583613852e-08
5.817568384442763849e-08
1.598593262179991428e-07
1.317907536892417167e-07
1.512314220840522522e-07
2.717538388009986462e-07
-9.251483510012934156e-08
-3.809145292145838911e-07
6.381637215493923358e-08
9.255713325320085134e-08
8.956804964763561193e-08
3.650453780352709471e-08
1.697627346178955770e-07
3.005729753197166519e-07
7.491720146242794596e-07
3.450705585742742213e-07
9.179888228548198187e-08
7.925929301905698330e-08
1.740046289763414231e-07
1.708810637040492828e-07
1.990717145088502444e-07
2.483657416171203084e-07
6.095910684120822212e-07
4.279292722961692528e-08
1.041708119182382322e-07
1.413802807159159488e-07
1.653907495995656985e-07
1.645764170584472930e-07
5.936639232844148436e-07
3.337606751816646970e-07
5.377057371814403962e-07
2.701955216205194254e-07
1.455450772226059880e-07
2.002221781825393472e-07
1.832340130076937912e-07
3.315655509382083162e-07
3.635695482936137743e-07
5.887951914431973939e-07
4.112166513716965068e-07
1.989000018336278216e-07
1.565962564813168740e-07
1.521210182567776692e-07
1.562938753391244169e-07
3.816601056747528528e-07
4.863760489577786430e-07
4.837551123199166570e-07
5.930493084480546056e-07
9.200524618835371194e-07
