-3.487801156609050512e-08
-2.692630337975290474e-09
8.684124123824612564e-08
-3.364310551152108186e-08
6.248796580977524176e-07
1.553856990755061109e-07
1.940487356384775117e-07
4.958283247209471386e-07
-3.053882729100868495e-09
1.574709703042503946e-08
3.601993931766598694e-09
-1.746955696466146582e-08
-2.372942399028389195e-07
2.751759068408920957e-07
-4.943451588233392003e-07
3.967395158123938313e-07
-3.142725716675871149e-08
-1.328764489418299187e-08
8.692910106754012369e-08
6.548256318457657345e-08
2.557050320221859992e-07
-7.259362771184842609e-08
-1.395747026041162545e-08
-4.813271255245480584e-08
1.934965985760892624e-08
-4.532445570923608440e-08
8.854671595396151685e-08
1.082888141741910663e-07
-8.452015382706715407e-08
2.230829701083292508e-08
1.701266897224291684e-07
-1.335866678424640516e-07
4.089036127251126812e-08
-9.588819793930790061e-09
5.144347924401602743e-08
-2.181428728729841662e-08
-1.226973798378117249e-07
4.410674425529726252e-09
-7.466584594769048665e-09
2.437128683830628989e-07
3.024910186068665929e-08
1.231445588294142847e-07
-5.616155171452234144e-08
-6.435578340947932882e-08
-2.636164684678632276e-09
1.722057128284922574e-07
4.611752265123318465e-07
1.058725494914752667e-06
2.078183723964867403e-08
6.365047608006049246e-08
6.450275078214299559e-08
7.665454842279559104e-08
1.282659025853809299e-07
4.408812003275035684e-07
4.703999677210845110e-07
4.205373495254664157e-07
3.445433935609843885e-08
4.937103239669075767e-08
7.404163410865170010e-08
1.792964592308798107e-07
2.511418202674295786e-07
3.130998325285614140e-07
5.518977040503115284e-07
5.670338014276161527e-07
6.575480573585500536e-08
6.759263141564669051e-08
8.984067784427124583e-08
2.205748965067902098e-07
1.163069339584079386e-07
1.090989129103335208e-07
-3.901696298650039522e-08
3.596414016067442151e-07
4.829782063838604340e-08
7.314123592838633098e-08
1.711259080884192319e-07
1.777329268229775990e-07
1.475981733649514392e-07
4.585024831143637848e-07
7.836958856208039053e-07
6.364748765965162697e-07
6.756914910300199788e-08
1.276519662643870073e-07
1.483328598673605736e-07
2.657737960075828864e-07
2.783149048581383005e-07
3.004686151118934710e-07
3.706532742243932867e-07
2.882669751924954487e-07
5.114655785024896169e-08
1.180838808010892468e-07
1.844609727989240740e-07
2.619325560900924073e-07
2.830413173806742734e-07
3.144030865063200660e-07
4.404862650555267150e-07
7.982184157144295467e-07
1.216781505270391473e-07
1.995433732468019009e-07
1.827563023204558399e-07
5.280911511571649043e-07
4.526111491785828283e-07
2.932844266458586562e-07
1.044855504931488164e-06
6.244419613380491203e-07
1.409695084706518584e-07
1.266859427228398135e-07
2.860810962876333671e-07
3.999159512926147579e-07
4.822456175413978400e-07
3.343989583748231521e-07
6.208090131879041261e-07
6.586743343963828383e-07
1.343549751652397727e-07
2.169295648276014598e-07
3.128091820021089570e-07
3.768773887248568869e-07
6.820773377188689795e-07
9.225980565348045379e-07
6.892230642428590872e-08
1.149978973075695164e-06
