2.179373449940262294e-08
-2.218586470284418360e-08
-2.761383010582030889e-07
-5.709402781195830578e-08
-3.196092008786549612e-07
-2.188948654286685141e-07
5.427585066868218049e-07
-1.161028086358145230e-06
1.683908246358151827e-08
8.776670510705590487e-09
1.566894374622821058e-07
1.399118721717606806e-07
3.597948957196545078e-08
1.096691937666460261e-07
2.487511223642847245e-07
-6.450021700260665940e-07
5.059509484081811856e-09
-5.541436055866107472e-09
1.908369028851469603e-08
7.480277141836889691e-08
8.154690631549789431e-08
5.252976642272047382e-08
7.788567444800356952e-08
-2.853410126647901602e-07
4.822820609486003334e-08
6.231436466911667594e-08
4.958452328972259742e-08
1.576798475629282705e-07
1.475540869814656984e-07
3.515366587740778771e-07
1.387125663493340362e-08
-3.645359747880229818e-07
3.516709396659265332e-08
-6.055832716859316688e-09
-5.459173580608628434e-08
7.134740251769655759e-08
2.387554791749894432e-08
-7.049266576267578434e-07
-2.083705481275070278e-07
-2.133855294596747893e-07
-1.725101189707817531e-08
-7.900960948586375168e-08
-3.375697851952149278e-08
2.270095745456444458e-07
2.010578803498941310e-07
-2.116512161467238774e-09
2.005578250371360838e-07
-2.407666035203978427e-07
4.677208401366761496e-08
3.863214733494497330e-08
5.158717735417563429e-08
1.543557712359130480e-07
6.573329164037736314e-08
8.624304878628001418e-08
4.193891678363983902e-07
3.046404434836037989e-07
6.128044889329156123e-08
7.218164489167912392e-08
-3.402186364049384078e-08
1.711543146932989284e-07
4.342143767179674537e-08
6.062725453390523425e-08
3.518908608107324033e-07
2.023200598150220403e-07
6.135755423872868834e-08
2.301356674734239460e-08
3.257170296916627031e-08
6.009268142133519345e-08
1.064336507737878771e-07
2.848807668270322427e-07
2.143623682216889658e-07
-2.799925238899173268e-07
7.202392834971985354e-08
6.762898749978864934e-08
5.484658491930876759e-08
1.033038408035468962e-07
1.242021123102158100e-07
1.720505172962071088e-07
1.081436851415311199e-07
4.638045760224617125e-07
1.031040228932384970e-07
7.151188919536619688e-08
1.365363695076505764e-07
1.918362995020018028e-07
1.516696939542993259e-07
3.461224924947106172e-07
3.069263586411739044e-07
1.247111628182393224e-07
9.311590313835065946e-08
6.055811289201657877e-08
1.040226772684384762e-07
3.195790693921760077e-07
3.244729044289408121e-07
5.072287327865325892e-07
5.544185783292604348e-07
4.091786279829003251e-07
1.554141497671987973e-07
1.741675318902508125e-07
2.587288174242831292e-07
1.823764003074847255e-07
4.532742115023540228e-07
2.938624713646631711e-07
7.373651779640665555e-07
1.368392178242964306e-07
1.728906103333490463e-07
1.573039325979214923e-07
2.605693397723699520e-07
3.519548718545014610e-07
5.136343309053087724e-07
3.353764278186471646e-07
2.876268126014027810e-07
-1.047849233558855318e-07
2.078366965511958040e-07
8.249279840854625622e-08
4.074189440870075012e-07
3.492208060987709885e-07
6.697736761542012250e-07
7.266969814353629931e-07
1.500542624731387438e-06
8.841267571333192851e-07
