2.837372263833786006e-08
2.243825260876116280e-08
1.769415537205171849e-07
1.940929699293965878e-07
2.805755935063902730e-07
-2.988549386189961385e-07
7.096416798104747368e-07
2.426991945304206077e-06
4.199592863686700453e-08
-2.448713236446248986e-08
3.019975019788363082e-08
1.003013428790983481e-07
2.115957552703867561e-09
2.839789429564908388e-07
1.017010458967257594e-07
-1.051981378225762070e-06
1.776440285861209134e-08
7.670311767531085717e-08
-1.112743154565937510e-08
8.547554927041949932e-08
2.883540413680616557e-07
2.062439287037321587e-07
-3.527218037178174097e-07
-2.851876375525835218e-07
6.124735455264883628e-08
-1.909979194207250085e-08
-1.623683093678872781e-08
-3.372188014522104324e-08
1.714475871493423361e-07
2.178980345349107569e-07
-3.679447834871957858e-08
-1.728912253074708473e-07
1.003569807741329013e-09
7.975175881673736534e-08
-2.324959813417303373e-08
1.173017083940709614e-07
6.131229436761569497e-08
3.663239697063204048e-07
6.975318593486608039e-08
7.571515990792895933e-07
-4.437049460376052364e-08
-6.424702725624853468e-09
5.026525926925796361e-09
-5.856930001938347837e-08
2.096277702010265566e-07
2.855879556289608192e-07
2.504175467874654416e-07
-1.033929772708958942e-07
1.538427769480842736e-08
2.989665360009256653e-08
5.502091282277577510e-08
4.070125954830560405e-08
5.980876516267910730e-08
1.145173817619352508e-07
4.561894693675269507e-07
5.967910782678447139e-08
4.576726345204656485e-08
4.971664983453596051e-08
6.039985402460510074e-08
1.214059230503652215e-07
7.975877233535576229e-08
1.166954629885692233e-07
-1.435633140688141749e-08
3.496013266583656752e-07
2.824445928619017715e-08
1.876489813593716468e-08
7.079846777997825537e-08
4.965419063614503363e-08
8.504368818441671161e-08
2.595894493597362395e-07
6.374290035127904582e-07
3.782481940377383376e-07
6.948999166671988480e-08
5.570104329494284192e-08
1.881174489413695214e-07
9.563862254999025077e-08
5.251242320722662361e-08
2.130170547760334197e-07
5.147968323579213158e-08
-4.051210403287276416e-07
6.222544668070380674e-08
7.763063559986146884e-08
1.004180172942976553e-07
1.794897467768991284e-07
9.454708779105638198e-08
4.069616738280658346e-07
5.428352172598605725e-07
2.922214037596445178e-07
5.053452068868927784e-08
4.095756292017207294e-08
1.669617934408051837e-07
1.924908221148016733e-07
1.454438613456157408e-07
1.725616960800060629e-07
6.180473830405079627e-07
7.489892000303365331e-07
7.432188908700798179e-08
8.800315870851463318e-08
1.558073144463683250e-07
2.496036465617137661e-07
3.994520103974369965e-07
5.211996290551185640e-07
7.900024293693340822e-07
3.762064546830589158e-07
1.109416324553882623e-07
1.619435993813215657e-07
2.416912859856976852e-07
3.376437546976775965e-07
4.826290407418724697e-07
6.140981462918206623e-07
8.557054925187989283e-07
7.168742836991901872e-07
1.890105616002852550e-07
1.905142182688993751e-07
3.788467613074620385e-07
5.843628879701885897e-07
4.762013947674551715e-07
5.841261320642477415e-07
9.933531642583393584e-07
3.722525850910184232e-07
