-2.332298231267391488e-08
4.974395557091083489e-08
7.918964322670196106e-08
-2.266538685261664015e-08
-1.683593571991657986e-07
-6.598126957582660242e-07
2.651535191211264745e-07
2.885710670051932667e-07
2.374242755398032520e-08
1.581501896036738045e-08
8.183698188006264375e-08
-6.620815871638038864e-08
3.032997837623136281e-08
-2.000429412512724936e-07
-1.093637518367964176e-07
4.649316581295580839e-07
5.735896504643020669e-08
6.465258544750923114e-08
4.654602598019479512e-08
-5.310798127975313041e-08
-2.613008747514038651e-08
1.078939856682240919e-07
-5.903178599901019708e-07
-4.736590405780007043e-08
-3.721491539768946837e-08
2.675785281800103816e-09
1.472875901585268583e-07
2.247382687261136768e-07
-5.338518474610556726e-08
-1.938500685606549068e-07
2.082413737748222451e-07
9.448066735430612008e-08
2.745933360790600870e-08
-6.108044140196959654e-08
1.246821015983383831e-07
1.028079322518050427e-08
-1.897985836562937673e-07
1.068324923652210569e-07
-2.099750885182485863e-07
7.055165874527748854e-07
4.746504494662180972e-08
1.374307243267777932e-08
8.360150356839385598e-08
4.264004628559794829e-08
6.632948750919325169e-08
2.027700855812381369e-07
2.375842156215167819e-08
8.737816289906306108e-07
3.115690051325015828e-08
7.032765375437456201e-08
1.346645485808968330e-07
1.510321992366281889e-07
1.134507604889767457e-07
1.166685552107441773e-07
-5.750218092464638973e-08
-1.702096533422321732e-07
3.192992171976268013e-08
9.058697442802951888e-08
6.272839953402807717e-08
1.919862025437182319e-07
3.373800993152810247e-07
2.289409906597353033e-07
1.379447771207260116e-07
-1.101925638494321043e-07
5.647737677305943329e-08
6.254274532290245350e-08
8.358052000488047643e-08
-7.161744171789338788e-09
-4.748304660737176154e-08
2.104189486809114656e-07
-5.725070524030804101e-07
-1.463259639083547256e-07
4.798205208250524007e-08
8.786872355239536079e-08
3.570547714694388213e-08
1.577440610604453787e-07
1.661688720889066389e-07
3.379928929033477539e-07
5.561173308346146323e-07
4.145057324413652049e-07
8.050026642515209255e-08
9.864669455232833235e-08
1.267358594461445573e-07
1.899133418085254869e-07
2.484100643638809133e-07
1.195786438285231237e-07
4.268884525305728909e-07
2.546549868100976538e-07
8.800225124669030577e-08
9.528510659335122164e-08
1.999021152139112680e-07
2.066632764376799739e-07
2.740585012456655172e-07
3.466544822062868836e-07
5.824971931968813902e-07
5.495673205331115617e-08
1.147773497220107963e-07
1.863350335400907011e-07
2.261511164721076256e-07
3.037218154544081776e-07
2.074139592971290105e-07
6.129444623635583144e-07
5.311238653437588440e-07
6.159608970033848919e-07
1.384466806700111340e-07
2.432773774147642472e-07
2.272527643986679889e-07
4.194395984903811222e-07
3.590100719845752982e-07
2.656559493878570552e-07
4.515634578759145954e-07
1.161654788216661850e-06
1.421803494442636345e-07
2.562104748306745323e-07
3.339648434818275445e-07
3.361979213064648139e-07
5.382667361040836536e-07
6.985480925726384560e-07
1.005941129489959418e-06
1.114021806441241438e-06
