4.596297646775277426e-08
7.232533824741894858e-08
3.881257441180039469e-08
2.150667880092410249e-07
-1.533096281064375661e-07
2.331684863024764481e-07
8.652119672314613794e-07
-1.128734483645885419e-06
4.070996551385037091e-08
-6.278272059130323550e-08
-1.134987376435687528e-07
-1.162505494170513408e-07
-8.746104927038875614e-08
1.149903873877391522e-07
-1.102400257878878637e-07
3.454852807777538938e-07
-1.973388104143281680e-09
3.489126124972863773e-08
-5.892773933372755620e-08
-5.980563363077939256e-08
-2.965588039347405377e-08
-2.052757976593953462e-07
5.142891382109611569e-07
-3.540564044395268924e-08
-2.612707271925965778e-08
-2.472321014603564336e-08
1.063580992926037137e-07
5.681923640152478175e-08
-1.580072560515562176e-07
-1.622898104094672725e-07
3.689663954428293014e-07
8.109344634978778263e-07
1.857219969038233952e-08
1.521902791561476729e-08
-4.319239424746974849e-09
4.921052320468036983e-08
3.636128478394383729e-08
2.548248508224411644e-07
2.480322265443528238e-07
-5.733701867044169691e-08
6.538551412109820728e-08
4.352367180085690396e-08
1.146780257327167464e-07
1.390266633146802704e-07
1.974634839002058685e-07
-2.029780327846538574e-07
3.336101176857944902e-07
-2.183800214170146462e-07
4.965422557145700957e-08
4.474776128799375440e-08
8.867610771924605996e-08
1.356940087238980735e-07
1.022085401081702213e-07
-2.150282328151407069e-08
1.176716774753286215e-07
2.193349010282142802e-07
3.568705840319458406e-08
6.066933840201182320e-09
1.090763904851220819e-07
9.128738797401431962e-08
6.719237174137465916e-08
4.390276966571315366e-07
1.908487656095027123e-07
4.319048576976275446e-08
9.446891835831530923e-08
5.476406833807278118e-08
9.333580964463659978e-08
3.897102615427512708e-08
8.489785237907470901e-08
1.111401998396054826e-07
2.039074505708913575e-08
6.955097199969731830e-07
6.549776772903672849e-08
4.405938379880277608e-08
1.139660539496053648e-07
9.759437205978201682e-08
1.044945121556062128e-07
2.967910202431557301e-07
2.583302701032441423e-08
2.023979441323810776e-07
7.915361202749769774e-08
7.873068016578923857e-08
3.485274865425355587e-08
1.430845852453740005e-08
1.892052060220782433e-07
3.214369659845189946e-07
2.764882368741095893e-07
2.976273540155978826e-07
1.082637723313962037e-07
1.283248268093406793e-07
1.767048797002052693e-07
2.455391454175060692e-07
2.585566588828379900e-07
3.931631009137566742e-07
3.912626395947929562e-07
7.154781234148929559e-07
7.849220951883522478e-08
2.386305903039515092e-07
1.402121677517308703e-07
1.931715935372580002e-07
2.316976921578635775e-07
3.572148564549838997e-07
6.693919649914105251e-07
1.249433004646408247e-06
1.176641900993482578e-07
2.138114765582240018e-07
3.401504745981403202e-07
3.739079731435432822e-07
3.049139272455509866e-07
3.497795152989124614e-07
6.918233400180099880e-07
8.848963617701516022e-07
2.245549692111636542e-07
3.153544849068286970e-07
4.138918469641438634e-07
3.692611698192790834e-07
3.333684302843113692e-07
7.445980470469455768e-07
1.047898784544016852e-07
5.497543028290754758e-07
