9.059457479651321704e-08
3.286584166380434535e-08
-1.191643875918756888e-07
-2.112136340011063015e-07
3.324658657148589026e-07
1.502746674078000655e-07
-1.328805553248556750e-06
1.907052531980032992e-06
-2.878750279611978154e-08
-3.827657715306682765e-08
2.203783527964048842e-08
8.423544887171987811e-08
3.988434127331300237e-08
-7.757388679674907496e-08
4.858810187669922454e-08
-8.143091501080565532e-07
3.050628963100000463e-08
2.178256518907125428e-08
8.274179267802569469e-08
7.735371522336212910e-08
5.547986560389252799e-08
1.252623611250364489e-07
1.083695389156201450e-07
2.491831318334119567e-07
3.547295731445836671e-08
3.287826118819852375e-08
5.344890681456353487e-08
-3.296192116645344771e-08
-2.348180412604927094e-08
5.968708386615084519e-08
4.699704708786679105e-07
5.623731831095010624e-07
1.736051594222281095e-08
2.129564262966212052e-08
3.892750506267045298e-08
1.418296010248936915e-07
-1.292786501307208246e-07
1.732546643267331365e-07
2.132945194946146795e-07
7.729199580608897262e-08
1.579226981327778743e-08
-2.822718596583968895e-08
6.985866751619136760e-08
7.041018164079264169e-08
-2.908196022250148236e-08
-7.636885095183802685e-09
2.004215104965492580e-07
-3.575670106540398235e-07
1.897151249972992009e-08
2.220583151173317120e-08
7.394480691102917404e-08
9.598539939709439292e-08
3.533850378535750719e-08
4.766184698538789527e-08
-1.332586704426732186e-07
-2.431631397728576033e-07
4.334281004643104941e-08
5.037804445095159649e-08
1.183466514098665365e-07
1.052512172786265517e-07
3.820509777738555544e-08
1.199476218935136269e-08
9.009035081447498246e-07
2.822930834326261892e-07
3.565828163593091049e-08
8.837360295220707612e-08
1.865890794221169894e-07
1.533359078055491356e-07
-1.183788571146755703e-08
2.822567795656461172e-07
2.781538185678200955e-07
-6.372005373397109849e-07
2.818012174434868533e-08
8.044461494968708639e-08
1.183990283667800455e-07
1.613958868328859964e-07
1.783298031669029018e-07
1.546562042983650040e-07
7.035525779824596993e-09
-7.172432096668223760e-08
9.253245596468549983e-08
1.485514086610553913e-07
2.098494939794359001e-07
1.613779601077550231e-07
3.394286304073313377e-07
3.491650236558859809e-07
1.545250954517269484e-07
1.217159642044469971e-07
7.676541570065945618e-08
8.036661272657114055e-08
1.375763823793792509e-07
2.062516912829760560e-07
1.796562143454649944e-07
4.312656583216259230e-07
4.910709632830955256e-07
-6.736922412575865532e-08
1.066139938394215542e-07
1.977403157695971955e-07
2.896567624137386110e-07
3.389425950546052293e-07
1.398573167962211491e-07
2.818761423888690818e-07
4.890796128798849660e-07
6.222214551046275806e-07
1.556029578316999270e-07
1.825061419180970149e-07
2.627343221649389990e-07
3.874141268221083522e-07
3.832574188099396370e-07
5.542186834317022358e-07
5.999612652819998897e-07
7.718786967050578193e-07
1.767875763689607276e-07
2.527675122845851045e-07
3.277954621593774677e-07
3.394629420214367910e-07
5.939689080247495883e-07
3.472205341046159141e-07
1.007695203282045421e-06
1.338379165617126698e-06
