3.654961526514106167e-09
1.252259468104373670e-07
-2.811384600176043757e-07
4.430927854763404362e-08
7.710759137412725102e-07
4.945521931477338807e-07
2.300463209360321716e-08
2.224475327870368295e-06
4.614787752243336621e-08
-8.288271684981035561e-09
-1.816263650749585663e-07
-1.708674093505688766e-07
3.647016318066452157e-07
1.268801314786517877e-07
1.382070356345643237e-07
9.586415291919363963e-07
2.123721214486749731e-08
-1.643055781328159376e-08
1.667682242058781805e-08
3.191590974251959022e-08
-1.898403517633184450e-07
6.811562192772051261e-08
3.217079970216059843e-07
2.238413309882986455e-07
-3.942723354846783364e-08
1.881194237990275513e-08
-2.495044686793755327e-08
2.282011996755039847e-07
1.556308099607761522e-07
2.604144963288594741e-07
-2.234111840051779326e-07
4.871770916732605197e-07
-2.291858456572173953e-08
1.449345304606444419e-08
5.029007352388174747e-08
-2.452015400838182775e-08
9.473372562503324979e-08
2.127588248790711509e-07
-1.684287783185723681e-07
5.736781005831407613e-07
1.098351235532743376e-08
-5.355326868176373911e-09
6.871116638062478217e-08
2.676457560597016895e-07
1.765227134140262533e-07
7.740782167127390175e-08
-3.277059460999210083e-07
5.503408220216057002e-07
2.349969387762995783e-08
2.569934394697752868e-08
7.118387041051557894e-08
1.286411099133556455e-07
6.084221904542515617e-08
4.790910645885554491e-08
2.062777123800383023e-07
-1.150800978482285111e-07
6.035550720583067340e-08
6.270896055051014783e-08
1.120298324237121952e-07
1.420591739893940996e-07
2.890619156011629274e-07
7.767347735209295478e-08
3.822167685190605918e-07
-3.668824542008676911e-07
2.443496562549131995e-08
1.216712404725590081e-08
4.303147677492266624e-08
8.396248087654810330e-08
5.277854110982741848e-08
3.432475529359061524e-07
2.122935847990614560e-07
9.694725551923367132e-08
7.898834017414365576e-08
5.718342672345671660e-08
8.086436069658829970e-08
8.706904633045958622e-08
1.874792930741272528e-08
-2.343915720783191094e-08
4.266834346158231506e-08
2.903979338441259030e-07
6.484910242346337521e-08
9.168813093894722067e-08
8.372847086586932349e-08
1.607830213869886952e-07
3.098821964100748463e-07
2.798354289385816792e-07
6.445589243827370356e-07
3.440698049853541822e-07
8.121636734579380107e-08
1.349813957101960581e-07
1.467778685486961014e-07
1.739393931061418338e-07
2.263115319570556329e-07
3.496798321575512694e-07
4.786867505432210457e-07
1.176710456679540884e-07
1.459805979412352757e-07
1.422449881295959586e-07
3.000640948696943373e-07
2.961749035822835176e-07
3.952286463057475914e-07
4.495747315474313894e-07
7.391307790865454808e-07
7.931585845820585835e-07
1.268150560049162113e-07
1.610149258992190794e-07
1.954456434347373745e-07
3.215206313294943300e-07
3.833426628024451975e-07
5.165002024189617038e-07
3.343244591752885655e-07
7.787226394499016741e-07
1.291195026444276170e-07
2.193661013357150528e-07
3.222855256353596013e-07
3.507423567267496623e-07
1.372587676416860884e-07
5.681317101522295570e-07
6.388461056583432149e-07
4.722582624966540795e-07
