4.269787629766979071e-10
6.140937838750472120e-08
-5.269606674333055003e-08
4.348036076476484431e-08
3.387905235224385096e-07
1.518992080816168549e-07
-2.098474188694303717e-07
-5.270564304191757767e-07
-1.572821020445901747e-08
-8.382858295221338741e-09
1.488866058754728178e-07
6.448341452475673873e-08
-1.416537138921297194e-07
-4.571534832688582325e-07
4.730164666091784077e-08
-8.382256897335531785e-07
5.660065365348370226e-09
-1.999934773901538900e-08
1.101957290534376138e-07
2.120261230074988803e-07
-5.054783277213270541e-08
-1.364180531583427821e-07
-4.059898762513896094e-07
2.278245764187961318e-07
2.102700528460858780e-08
-3.107454650629936552e-08
1.032257776781778415e-07
-9.899536063312629374e-09
2.910113141907012213e-07
1.040026742909247322e-07
2.908840140948674358e-08
-2.521269534920431662e-07
1.372948399399155903e-08
5.181139323137262414e-09
3.466193672735246168e-08
6.505693979692691366e-08
3.760499199649339577e-07
4.466625310454066571e-07
-1.293068245391061411e-07
1.047595981601296688e-06
5.444103451049583373e-08
6.326102248490398893e-09
2.704171627614274341e-08
-4.069117233368748354e-08
2.446034279780866496e-08
1.853266518583782194e-07
-7.239694229798834589e-08
-3.278027540608740294e-07
6.299763254491131114e-08
4.344964107472761235e-08
6.502625961416797545e-08
1.957068060568757257e-08
1.598724497898405197e-07
7.783515557551823167e-08
2.985280528908187155e-07
2.758664361214742491e-07
3.415509514784448330e-08
3.118685993261431537e-09
5.476631789951431522e-08
8.131547955918113608e-09
9.555506036267193009e-08
1.902161518046226752e-07
-2.521216615496125220e-07
3.286238832544167657e-07
7.523863674614423533e-08
6.232384463390413106e-09
2.573555165932647446e-08
1.004652143189229283e-07
2.589324596289519035e-07
1.300422450452904904e-07
2.339954120273811184e-07
5.844534488197887509e-07
9.221165567862601351e-08
6.791140706583509234e-08
6.544639779605019300e-08
3.056290608239470073e-07
6.942408203566852414e-08
2.943119055610874040e-07
-3.293106201016418902e-08
1.114544299395303557e-07
1.149883632479971951e-07
1.205933121968654324e-07
1.977649821717201659e-07
2.418476368829821497e-07
7.656990252823197252e-08
2.527333298775915862e-07
1.243676470725809651e-07
-1.091430579561010471e-07
1.297843652381668910e-07
1.267475056795765673e-07
1.527529042639543002e-07
2.316506040232651962e-07
2.784017029195822569e-07
3.458175437084683527e-07
6.112891737209753675e-07
3.592974496802783174e-07
1.621742274537062199e-07
1.119091554865733578e-07
3.302193441220833923e-07
3.185237586421887720e-07
2.873685638956833304e-07
5.508362908743965747e-07
4.483402208843266504e-07
1.298691352516135422e-06
1.889398761443613042e-07
1.791102205762057010e-07
2.577989785770929081e-07
3.071114721011599748e-07
3.775460420428511104e-07
6.807799371637218024e-07
5.643532296421642726e-07
7.890597590544453973e-07
1.986495551079520686e-07
1.873747481878519572e-07
3.884162991475886103e-07
3.463036108306578317e-07
7.671052879489996681e-07
4.748450784670452119e-07
2.837147226473794139e-07
1.385757476239687287e-06
