6.969518921461272503e-08
1.018244461787380493e-07
8.349928753682243742e-08
-1.639543622230386806e-07
1.085619820098173274e-07
-5.433642873819406056e-07
-8.871433470733520538e-07
-1.657303627015973055e-06
5.028491953315296462e-08
-3.205370186032826525e-08
-3.627742858310083458e-08
-6.435480644938505232e-08
2.580288367285877787e-07
6.093992679243089860e-08
-3.443859838564766388e-07
-4.715562716926067652e-07
6.808677347750221439e-08
7.611692623566700121e-08
1.062167301816890874e-07
-6.423100107169704250e-08
2.190335024921592241e-07
2.692188446084171619e-07
2.209964446833934594e-07
2.048579553399477160e-07
7.596025520231592228e-08
1.705238983653410062e-09
-8.268938721357163618e-08
2.799040212366571538e-08
3.756196387631594618e-07
1.224091771887437441e-07
5.410401484212180897e-07
-4.363998464232404342e-07
6.217660445377554214e-08
5.146596373569300465e-08
4.048491643394889660e-08
7.591959010319974396e-08
1.449576157354741815e-07
-3.507824943577433224e-08
-2.656263311650730716e-08
4.867250379921071002e-08
9.270172421129728205e-09
3.062916861697031832e-09
3.358467554462499786e-08
9.863202880546708345e-08
1.161494949331845048e-07
2.695696111938853813e-09
-2.862120148602280993e-07
4.066684076143874798e-07
5.410118181627216886e-08
2.208271798557858848e-08
5.728118342125994871e-08
1.537458028094941168e-07
1.202145423002275999e-07
1.190634628501753010e-07
-3.053666820134326937e-07
-1.236789366919840540e-07
4.939688599797680781e-08
4.146988699844632368e-08
7.559012544772965890e-08
1.271724978757433921e-07
2.413493957178877955e-07
1.458950681285791570e-07
2.453347713414337757e-07
1.582558010558133870e-07
3.202336661725621446e-08
4.819179205063853353e-08
6.351476944929399483e-08
-7.667972367037736724e-09
1.422642494691085639e-07
-1.207544351517820178e-07
-2.685008623412895912e-08
3.173162492926971953e-07
5.884959602516226958e-08
6.412951507695801894e-08
-6.695840989861017087e-09
1.000539190938730098e-07
2.155428774721096060e-07
2.114958983854381644e-08
3.559449406480443900e-07
2.432908401499949566e-07
9.856488251584600792e-08
1.441560772640492851e-07
1.064819284210776445e-07
1.910751357907926284e-07
1.024789739501269505e-07
1.557933823514380265e-07
2.621917871000382086e-07
2.212281099093991088e-07
6.313570230242664988e-08
1.191352605753520970e-07
5.031197739999435884e-08
1.455339788323966788e-07
2.256797363969380241e-07
2.894752458589336328e-07
4.472168442261431759e-07
8.519430917950115520e-07
1.094105854895146367e-07
1.271880798208652234e-07
1.773414390037300988e-07
1.135490207006111258e-07
4.494269254595097466e-07
8.309119973318263863e-07
1.064700841319013921e-06
9.321012801957384346e-07
1.067735954737851398e-07
1.584986202081654870e-07
2.060098413518588714e-07
3.372008697157356979e-07
3.991820443375956830e-07
5.664773956227341240e-07
8.595287464087182507e-07
8.344635194659492533e-07
8.918206643742286069e-08
1.677493819425847036e-07
2.837429869922734259e-07
4.152258026354203587e-07
7.027690048600133823e-07
8.945596775959430838e-07
7.833774440069220691e-07
7.956250919637887280e-07
