-3.924558571926426367e-08
8.974723829313992424e-08
-1.380769394629831995e-08
-1.784232730273073033e-07
-2.751427148935900195e-07
2.603688140052859031e-09
-9.466368910417920332e-07
5.922555691130694797e-07
1.237842763203610696e-08
3.173026367130171634e-08
6.938661625000175575e-08
1.372872228765916096e-08
1.521844981608721383e-07
7.204265482950258879e-08
1.963289532162145290e-07
1.890986652058966568e-07
3.858199485483494694e-08
1.549547714778479363e-08
3.233557483705373681e-08
1.648113169258211602e-07
1.012428807030556006e-07
4.855294764347105557e-08
2.707231802668416094e-07
1.306365157305517504e-07
4.846738073932186386e-08
2.357813430757861146e-08
-1.144829774380645452e-08
-4.981283595882233180e-08
-6.362949529703795318e-08
-3.000471345109254527e-08
-4.911087250983126944e-08
-3.069990768348956197e-07
2.160104890644821040e-08
-1.786502078742491066e-08
-2.479331632283375400e-09
1.681115787128603026e-07
-3.391644233575747251e-07
-5.436085450328694821e-07
-6.049768084094733786e-07
-4.068259757508989510e-07
2.854566418528671525e-08
-6.582003875628275907e-08
5.460417378850362838e-08
1.732575685343530873e-07
4.179401788294997551e-08
5.977729327957346535e-08
-2.353566727824291446e-07
5.913390846098195298e-07
2.361752283241112698e-08
6.585909231476694307e-08
5.430920139790987487e-09
1.095926362446325753e-07
3.073169586699299035e-07
8.865850079294381819e-08
2.757207150435894102e-07
-3.859418600340609394e-07
5.617535708616284804e-08
5.780879579837755748e-08
9.043801880707987687e-08
1.421614090445192572e-07
2.937780857106040661e-07
1.218687339590224308e-07
7.738571224969808966e-08
-1.697250904953789094e-07
2.478751418604106975e-08
1.614202150610306938e-08
2.630268490458943741e-08
4.690861971052353030e-08
-4.488416377505166631e-08
1.104770453622924773e-07
3.416991762692743923e-07
9.703761756577608208e-07
4.281932153304977246e-08
5.573899863560282955e-08
1.351457743779828796e-07
2.332700991895765206e-07
3.011107832854981814e-07
3.309399785107600702e-07
-2.328762411043494044e-08
5.198160791207075645e-07
8.332904345343493635e-08
1.241010039917050017e-07
1.143362313779189594e-07
1.309012048310208887e-07
1.745308230436596079e-07
2.978483403796130062e-07
6.694587480147840851e-07
3.775886800641673095e-07
5.678677697449636993e-08
1.049319224566997151e-07
1.223400431901272581e-07
2.495001326577030905e-07
1.899718251040303656e-07
4.774926171767059884e-07
6.047208406883870720e-07
1.969473945506979642e-07
1.486593911232440318e-07
2.329278568326165127e-07
1.824895250592413378e-07
2.006093873062756201e-07
2.877815933046331843e-07
4.004666346175483269e-07
8.648178164246802998e-07
9.357941855246286803e-08
1.517408395862470475e-07
1.385870189265654843e-07
2.755306965996867433e-07
4.079994299509704483e-07
4.647488720950223401e-07
5.015590472227389435e-07
7.237270628995339214e-07
5.875409483000124823e-07
1.266338551639927496e-07
2.083219226906234555e-07
3.338921982204179442e-07
4.041115175386365964e-07
4.584950231629743614e-07
8.992527388257117398e-07
1.585061935523504437e-06
8.564081210021401250e-07
