-5.409853955697476859e-08
-1.057414696286983079e-07
-3.042937124485121503e-08
-1.107622653686587599e-07
-1.954358336301808464e-07
6.350784820644728051e-08
-1.423394583469638944e-07
-7.311441046128076700e-07
3.592629730633813979e-08
-4.464475394145048343e-08
1.199936916594904822e-07
6.135211853695564923e-08
-5.119036713681716719e-08
4.203850601814468927e-07
-1.934285628009054426e-07
-1.249528314709609757e-07
1.601157694178400013e-09
3.797411540725600864e-08
2.542860371539894317e-08
-1.265207104949236063e-07
5.275621706846503693e-08
-1.157395766113230671e-07
-5.581807392615179483e-07
1.471681587958112788e-07
-6.411737070997665023e-09
1.871812140427315705e-08
1.135367248328655776e-07
-6.163184730301452893e-08
9.527106427942343780e-10
3.542486980929560700e-08
5.425015865149818738e-07
-5.154266841372231149e-08
2.578513822149468195e-08
-5.654369715048931227e-08
3.857102784940135106e-08
1.513337898396250346e-07
5.570425629638778269e-08
-1.503889732642121208e-07
1.472828430447634370e-07
-1.033579461576652273e-06
4.376091441247990195e-08
9.731767944104761899e-08
4.177229358456442535e-08
-5.533134452036317489e-08
1.372768706752145611e-07
3.162598766317256700e-07
3.864750667422497829e-07
5.005471462514033383e-07
2.240258476230009098e-08
5.976857119249455323e-08
1.498077160800508762e-07
1.423315904018379643e-07
-7.141834825882322855e-08
1.655630207945957097e-07
5.981685705183647510e-07
3.591708162317214284e-07
5.718028800709495210e-08
8.916326393973833780e-08
3.637794049449375558e-08
1.171420491917280617e-07
-2.781165450988154116e-09
8.884004199366971276e-08
2.376590577987364446e-07
-4.400317636096910263e-08
4.257356702927056572e-08
4.790034243009667747e-08
4.594014553452103769e-08
6.290953580339977165e-08
4.524050624432258650e-08
2.352145690284275412e-07
5.781677512488666868e-09
-1.725624359523532324e-07
4.924826304768175418e-09
6.867577860151021795e-08
1.423032694291393399e-07
1.938783696015502517e-07
2.204767035689134683e-07
1.395210053138885601e-07
3.817402867425477349e-07
1.507399317643836012e-08
7.315977060829443545e-08
1.068104986088243413e-07
1.579013154867140618e-07
2.666188719740041608e-07
2.199002091703560547e-07
4.721302599267218794e-08
2.205583506657283055e-07
5.163768768820375556e-07
5.113367026253247590e-08
5.029686697734399050e-08
1.180455921040022119e-07
2.304325598162113485e-07
2.948198988450424094e-07
1.805833149599869851e-07
2.455191373398724833e-07
4.309253568875968225e-07
5.341440442332312591e-08
1.851159956879464317e-07
2.093644804699561819e-07
2.292507283022653072e-07
4.034195391735805202e-07
1.811470340081029736e-07
3.945144086474012105e-07
4.866048460033649766e-07
8.359011073803513102e-08
1.147077776879510101e-07
2.531586224559415327e-07
3.485782272871321411e-07
3.415797581051626222e-07
7.674005287222462128e-07
6.121679193692799251e-07
6.319482391142336247e-07
1.505038504799475232e-07
1.875956755178925075e-07
3.756613281556128333e-07
3.081954300931383790e-07
6.049708426873090368e-07
5.908625444779660827e-07
9.236449599059629022e-07
9.951847458949238216e-07
