4.985475335632260501e-09
1.092368722478943527e-08
1.510162617891856933e-08
-1.884662007401474735e-07
-3.578263344141300364e-07
-5.097703031099851953e-08
3.480669406986893507e-07
-1.458522149308330660e-06
-1.763764657219074899e-08
5.446494098998401015e-08
-3.960622981261650402e-08
6.038915500199902960e-08
1.280444500205309896e-07
1.585550599939682638e-07
-3.615831703751678037e-08
-3.989994143210709666e-07
6.969744764178090176e-09
4.261058708032325516e-08
2.740983657189083061e-09
7.725129913749137470e-08
-1.065800432619496664e-07
7.728479904678377933e-08
-2.207931655083045909e-08
2.697715625841405106e-07
2.342978205838654554e-08
3.593981538657741326e-08
9.120659052912043773e-08
1.289628716495065018e-07
1.831219095660677025e-09
-8.890146010941227564e-08
1.380502559493060551e-07
4.928969914059294923e-07
5.633466834527604815e-08
6.527422585633437649e-08
6.985941077051513614e-08
1.499401580450191877e-07
1.817563505749185858e-07
3.083669538963710408e-07
-1.429723755191396659e-07
8.770699921256144854e-07
2.524301854296215039e-09
8.344878809571036239e-08
1.031077321028440734e-07
1.278024333295502690e-07
4.712272698797197349e-08
1.374193595267692603e-07
3.296702895229498858e-07
3.819622447172272137e-07
4.661395187045084462e-08
7.095572112794874446e-08
6.108089778565977190e-08
1.452291035418695412e-07
2.908815866033668775e-08
1.998855154593270231e-07
6.666240043664420061e-08
4.550047372374110159e-07
4.327928869610857613e-08
3.676271108192102995e-08
7.113175625351265275e-08
3.119314320820666345e-08
-3.309753972600021579e-08
-1.166577476133593941e-07
1.286883904481151633e-08
-3.122761972663778427e-07
2.882553710902196218e-08
1.071417913193805924e-07
1.143393272548141894e-07
1.820148196453097323e-07
2.452497666780301814e-07
4.420686462080866128e-07
4.187615933514937193e-07
-4.440252146754480961e-08
5.595708216088724694e-08
7.551143529992345779e-08
9.644726879726124765e-08
4.268881904950302528e-08
1.607423083678930408e-07
3.354001831899671771e-08
2.601217311907696688e-07
-1.794379347816547032e-07
1.002859201286724605e-07
1.117580013616155615e-07
1.366572233150875667e-07
7.495623297937381912e-08
1.312795920049833833e-07
4.800036802061702201e-07
7.108696380828985017e-08
-8.773712869476525011e-09
8.147942175486925410e-08
1.575388295999879073e-07
2.056218040812723516e-07
1.415943375280609283e-07
3.371318033937633604e-07
4.745508993605501119e-07
1.181972713172455362e-08
2.044918688060107181e-07
1.314035801062719184e-07
1.969807706574299109e-07
1.512534815829674967e-07
1.676930163210272836e-07
2.008801348675291784e-07
8.169518019339078639e-07
7.000804106552324589e-07
8.268008008785425817e-07
1.347993151547137105e-07
2.234672913811145290e-07
2.809688933252095272e-07
2.939575553600207048e-07
3.376968058644934366e-07
5.615847086287730530e-07
8.735608634049326789e-07
1.058226674912349854e-06
1.850588608097560973e-07
2.806639307254445327e-07
3.058641860647415917e-07
3.246681189281369976e-07
8.304652910067703497e-07
5.763653675333909878e-07
6.508420051831056439e-07
1.104243643814766895e-06
