1.052414405521585210e-07
1.245938216447283357e-07
-1.566456756526976199e-07
1.553523979860104451e-07
1.007842190180223578e-07
-3.526139903159915175e-08
-2.930858896386175284e-07
1.074215049693488406e-06
-4.523378267917504828e-08
2.997217173707894216e-08
8.749394696874539296e-08
-1.665029297133533333e-07
-5.925884387920321329e-08
-7.682704172259801720e-08
1.302396577949332544e-07
-2.401700516189622180e-07
1.704799571495875916e-08
9.850824679383691248e-08
-3.315591855744444245e-08
-6.446230862242083065e-08
6.661317887978906077e-08
-6.134292909375741781e-08
6.164369089897467624e-07
-9.229346422893303319e-07
-3.361935322474359750e-08
8.443298238514994419e-08
1.054163907674919554e-07
-1.278070587452934372e-07
3.005255145400946086e-07
1.942429347819228214e-07
-6.736745180439855483e-08
3.912216718429973698e-07
3.051347469968586404e-08
1.718904259480909055e-08
-3.905554997985098997e-08
-2.394891590599558002e-07
-1.102439296499781419e-07
5.663098080000745108e-08
-1.054456372281532445e-07
-4.127789722071730863e-08
1.757878927110613663e-08
1.289730003731408695e-09
-5.466734902856236573e-09
1.248584090523173805e-07
-2.524423577543234735e-07
2.772085675071119768e-07
2.357466033672396468e-07
-3.321119518891836465e-07
4.481196698523598139e-08
2.876172403523650883e-08
1.361858531897098588e-07
1.688654792838456781e-07
1.475443032102117414e-07
1.068444250949431887e-07
-2.618379183160800178e-08
-1.061751368424618808e-07
4.251058821730197843e-08
3.728809018012135607e-08
1.503207822759715430e-08
2.304363807896451564e-08
-4.415704681493735784e-08
2.553827858710495529e-07
5.695661684368546024e-07
4.358105133374310238e-07
4.089607262688047581e-08
7.277666644144905765e-09
2.881266974046755848e-08
1.684834313132661779e-07
-4.621477665446202036e-08
2.357081611652421888e-07
1.869039668754402350e-07
5.448088145329972343e-07
4.032840571379380663e-08
7.518756585780691019e-08
6.566613168451659951e-08
1.412206198254072022e-07
2.071512183142100447e-07
3.513450390424915498e-07
1.319099536711164426e-07
-1.017463212151399792e-07
8.730696948495155715e-08
9.424260556259117262e-08
1.303408886690745341e-07
1.853095623109500126e-07
2.213401527786227987e-07
2.424004057764701133e-07
6.792519306880230626e-07
1.963890970291999325e-07
9.680693149596051732e-08
1.113792025093461228e-07
1.605782700349307888e-07
2.638903977540614728e-07
2.712970922570176294e-07
3.829108451371202614e-07
6.657954308587591509e-07
6.112378035582910462e-07
1.102853168089192102e-07
2.181056076753890640e-07
3.238317506552756504e-07
3.439689090773662311e-07
2.885730347336364017e-07
2.711497211079243686e-07
7.580152605806702735e-07
6.121236570179953034e-07
1.746906354004961680e-07
1.583032190670136057e-07
3.427405528722754302e-07
2.323839888015219011e-07
4.975402228233409113e-07
5.797881280878220348e-07
6.515353101325371545e-07
8.711101414232372224e-07
1.736304743537179669e-07
2.243506588406328972e-07
4.177111116391663037e-07
2.985142110911374297e-07
4.190885380611998971e-08
5.476031180522322218e-07
7.090522122952681582e-07
2.828138921798905933e-08
