7.496471492997883862e-08
-4.034738577153955183e-08
-9.510081006597011358e-08
1.756207707785241227e-07
-5.123609435251798656e-08
-1.941153881874866858e-07
1.371904594156389266e-06
1.428830240674271354e-07
6.411244629353764348e-09
-2.651458071842560022e-08
3.837710038960450927e-08
6.818048258542469781e-08
5.282487036588941734e-09
1.466499145967618018e-07
3.638745956137061356e-08
2.191182538080108094e-07
-1.003836801465575296e-08
8.460020597159613581e-08
-4.945204620447866343e-09
1.091166122609541543e-07
-3.438607081560008743e-08
-5.724055072133693552e-08
2.609854060970992193e-07
-3.591172257231699375e-07
-3.349378912019305631e-09
4.424428716068065901e-08
6.455647172246024887e-08
-9.415831906475538518e-08
1.171980113855932752e-07
3.399253851389429851e-07
-3.443617473987783260e-07
-8.435392465199059241e-09
2.516377235423056124e-08
7.549730195885808905e-08
7.494936463989421825e-08
1.365413581992236115e-07
3.436609161052544406e-08
-2.892520819667061603e-07
3.776588689205128748e-07
3.025119540164730119e-07
2.925540136896291798e-08
1.904646235121416376e-08
4.029451184826470932e-09
2.137088578076991812e-07
-4.387277796662319666e-08
-4.005968513532981695e-08
2.452936568238100258e-07
-1.297568097866949627e-07
2.772608935511723452e-08
-1.944271442653811042e-08
2.035094583673161749e-08
5.393346273985868136e-08
-1.727175873648788800e-08
-4.142892775198006779e-09
1.405205913903345304e-07
4.780389754072274463e-09
3.075840841574116866e-08
3.011237767376243468e-08
3.483631661638523701e-08
7.639526889539287350e-08
2.948866948248952520e-07
1.163946568403729395e-08
-4.940347726399387748e-08
3.104308937079504197e-07
8.813067684147860757e-08
2.237695242996373146e-08
2.835216365721464093e-08
7.216592821861109337e-08
1.467133494352076396e-07
4.898390133731374063e-07
2.818657217569488340e-07
3.563013733901898946e-07
7.112362784235861482e-08
7.277143536250498157e-08
5.299347420434014296e-08
1.393219624499371547e-07
1.608739273679542242e-07
1.281867178725246825e-07
4.569122734172626902e-07
3.935302774136877710e-07
4.646242009677560959e-08
3.541214207729679760e-08
9.226132603937723769e-08
1.722148789203789774e-07
2.825950566162932993e-07
3.937507522357402445e-07
2.919439918384078529e-07
7.160789800876846352e-07
7.233660159241749329e-08
7.707199715751014992e-08
1.622573408378365625e-07
2.193125533403260786e-07
2.764710946641177024e-07
3.110328793984128666e-07
9.909211903692447539e-08
1.429305143141342736e-07
8.875319978921643170e-08
9.750985760626699685e-08
2.900639671261554811e-07
1.221480519435980543e-07
4.613788146873057791e-07
4.430665388427479113e-07
9.488377044543293097e-07
4.968713816639235966e-07
1.357414897424516137e-07
1.246141098245390129e-07
2.105827142010280452e-07
3.412721014660626037e-07
3.523380383492810441e-07
3.516614171304939674e-07
8.377741265384543996e-07
5.999863577511058651e-07
1.809262505938081548e-07
7.243434051822213011e-08
1.674982714661804503e-07
3.859264312243113041e-07
2.921413493172166882e-07
7.248168473330539360e-07
5.055137034857963883e-07
8.165963547102903329e-07
