-6.825903006277782598e-08
2.365214727707842117e-09
6.545079358486362243e-08
-1.193340750924272914e-07
-2.402482786548014645e-07
-1.289235612414294760e-07
-4.146261177248768706e-07
1.007392407701689683e-06
2.381054250688352774e-08
4.981070948394382893e-08
1.811972313744747106e-08
-9.609275067316795222e-08
-1.295540581781124158e-07
4.903429384362394897e-08
1.311557553311484816e-07
-9.054910822387978823e-08
-1.215922370318087017e-08
-5.798401374349118892e-08
1.759585484797723082e-09
-4.651467806767250606e-08
3.009581679837454523e-08
1.752665226253960731e-07
-3.186438526248448730e-07
-8.517468937848868737e-07
-1.135044820414946352e-08
-4.064244919095186021e-08
-3.463630087635824988e-08
7.513100299538237063e-08
-9.209809994642839607e-08
-2.216647709895202799e-07
9.258807135965213604e-08
7.541657413447185255e-07
-1.746675659102866907e-09
3.051347705121666757e-08
4.296837776347403615e-08
-6.885038904637862003e-08
3.132814351080402975e-07
1.503419789325656296e-07
-4.562077593382590114e-07
-3.999506668046501303e-07
4.438505252309843157e-08
3.301362649499452042e-08
7.295906660044986359e-08
-2.883403926597567873e-08
5.642925816762634931e-08
9.071792536860352422e-08
4.122131656107951965e-07
5.599799266350937219e-07
2.727139101272781357e-08
5.062398444498908185e-08
6.482982169235320815e-08
8.036928343239551380e-08
-5.893857327431885492e-10
2.167373012660713894e-07
1.761876071725671535e-07
5.372092779900849556e-07
2.112997199249954207e-08
4.663415057784900077e-08
1.130822888877314830e-07
1.324855362981939227e-07
1.298661628092546277e-07
-6.409192858305753070e-08
2.768510600514726846e-07
2.786804889078226239e-07
1.418329512779358137e-08
5.099829549617622628e-08
1.118910064763397654e-07
1.133817867042301344e-07
2.481994280159934134e-07
1.647687573866009016e-07
2.020342732778001306e-07
1.949979232421902732e-07
5.545702516076863637e-08
4.598497542867723342e-08
1.322688869416427570e-07
1.313684826037814070e-07
3.391231087978374126e-07
3.987098874789470659e-07
3.073636439233257348e-07
2.689307340695670037e-07
7.092599911174867852e-08
1.153047303454522620e-07
1.930689034350330632e-07
1.924890892203285717e-07
2.084577120584270493e-07
3.418338907918200180e-07
4.076769070624049523e-07
6.953794985057228236e-07
6.683471958620430743e-08
8.385971326785559011e-08
1.362769931637639978e-07
2.064728044907706273e-07
2.797199828943535085e-07
3.901767314615882925e-07
3.888117527123499985e-07
4.238595170447297783e-07
9.844565167321409516e-08
2.278358481446832667e-07
1.928796013557473784e-07
2.604047345719694228e-07
5.200034026822110859e-07
3.569419557213951606e-07
5.281936241774795916e-07
1.095582362813314166e-06
1.079241871891064028e-07
1.832775870126272950e-07
2.084649021348105042e-07
3.949562092212527319e-07
5.318975563912764608e-07
5.754181738970054462e-07
8.857737050627699752e-07
1.130377847690791804e-06
1.443975069883042538e-07
1.833227903785651092e-07
3.175816037526049801e-07
4.359152974967259959e-07
1.119175136551530818e-07
6.276746644761637397e-07
8.875947197970355449e-07
7.983203457171187910e-07
