-3.464094211958024724e-08
-1.337588537059720470e-07
-2.216990997996295365e-07
-1.020004970953458300e-07
1.072474419221203723e-07
2.463124616359083112e-07
-9.630131039496401083e-07
9.908541361826027044e-07
2.047991091521744500e-08
-1.066660579567547385e-08
-3.242782487136886665e-08
-3.250062359907522543e-08
-9.598982863378963606e-08
-2.548185091261564975e-07
-3.955675996331538062e-07
2.034855203159622208e-07
2.703826249483195382e-08
4.461939403583469224e-08
5.801566833098703937e-08
-8.388918243912652595e-08
-9.064928955025692439e-08
8.047957963944125044e-08
-9.408210196694061616e-09
5.165595159581533356e-08
4.939004743352866046e-08
1.984934257510513716e-08
1.081610640460332814e-07
2.128070323485746890e-08
2.058735160138096800e-07
1.156695762050045255e-07
3.865936234555053442e-07
3.395103308815848307e-07
6.110515841421682707e-08
3.554034671225543081e-08
-8.903975369890243503e-08
8.354812470585451287e-08
7.240107769708204517e-08
1.577566915696386751e-07
1.080827503611544095e-07
4.475742305939952169e-07
1.823765441965213377e-08
1.218999109459992750e-08
8.003295375159078448e-08
5.883781824489459790e-08
1.883764039067848995e-07
-3.143155628949890076e-07
4.392644044150787730e-07
-4.442662124518364021e-07
2.435726468682738135e-08
4.284695813224179430e-08
8.917866282209010218e-08
3.053367029899285774e-09
1.505567832391943981e-07
2.484965722397457018e-08
3.354711380594188561e-07
3.660146579382382376e-08
4.476394644405369304e-08
5.008177391009506153e-08
6.785775847158823391e-08
2.168963076837479318e-08
-6.344539647745752076e-09
6.264082433764187299e-08
5.305948409574546201e-08
-1.521080295150120732e-07
3.007646316733647018e-08
6.230629932351146408e-08
1.974011300302155482e-07
2.049578869426311087e-07
3.022095891783832285e-07
-1.966982056495367944e-07
8.051157031253885395e-09
3.460014369402812915e-07
6.081074071024960434e-08
1.069131695334781619e-07
1.342961494849040597e-07
1.923734610580822961e-07
1.304096346160968624e-07
4.064767958386258722e-07
7.931771479818166280e-08
6.043805352826036470e-08
9.215393302717423409e-08
9.098290115827384984e-08
1.611244427630949428e-07
2.664350441222731407e-07
3.453913506081818038e-07
1.825507796616491694e-07
5.678563149783440449e-07
2.490625914188632024e-07
9.804957548899729665e-08
1.694800409649774072e-07
1.736140162099883223e-07
2.985581066196031779e-07
3.376779279645306457e-07
4.675410028570487395e-07
4.120278853251881461e-07
3.565297973979790474e-07
1.121221048710083304e-07
1.276359572486662103e-07
1.868268718392804430e-07
7.730865672646415050e-08
-1.217108172701016495e-09
4.623595048377478446e-07
2.112470828209362247e-07
1.018629751830750333e-06
1.566470162035043159e-07
1.740522642401132277e-07
1.840026694832535784e-07
3.639544704180353652e-07
3.708914190414448657e-07
4.949140140082330858e-07
7.382473470706178725e-07
1.780455185910837080e-07
2.182581129975984839e-07
2.425996946199350664e-07
2.109949622247451698e-07
4.723816578930775268e-07
3.988320942673252436e-07
5.110253942968576897e-07
3.643232701281400171e-07
6.594964826842664009e-07
