2.331579642052257243e-08
5.291890938347634579e-08
-1.006544259591810780e-07
1.547701910792527769e-07
-1.966918036955105308e-07
-2.756086339184643295e-07
-5.223782781735936686e-08
2.102129655011102865e-07
1.068000288061714450e-08
3.704285182437335847e-08
-1.780840364945546387e-08
1.317922159930060316e-07
-9.798472924784796471e-08
-2.355215937752462587e-07
2.854426350988163689e-07
-6.562625748706902017e-07
-8.462096888681316494e-09
4.083002677707608323e-08
3.807144902101291354e-08
3.115894634069317906e-08
1.050642755536623038e-07
1.453987451492391770e-08
4.801533087237194064e-08
-1.650483963156469507e-07
3.068806491711807835e-08
4.276390819318596288e-08
8.888917972778178280e-08
1.542580627186702034e-07
3.088803380165921634e-07
2.467000700128117386e-07
2.897558668484266417e-07
1.963120276434887958e-07
9.713478064572757209e-08
3.865716366106447049e-08
3.759529048807671601e-08
9.302077870976661104e-08
1.015733479803253809e-07
-4.572578329783753353e-07
6.533425094215462964e-08
7.145418757879466454e-07
4.067253838086331028e-08
2.662382400207623742e-08
-1.471356320073081903e-07
-6.898063245961281169e-08
-1.706543655206309860e-07
-6.549983713440095629e-09
-1.446818276154735477e-07
5.390765363780598298e-08
5.689816605428310333e-08
6.129744283121628599e-08
1.298725787318456436e-07
-1.109683034714999690e-09
2.286698166731599429e-07
3.409346719009321150e-08
-1.233543097803756265e-07
-8.015228154470388836e-08
3.313003694043412331e-08
3.346342794649426285e-08
-1.169547828338343549e-08
5.311146927065344898e-08
7.741138711889569051e-09
3.639064862454340358e-07
5.157992999729333285e-08
-1.487944416874611651e-07
4.497054546363478300e-08
6.067658828987902244e-08
-4.119045083008419328e-08
3.786081050336650415e-08
2.020687261773575750e-08
2.651622715283987990e-07
3.790994579390669305e-07
6.822946824138023496e-08
8.171869964708035000e-09
1.028973244690655468e-07
1.118373927900989296e-07
1.818331689741456845e-07
2.104065047451620550e-08
2.818359545383655404e-07
1.560023787011666120e-07
7.043627482278448264e-07
6.888791736974899715e-08
9.951845055976473678e-08
8.464441471176692707e-08
1.733402637887865316e-07
3.001085835189578170e-07
4.593652853697149649e-07
7.052709804919760286e-07
1.820737458028882051e-07
4.807850195356730488e-08
6.915860104213030636e-08
1.129807785666222001e-07
2.053395274204837143e-07
2.175022590546028912e-08
3.439264889244661073e-07
3.199313366652532802e-07
3.143202468071188660e-07
1.200052067135863221e-07
1.586543690042980843e-07
1.810539701878262191e-07
1.533115304488207151e-07
5.559613460576515197e-07
6.824180352461669496e-08
6.811396140095863476e-07
1.207660960736941048e-06
8.955322696591020364e-08
1.186118393583088220e-07
1.892723437726446634e-07
3.982546710157756836e-07
3.592380852638947768e-07
5.222670659509013400e-07
6.251921958914367670e-07
9.579414694059675875e-07
9.636835818086502092e-08
1.126577019817925169e-07
1.699430970911661392e-07
3.457834181955590238e-07
3.153980412884423194e-07
7.287975202035080480e-07
8.087104925924936486e-07
1.222270918908491005e-07
