4.320155344464196348e-08
5.765215599977879448e-08
2.067992260087192218e-07
2.002588125659479486e-07
-3.250665093380976221e-07
4.283522738486965538e-07
-2.643367323086288956e-07
9.460267796922789397e-07
1.411510929592253338e-09
3.287574575262428035e-08
-2.549858202745839079e-08
6.964902619953277754e-08
1.278056536539483045e-07
-9.482542391224745938e-08
-2.406962148687596158e-07
1.825951976533706708e-07
1.947078328474646345e-08
-1.229362933665286269e-08
-3.149195182288461625e-08
-4.704900042136669074e-08
1.519613600730233479e-07
-3.867996923081375536e-07
3.236971875772319697e-07
3.216648433728197799e-07
7.280221116563005677e-08
-3.367209510616837275e-08
-8.129040268175808965e-08
-1.711415907628762334e-07
2.203013344771912863e-07
3.880459899192988792e-07
1.001322514731745976e-07
-5.785372516808912710e-08
1.366813545340115131e-08
6.688150583280456124e-08
5.533405801593831093e-08
6.239513567880665576e-08
1.575207683069804932e-07
1.262906825106625190e-08
3.183707517099891930e-07
1.084115203946472192e-07
1.604722566716593794e-08
9.015634070404280671e-08
1.394219970740324316e-07
1.018477394626292318e-07
-4.522716469588838609e-08
-4.206946724066961967e-07
-1.226275350153851742e-07
-2.319739714078915585e-07
5.868741769266089345e-08
6.142818456517150257e-08
7.103298308060690052e-08
2.333962939397808961e-07
6.346220677358287790e-08
1.329181685515325070e-07
2.894739323496272817e-07
-9.956529950628602311e-08
4.354205506408502525e-08
9.350269619622955129e-08
4.037313432596232918e-08
7.395652841267023016e-08
1.066483670844696172e-07
2.233647787115097179e-08
1.692170928507315848e-07
1.715160054924996346e-07
7.493479935146037452e-08
1.021900761286494832e-07
5.617575868905248999e-08
1.935580029993585341e-07
1.531989117185134213e-07
1.887732427265323164e-07
3.353486601762612084e-07
5.436198872849603135e-07
4.214106254771935639e-08
1.000767607519599374e-07
2.610300755680187686e-08
1.587223300596880984e-07
-5.009283557604609800e-08
1.637151603984027725e-07
7.362785394488044505e-08
5.739623708357900740e-07
5.172429838658774577e-08
1.127890877870178204e-07
9.704017161021988514e-08
1.744402826373090548e-07
2.400657791058489357e-07
4.977242242553267620e-09
2.173144088148208739e-07
7.760584427818646562e-07
1.030915277297829929e-07
1.088217701893371219e-07
1.767282992941066132e-07
1.054548601726200823e-07
2.408407449534285211e-07
4.320471007108412953e-07
5.382703743096143603e-07
5.011098843006809414e-07
1.063949422397510566e-07
1.832473515374899207e-07
2.355338912066076660e-07
2.073100697511408572e-07
3.570719317562278098e-07
3.227308755391245890e-07
4.770441509689971235e-07
3.651703434018472602e-07
1.325413530158151429e-07
1.571123592757448158e-07
2.849539744026224837e-07
2.930407551418721635e-07
3.266977948790217011e-07
6.559729432708803411e-07
5.024852987672574636e-07
8.670583960779268075e-07
1.984678531964836621e-07
3.330133154291180051e-08
2.713291600610211058e-07
4.164536158901182685e-07
4.286628568624170364e-07
6.048863821593468723e-07
1.295972055525551036e-06
1.617068526478325130e-06
