6.438879326116536282e-08
-5.349410687106440337e-09
-9.616768310975081946e-08
2.868724421513846646e-08
2.427348833211554356e-07
-2.361864538967522694e-07
-5.180059759576075151e-07
1.224839281587834235e-07
-1.157990612114536852e-08
-3.211308095936849501e-09
1.316008977891197812e-07
1.159442960212200390e-07
-2.183691063311771790e-08
-1.477256594736943771e-07
4.565284890077403431e-07
-3.576850171244891190e-07
-8.041994514883301991e-09
-1.452499106834246935e-08
-4.726368452315950793e-08
1.387387454376773133e-07
1.745755963363690964e-07
-7.271918631186837654e-09
9.126916904930255770e-09
5.245196482366058239e-08
-3.768709705725296172e-08
-4.432749795697215274e-08
7.544172782654738643e-08
1.986415433849297846e-08
7.706132441579149512e-08
1.139834375077755452e-07
4.038573739443509094e-07
7.206611611500178716e-07
-2.271793065413583415e-08
3.615876633522296813e-08
3.862979916956800343e-09
2.254092084604591973e-07
7.112001215082685038e-08
-5.747058193292555666e-08
-5.887991986015324456e-07
6.937700953795101193e-07
3.607868021833660462e-08
1.128429464057661862e-08
5.311042308714533997e-08
2.288674640573947105e-07
1.529076937202561561e-07
2.942714787506022848e-08
4.621308509464868799e-07
7.925092493793999499e-07
2.759583437810433850e-08
4.879022844398366361e-08
3.903760228092530029e-08
1.084471053280410526e-07
9.391607868441335197e-08
2.516885266050389686e-07
3.587679785161273766e-08
8.618102039534982465e-08
2.599699920173571033e-08
8.898688581719066074e-08
1.526098498913074351e-07
1.582296076218955721e-07
2.378981336950895665e-07
1.836861825454869082e-07
4.943413974815270108e-07
-3.844405844610726118e-08
6.144371754582412355e-08
9.848602399029470340e-08
8.159186638474869938e-08
1.210934710600737991e-07
1.006552324352091198e-07
3.195369917889035692e-07
2.563993557209406408e-07
-6.098585957925034229e-08
3.929724246281799719e-08
8.851156739190696066e-08
4.980196537588757638e-08
1.458422152149075870e-07
2.338165935062350787e-07
2.954252750843731686e-07
4.017238294521209810e-07
-5.180739364832267545e-08
5.785794741042337647e-08
9.141941682170365102e-08
1.114758480006615754e-07
2.699060053160914406e-07
1.973747581149976145e-07
6.436299027848698498e-07
7.470935799373655312e-07
5.814159799595015582e-07
9.897669201551006784e-08
1.216559056749746025e-07
1.598527924992573478e-07
2.095292477931554238e-07
1.725181321121925173e-07
3.285262110874735797e-07
6.168737178759547031e-07
6.473159610847383557e-07
1.379911714369479474e-07
1.763854021560183899e-07
2.664009916290992031e-07
4.286650848757064363e-07
5.195614386036507917e-07
5.750324760008515492e-07
7.979651777310273571e-07
1.473047470447897635e-06
1.776305678630837470e-07
2.296277414231218457e-07
2.518064563183451950e-07
1.814847148960794984e-07
3.844964505227073357e-07
8.330483054949690007e-07
9.528008967278222479e-07
4.474102571718273964e-07
2.067128395731157314e-07
2.894743895050598559e-07
3.674077700847423009e-07
6.064092401449499799e-07
5.042507589064069681e-07
8.636979882191918959e-07
4.931574890342854060e-07
1.312668722599047095e-06
