-1.047193306803069976e-08
5.941469632581014653e-08
-8.451811104294365241e-08
9.665925354760646630e-08
-2.014225227090160783e-07
4.372732345720733231e-07
4.221473310560071001e-07
-3.892054406066337253e-07
1.783711625846541371e-08
-9.835961119334175900e-09
4.472378328079567469e-09
6.505092071938486267e-08
-1.563316681834037427e-07
2.325288459521375838e-07
-3.240865942677957844e-07
-4.135265708526109996e-07
1.470785561148212754e-08
4.803960481429735875e-09
2.764271586632213069e-08
-2.257349029955198788e-07
2.436521047317793681e-08
-6.482266587300788749e-08
6.019020636159068015e-08
1.294706202496983577e-07
-1.048694483973932213e-08
-1.773729581968230634e-08
9.555806142730002160e-09
-8.537049554884743741e-08
1.097189137717180930e-07
5.113900117336133981e-07
-5.767875491844261990e-08
-5.941350443188020191e-08
4.724343175542945413e-08
7.895485105761279556e-09
8.920264117970198655e-08
-8.927209395264239167e-08
-1.434687480265097604e-07
1.265893609784598550e-07
3.273675570712118380e-07
4.885067153880871699e-07
1.028734545895797214e-10
8.783297894356517887e-08
2.034153710044171655e-07
7.727479731841204650e-08
-6.936170583271708253e-08
4.526170442803112700e-07
-3.000306681392500544e-07
-4.660577054423386230e-07
5.069715098524982030e-08
3.109035077243232851e-08
1.338381309636807451e-07
8.622458749013311705e-08
9.237605211660089735e-08
4.508749444107347210e-08
2.337510912895767674e-08
6.343812824391264291e-08
3.238202887465706142e-08
8.588688713498628773e-08
4.255942930753109268e-08
4.527493986664544971e-08
1.497650806984786318e-07
1.134642065675482280e-07
1.728813940482601765e-07
-1.172246530520158477e-07
2.735981307105162974e-08
2.352516779847705240e-08
7.161351309078283616e-08
7.783787867226624669e-08
3.304792583885922865e-07
2.744591894082078951e-07
1.422342361921441673e-07
2.631641285921920482e-08
5.052619739126841909e-08
6.731286715956706688e-08
3.341618041254382756e-08
6.520388290040203308e-08
-4.505525115381288433e-08
3.552424638104246441e-07
-7.130991650413514485e-08
2.387647865610533944e-07
8.236736215403470358e-08
1.268218875757531852e-07
1.042666421135504459e-07
1.753085705655227916e-07
2.784466644162887189e-07
3.138918773378973177e-07
6.767376854717675236e-07
2.184368733895914823e-07
8.626145327202857115e-08
1.274707847604497963e-07
2.078051006844609797e-07
1.546564947635409599e-07
1.971088812346236928e-07
5.664400376605303316e-07
5.981623980493491131e-07
3.966012546570129512e-07
1.313128667586273472e-07
2.674389361090980252e-07
2.526946969535693728e-07
3.544442545068499198e-07
5.010319081195728551e-07
2.944436321589548658e-07
5.053912906156246268e-07
5.516779996172057720e-07
1.222934029758221076e-07
1.781338245612267682e-07
3.208891084383369068e-07
4.314144154503193466e-07
3.475708136760493603e-07
5.556697457362836808e-07
9.020500221997556554e-07
8.572849111090758585e-07
1.399197656667574091e-07
1.656812197667239669e-07
3.769276220035271815e-07
5.767287534883136797e-07
3.089620520017602544e-07
7.035405038578172485e-07
8.667277150914052864e-07
1.403666009890009331e-06
