-5.578078352343570475e-08
5.024356807724109102e-08
1.335153716907127891e-07
3.983024143328781067e-07
3.502832644140712279e-07
-8.607316906953955686e-07
9.814132732138980662e-07
-3.183323784646552916e-07
3.967890871430661461e-08
3.772370938603916080e-08
-3.373808396403668280e-08
1.125820583687192856e-07
7.226554476654026020e-08
1.298586245501233461e-07
-4.420281555041114724e-07
3.801865979236961611e-07
8.488097144388040783e-08
1.118693676899265354e-07
1.894248024477789518e-07
-3.265915570925289509e-08
7.560264675763598330e-08
1.077124590364262443e-07
1.457990183491734307e-07
5.825275229830532963e-08
2.903230158600419836e-08
7.163127737280549809e-08
9.182463368706101659e-08
1.289261137952017162e-07
-1.520132932352994299e-07
2.206411463505538732e-07
1.056001718311920748e-06
1.892677874101902162e-08
5.490071779093439408e-08
1.437129991232845677e-07
7.563427083227948707e-08
1.248305257663730292e-07
1.221524978498146536e-07
-2.278428391868142108e-07
3.298979689493697707e-07
2.389562639407770219e-08
1.177607916311093872e-08
-2.769779331637999217e-09
1.045760453773690076e-08
1.598922619835679951e-07
-2.130779912731629815e-08
2.213672474162402180e-07
-4.125094012341969637e-07
8.150708667396760974e-07
-1.066289811780137995e-09
5.597722048991834061e-08
6.849827277321836993e-08
4.413142629075641727e-08
1.563698796755391903e-07
1.752877525694803953e-07
9.243003433510074474e-08
2.365462105838430818e-07
3.728065809110290487e-08
7.984927757949794968e-08
8.319269189803669206e-08
1.173302113777599691e-08
9.643276496774842167e-08
1.753522958621898927e-07
6.193155907069926262e-08
2.383878955104565109e-07
2.722453189513239805e-08
5.829011788921608345e-08
1.001471925383073432e-07
1.488620028200984978e-07
2.777706276794670959e-08
4.447446903008881954e-08
5.296702232213830383e-07
9.364334449352638440e-07
3.224759682195818681e-08
1.893302327511313705e-08
9.701594967267488140e-08
1.770300560357415964e-07
1.423885058031707454e-07
2.174432269406747122e-07
3.004287814442073935e-07
3.044533857961377552e-07
7.580358835570430897e-08
9.016679499394297344e-08
2.249670915215202151e-07
2.081454806712711055e-07
3.989765625027052257e-07
6.084145983864667064e-07
2.485331062375358384e-07
7.416198365536310908e-07
5.820241206785630534e-08
1.072530030863083943e-07
1.239034730353372250e-07
2.036818008124807787e-07
2.316448935183487369e-07
1.944591630502912744e-07
3.715201921951345692e-07
5.300672081494047182e-07
9.777044170165940190e-08
9.501421015174069868e-08
2.432805751007255185e-07
2.340627140235656918e-07
5.062262093056136298e-07
6.838276009616600950e-07
1.085703300406528745e-06
1.189008914216377434e-08
1.316298182071863728e-07
1.698558393205849843e-07
3.111585633281949494e-07
4.086425444371299362e-07
4.130970483509246899e-07
2.873078577205558983e-07
6.806552196229672981e-07
2.291271642662467250e-07
2.018074411399331914e-07
2.892472374720249474e-07
2.556151321477371361e-07
3.077023934147541106e-07
4.994777688702372822e-07
7.263901097529395047e-07
1.074121607934698043e-06
2.947371170317173357e-07
