-8.762528978222947562e-09
2.140437956507511058e-08
-8.686003561588863377e-08
-1.344311738091941922e-08
8.765993509249709096e-08
-3.569010011947542665e-07
-1.303356311386187630e-07
6.604084264724382678e-07
3.120294201349171243e-08
3.966879503184888902e-08
-1.124850434286685134e-07
-4.619205943075188523e-08
1.819415964568463127e-07
-1.889870693394507918e-07
7.832599888126118014e-09
-2.246165033343932842e-07
1.850063458474548324e-08
-1.945406375523295268e-08
2.921569745833617934e-08
1.032623200401413790e-07
-2.278662490492511149e-08
1.023319834919148446e-07
2.325757123505282849e-08
-2.727507753399670588e-07
-7.238023624436537502e-09
8.381869910437104011e-08
-6.463165174548912602e-09
-1.564504720606832994e-08
1.258595916503940785e-08
-2.752230209624504461e-07
-4.753534739867223157e-07
2.931139795926153155e-07
-1.635463230942349643e-08
-2.579812279460689811e-08
3.281384163447549266e-08
1.999624308414727837e-07
-1.726601623129014262e-07
2.118580175829546490e-07
-3.353243721760416549e-07
-8.800655585934111116e-07
6.827027670111161401e-08
5.730262187737392745e-08
1.197763645818191727e-07
8.617373864059863390e-08
1.674445517044484111e-07
-3.891818282380868351e-08
-1.467842316383443746e-07
3.675570774143289472e-07
5.625941524042864539e-08
6.559983193694853947e-08
1.016541790793835364e-07
8.935899750783247778e-08
2.655640422953015216e-07
1.291887747090180411e-07
2.016240267932428291e-08
1.405873902177997775e-07
3.455546972068950755e-08
9.686617299950504906e-08
1.504113911552398558e-07
6.387255509835016616e-08
1.531426027496845052e-07
2.761762812099412828e-07
1.515996680583013515e-08
4.301115874236999268e-07
3.973440549530836279e-08
1.794178204761636686e-08
1.302098673430866122e-07
1.702042556775445184e-07
1.835242679588336848e-07
1.448772271553218713e-07
4.713776809665278867e-07
3.814554339054212370e-07
3.269849946185739645e-08
6.541485114679404827e-08
5.159751815806458841e-08
1.032430850717802693e-07
8.966951638346653191e-08
3.153771965532545533e-07
5.302792814230571106e-07
1.708192209648095631e-07
9.297924422794732607e-08
1.156984478167141060e-07
4.378724971685714890e-08
1.903649482215251563e-07
3.190653063942244632e-07
4.356941426738418635e-07
6.179207890283649831e-07
8.617761470111349140e-08
4.464528764138660496e-08
8.348003561977765867e-08
2.092195657424180523e-07
1.438816375762055950e-07
2.352388821583540818e-07
2.038350531435313795e-07
4.845193723787839740e-07
4.952829677626397607e-07
1.610442027614770750e-07
1.832412864648733053e-07
2.804152416770919469e-07
3.996927885548280769e-07
3.636297436115808714e-07
4.941913705806837547e-07
6.118857817760999767e-07
5.948384751600693466e-07
1.521283433810087845e-07
1.747837533045662498e-07
2.448273978126663159e-07
2.436231377721647683e-07
4.531917238295141356e-07
5.768729209618745819e-07
6.060014007130301079e-07
4.832727857656538896e-07
1.429460997432117253e-07
1.948135603435359487e-07
3.021449143237860359e-07
3.696346920793983094e-07
5.637088890904068471e-07
7.102849673119162796e-07
1.060395283976952748e-06
9.011699327494130688e-07
