4.526766241790606178e-08
1.760181461154973580e-09
2.531897907446312021e-07
1.516174723872036867e-07
-1.447899322021604334e-07
-6.097353436638195622e-07
-9.538597727612228580e-07
-6.792439734367777790e-07
-2.023153734700430523e-08
2.494207882269632516e-08
6.522575277314149033e-08
5.457550495747671217e-08
-1.219441267220348431e-07
3.850832388892246090e-07
9.415533006651465617e-08
-1.416462464410452272e-07
-4.555147388980609669e-08
-1.966594051270304056e-08
7.628579104801023296e-08
1.994888044174148693e-07
-2.239394581991692872e-08
-1.319331724405498392e-07
-2.552885850816875999e-07
1.284375025369049313e-07
-1.166482160165236600e-08
2.319743870257374443e-08
4.523851003839950573e-08
1.339915538815195689e-07
-1.567380005023904052e-08
-2.020205099233933895e-08
1.553198138798094434e-07
2.398781690925506083e-07
2.318555840799722995e-08
-6.012303954937540284e-08
-7.901939574962164821e-08
1.099861172589591649e-07
1.167646108376429932e-07
1.875907888905425952e-08
3.157797542586774501e-07
-3.322984271168369612e-07
1.644917871739350689e-08
4.182683393969619866e-08
6.404301791545881837e-08
1.166040045670394214e-07
1.558560098896976219e-07
2.359936872815420966e-07
-1.469824059656699425e-07
-2.196734008571884020e-07
2.829190828772780785e-08
6.139376795141086078e-08
6.225318094567894639e-08
4.228746282698841063e-08
1.339768719153135878e-07
2.026654050712874661e-07
2.841698103490378544e-07
4.416091159192422025e-07
5.252094944617646237e-08
4.031244105314263093e-09
1.599206768595194660e-07
1.382299334941680041e-07
-5.274085641472119056e-08
5.855914668308315781e-08
4.676081489680481159e-07
1.223525455462330993e-07
6.465414387961017226e-08
6.662643845671625210e-08
1.070973992632463530e-07
1.101532175454619410e-07
1.451051477749770772e-07
2.826557035620054022e-07
6.440931894397122397e-07
4.592079563035021662e-07
2.038192151823537189e-08
6.873409453416460800e-08
7.224637046494451364e-08
2.007283424221617427e-07
1.864613704658223118e-07
1.605312203539424320e-07
2.081289825701551463e-07
-2.611777253970091793e-07
7.473873313433394885e-08
1.098069944125497295e-07
6.536480982886366569e-08
1.412284965309235055e-07
2.168253512070908342e-07
1.510320246634258039e-07
5.114130281456385510e-07
2.694648996863025845e-07
7.379386903055916881e-08
1.064193151397813865e-07
1.125658788348093464e-07
1.804569309799487982e-07
3.155272062839195112e-07
3.227949803427509357e-07
4.049246970528544263e-07
4.264038660222711446e-07
1.130653070924571689e-07
1.116245586627538953e-07
2.406516848647808766e-07
2.166848912885332893e-07
2.212627754977272720e-07
6.180791206803679094e-07
7.956902018154053602e-07
-1.396743330710568271e-08
1.645967231238036086e-07
1.623364915147615755e-07
2.322298329383174580e-07
2.924911749040297059e-07
1.398201822275152888e-07
4.388016289714175795e-07
5.416131649244628031e-07
9.765331165167417113e-07
2.060950519156868403e-07
1.673963471071533342e-07
2.943587888226405102e-07
4.363374396277759037e-07
6.110545120004882265e-07
5.805389660576826165e-07
1.362912173303350782e-06
1.003563715956440379e-06
