2.860938722809423920e-08
6.380960834688593997e-08
1.068388971261141978e-07
2.596914102469780231e-07
-7.610444571983578699e-08
-8.595533214559077222e-07
7.070531467459835565e-07
-7.945800400157473730e-08
-2.936399556433638848e-08
4.491140972505238000e-08
-1.736938858626951620e-08
9.063988243501149665e-08
2.406787701634627146e-08
-2.132844498582126772e-07
1.710252989962696773e-07
-9.122496368836618110e-07
3.912299932363147189e-08
-3.156180847383217622e-08
1.590807313600046963e-08
3.032928911243825297e-08
-9.778479571759280931e-08
1.284889485882327008e-07
5.980562375121154628e-08
-3.097230393829931032e-07
3.394043969370419043e-08
-6.825467217802058306e-09
7.786363036310410799e-08
1.853179176168141655e-07
-7.940807891582397083e-08
3.312238639204674558e-08
-4.834580058695004220e-08
4.775860180903957514e-08
-2.493026639347011493e-08
9.692137932465222055e-09
-3.637408151836785305e-08
1.767334702166197652e-07
2.324205956478542883e-07
9.055028562127577216e-08
6.543320777100969692e-07
-3.604909818559112082e-07
4.835027764885970787e-08
9.548707881913314282e-08
8.918769238621218845e-08
1.684659028514400429e-07
7.717303434099449041e-08
6.847307647083128888e-08
2.115574321406157528e-07
3.858962386963447732e-07
4.187563694004895748e-08
4.052846577112305559e-08
4.121414250444558138e-08
2.165756722455824804e-07
2.334223510838372433e-07
1.255205056793439624e-07
3.784151382791321259e-08
-3.656729379923010346e-09
2.058595304409649362e-08
-1.480261919221470311e-08
6.403220962929165784e-08
2.108812686794046905e-07
4.091753525610408381e-07
4.685212041110322444e-07
3.951220430454216189e-07
2.906928977676008888e-07
4.459790852049831545e-09
1.091324889476024901e-08
-4.768031627991788846e-09
2.502089940480332454e-07
1.370915780889223382e-07
3.781182568287789376e-07
-1.411291269260415599e-07
-2.164416847049246600e-07
4.996045070166148997e-08
1.432081638245391833e-08
5.488030508726522564e-08
1.319719886540045891e-07
1.400739065250187782e-07
4.426339053124105972e-07
3.210975538239280069e-07
2.035650700455986150e-07
6.790932573072906732e-08
3.575461956061700068e-08
1.005003707928141289e-07
1.226471011528491290e-07
2.010345002821761746e-07
2.911511208912925325e-07
4.996467440449131793e-07
2.197139103077343976e-07
6.800192679444898170e-08
4.353964796754663249e-08
1.640671575368752335e-07
1.373734265200915493e-07
2.040797738155353212e-07
3.093109538764594254e-07
4.707535580978229278e-07
3.480774889275430822e-07
1.659971636611218246e-07
1.475977242196392172e-07
2.130427685071430996e-07
4.153535693725376895e-07
6.496081043853214909e-07
6.326842662046161491e-07
5.653652000614387852e-07
6.431412179212138111e-07
1.792394961605421585e-07
1.516795795686999859e-07
2.494242247716684448e-07
2.439137737837903903e-07
5.020463016402348836e-07
5.241147701986130179e-07
8.870351933133870633e-07
1.046701398384741699e-06
1.977918923246611184e-07
2.074297564344783375e-07
2.016713965141075079e-07
4.095700052815466039e-07
5.828937249768423970e-07
7.013443905036806730e-07
9.555668021464846794e-07
8.311223337597274477e-07
