1.142761318183270891e-07
6.600590510757433746e-08
9.395550284117182779e-08
2.949031594219715896e-07
4.140097850866193366e-08
-7.859735803668247232e-07
1.230716886823718556e-06
-1.854683158925098894e-07
1.308275751378027236e-08
-2.201655086883491361e-08
9.049913904903461149e-09
-4.534752317372992532e-08
-7.635679212042472548e-08
-2.345296631511511946e-07
8.042063516261455194e-08
3.366833523506562391e-07
3.369961634136812212e-08
8.900279353678307574e-09
-1.065597849229669627e-08
3.813179879914596147e-08
-6.395300022705818334e-08
-4.030628708814662848e-08
1.000402729700153501e-08
2.988636931990121843e-08
3.294991351491997364e-08
8.832323442464937157e-08
2.427471849750509945e-08
1.732387166896041010e-07
4.925587052532690176e-08
1.792490992706486601e-07
-1.503223455052008587e-07
3.763933407363387543e-07
3.107459983569003778e-10
1.095864136210548821e-07
1.510826546186202618e-07
1.290645985892338331e-07
9.554860958677451900e-08
1.794365306563341561e-07
-1.227191819724635151e-07
-2.652308768609631995e-08
2.855674143030402561e-08
3.753297359191597795e-08
9.170631986733212479e-08
1.169574639323617940e-07
2.931185325319426090e-07
-6.881065294891931261e-08
2.214255577564900698e-07
5.696987065291513194e-07
4.887373542894775774e-08
5.500600005677901034e-08
1.095159477859213919e-07
2.085575948834521248e-07
-2.793488588773001972e-08
2.441957703736509934e-07
3.252966084003128120e-07
6.511766461899488271e-07
7.704563744337266689e-08
7.203823621272031608e-08
9.694025457060624771e-08
1.287713901397808915e-07
5.370946022338500390e-09
1.945463176863433978e-07
1.444015641291026756e-07
2.379664679527032206e-07
6.868294960333022002e-08
3.363001499638470343e-08
1.833902711754355120e-08
9.236558762334462732e-08
1.697358829781739506e-07
2.068940747255379328e-07
1.443166163190955931e-07
2.090001109044682206e-07
4.661413266356633757e-08
5.536809348941566645e-08
9.293714584759712767e-08
2.028355415496254717e-07
3.562797475737513128e-07
2.486966119544782678e-07
4.271802219964933917e-07
6.381313903879699125e-07
1.038797635107242479e-07
1.231222146478970542e-07
1.811460364716743709e-07
2.550394144317316125e-07
2.020429652656778761e-07
6.768695907351793287e-08
3.015123530557508254e-07
1.693429922330054037e-07
9.521335274849965594e-08
1.245569987945728758e-07
8.338048527494380625e-08
2.360855542582699383e-07
2.091523717892823880e-07
1.644177375083286741e-07
2.249301720931982725e-07
4.999360956875819972e-07
1.146876043511077501e-07
6.029956221629877345e-08
1.782786633519771293e-07
2.467542597925938225e-07
1.786363444284238015e-07
6.361390442790129741e-07
8.128436946261811477e-07
6.806310615225849291e-07
1.367606031059322751e-07
2.191464093222473027e-07
2.010915224382006350e-07
2.698362754880164708e-07
3.468783678786745500e-07
5.969935241791938161e-07
5.538679575494999419e-07
5.657295077960070828e-07
1.756120511041386221e-07
1.419138353093509574e-07
2.882345607950046419e-07
4.439173847943544931e-07
6.195849170106994975e-07
1.137898108721227866e-06
1.083183025261122685e-06
4.020353534140026490e-07
