-3.732935233565886393e-08
2.638337467881072709e-08
1.657577275451324485e-08
9.801969228164297600e-08
-3.063808731964508277e-07
-7.103306856572063310e-07
2.863752666002304499e-07
1.719547803425591797e-06
-5.126687458164982676e-08
9.947341130255890358e-09
1.499541265560775809e-08
8.380827950268298996e-08
4.045824679531383982e-08
2.456907819493913857e-08
-1.916407577120755920e-07
3.171325094786925478e-07
-1.054368221610192916e-07
-3.879425272596375284e-08
7.585263229193419949e-09
1.398577193599271366e-07
5.156661051110266075e-08
-1.336100433044751916e-07
5.752606393287518231e-08
8.719779687280686167e-08
-6.533360643606944372e-08
-7.776353149464635664e-08
1.070111789063240508e-07
3.434326625293123383e-07
2.723353018438940447e-08
7.924789934995290644e-08
3.650058266804660990e-07
-5.747309755393384901e-07
-9.005284214948787023e-08
-2.493266773050860866e-08
2.227999062773300878e-08
3.236824752641370358e-08
1.621590392857665748e-07
1.954415466822266515e-07
-6.690703411943475155e-08
1.024435038063433166e-06
-1.020452223557661557e-08
2.696524744842634568e-08
-2.294684850579475749e-08
1.580235135314220320e-07
5.463597617047997803e-08
1.211259996106567485e-07
-7.099031092141764886e-08
1.529214176529829406e-07
4.154983136989036830e-08
3.964003388539605894e-08
7.256881498227350303e-08
4.443221324212225254e-08
9.316823186057416691e-08
3.323017343969109781e-07
7.115198319092145661e-08
7.368108909127487186e-07
1.382965010941758501e-08
1.064365879469518781e-08
7.635013177112126308e-08
9.797483780452955509e-08
2.308590434360459570e-07
3.100981604254832840e-07
-7.811589187382866032e-08
2.026894370879591766e-07
6.550295393532600984e-08
4.848297703672268400e-08
2.677673963962552992e-08
1.317286618172022094e-07
1.228096841320700300e-07
2.437862971892992132e-08
1.187857401365839028e-07
6.916252075802855274e-08
2.411916146632167486e-08
7.843291151782204457e-08
7.309969840304132068e-08
8.392321663495042174e-08
3.179562653776759772e-07
1.602380258401385159e-07
5.596918381472650965e-07
5.128068971728685364e-07
7.099069067684656206e-08
7.640148824928613120e-08
1.056741421294473431e-07
1.528420645759731201e-07
1.314995592003219632e-07
2.642442411456464362e-07
3.883274696016717630e-07
2.570863472695115552e-08
6.938262421466307598e-08
7.002987670068828489e-08
7.787623119821560225e-08
1.955438672914786893e-07
1.872193832787179550e-07
3.546499806969655456e-07
3.963623422725577413e-07
8.701219451742188219e-08
4.932602363656168948e-08
1.339588168929905292e-07
3.391829538434347666e-07
3.265158555576745153e-07
2.034699190048931295e-07
1.491485920241313433e-07
8.466206898451007109e-07
-6.328720374071616498e-07
1.402570119101506099e-07
2.163263120520182466e-07
3.702123550543050795e-07
3.504494313762290780e-07
2.180898577982756134e-07
4.496059487828253941e-07
8.152146691768101883e-07
9.069623302347751905e-07
2.633178809642623508e-07
2.331411610463248520e-07
2.088507130566805196e-07
2.552894822139520309e-07
5.173620608401113415e-07
7.473899944704718003e-07
1.030685778341710042e-06
1.772304083992680735e-06
