-2.015066797427731302e-08
1.084464858081176625e-07
7.715500530306789549e-08
-1.823692005126576330e-07
5.468034845452152805e-08
7.297744338026809419e-08
-7.252825434199056319e-07
2.367272964083527983e-06
2.417120086556549485e-08
4.878543898352824070e-08
2.009521404626610326e-07
9.393116067519745828e-08
1.795806389393473977e-07
2.524493072085372764e-08
1.684830098737964556e-08
4.689270669747185074e-07
3.036427855608880542e-08
2.166870248255395336e-08
4.642030730993003370e-08
1.796346162471909387e-07
1.569816171159778781e-07
4.949833438893964063e-08
-5.480807856070432052e-08
-2.189718822542962371e-07
2.539142116973105342e-08
9.247807407528322269e-08
3.147990444085601609e-08
-3.978408084101603527e-08
-7.735952082175341278e-08
1.068168997229953752e-07
2.783690846409916366e-07
6.366568210514784741e-07
-4.517898616759028539e-09
5.455218391736516980e-08
1.875534439465955334e-07
2.349296773825839171e-07
1.369929981022181169e-07
1.361760259739022031e-07
9.299888787202448052e-08
-7.959526543716422396e-07
8.157380469554756010e-09
4.923697545429646119e-08
6.473581640347179531e-08
6.063844850475502041e-08
-1.189947479540669917e-07
4.228712707032257865e-07
2.941613420457828514e-07
4.013347514119869095e-07
2.218861536323870146e-08
1.586681552873119361e-08
-1.276787759109776274e-08
7.746744855214103259e-08
3.681855936732778411e-08
-1.077028491300980964e-07
3.819510687849987542e-07
6.635775071830111558e-08
5.041760459215043806e-09
2.466328988864158132e-08
2.600300603113157753e-08
6.123154728411343213e-08
6.232263854282596648e-09
7.653663470467237277e-09
1.434531094773353382e-07
3.828340746233436186e-07
2.680400346278933883e-08
5.366710277914437437e-08
9.462921517657897881e-08
-1.336610712204785876e-08
7.089946128642340678e-08
1.213871658420335900e-07
6.344225322950370461e-07
4.248648053923242939e-07
2.531473745295366201e-08
1.410373994306515738e-07
5.369901445503066641e-08
2.185376823736354502e-07
3.299085231289278476e-07
-7.807686969499129377e-08
1.530733972037122918e-07
-8.833775376644947254e-08
6.625594396017681532e-08
1.459609803823930235e-07
1.292836842497525349e-07
2.117247095689169333e-07
1.107175900571132553e-07
4.623854866614296422e-07
3.259656628666726636e-07
5.443173381074052846e-07
9.156155244846678106e-08
1.255624058532454671e-07
2.914168771874172085e-08
2.518332755885977100e-07
2.919017395503477676e-07
5.670817835134111561e-07
6.334568402714499003e-07
3.971183782725040956e-07
1.236137294986375036e-07
1.104780457383462417e-07
1.710751139085134850e-07
2.907049349519930683e-07
5.177044974220517860e-07
3.277065172050929138e-07
5.546085951822939840e-07
1.474905103016664567e-06
1.219039999231250409e-07
1.616433143815492083e-07
1.892031697904837384e-07
3.531579921568058517e-07
2.998534023453149318e-07
3.913199698789117001e-07
8.149223368610764865e-07
8.081031642366952898e-07
1.877177611186217170e-07
2.614649124968607297e-07
2.269886721463770307e-07
6.063998157800674697e-07
3.886323825074700563e-07
5.554326604838330600e-07
2.533963372427156297e-07
9.709668988124666864e-07
