-1.168912881220628509e-08
3.750097589765864545e-08
-7.140765384564191912e-08
2.661074481170175478e-07
-3.829062148706184835e-07
-2.803194504917092713e-07
-7.221976050145642444e-07
-2.115543502106800850e-07
-6.879232202164815531e-09
9.667174767709247138e-09
-2.831377787167815801e-08
-7.457242885307123844e-08
1.208282598796188754e-07
-7.033134383604351177e-09
-1.062233395236249119e-08
-1.407477617282243646e-07
4.244299985393940373e-09
1.162399065397841108e-08
4.411822888264141656e-08
-8.207460829282695901e-08
1.535350783134307478e-07
-1.127853751799407784e-07
5.899727743052352831e-08
-9.143264486070904980e-08
1.745423721167487828e-08
-2.269184994727801656e-08
2.446802299569743842e-08
-1.480114140588876171e-07
-9.125010319722627777e-08
1.375673476831590629e-07
2.912012551086578232e-07
8.119127447650767890e-08
-8.847490317994244383e-09
-3.057451092975667648e-08
4.419121226194547151e-08
1.810791713604097278e-07
1.083115966889888955e-07
-2.723913217376641260e-08
-9.602097982570849570e-08
1.389571409491218809e-07
2.669534621766493134e-08
1.793875829916929898e-08
-8.673625585062660544e-08
-2.549727011026777212e-07
2.695013519529936472e-07
5.027207622630195085e-07
-2.224082841448726374e-07
3.291340691559379449e-07
2.659356403309820922e-08
2.916783299016558011e-08
2.242141582644764054e-08
4.791685718350209345e-08
2.823658297811282423e-07
-3.457225910272975725e-07
-1.509370603329089915e-07
8.351717374293489916e-08
-1.612481680196730181e-08
2.280104573499477231e-08
3.297787998991357867e-08
7.903733539720359945e-08
2.112288346416883100e-07
2.086405566508849447e-07
4.260585798973356120e-07
-4.055126290307174286e-07
1.897380296501569477e-08
1.111236221586845701e-07
1.163230909860070038e-07
1.146904980686992523e-07
1.220592805861978642e-07
4.373353759495116274e-07
2.325959291880565155e-07
1.203336696365101488e-07
6.414249433035757808e-08
8.998394261301025916e-08
8.167902917131181703e-08
4.689413891832117955e-08
2.816779986653913462e-07
-6.600311930199767969e-08
6.615472802014597168e-07
1.197241465016882121e-07
6.566853227168272118e-08
9.704403222846359489e-08
9.160235768413604416e-08
9.076343420917477596e-08
2.764446394899754187e-07
3.393887651513791777e-07
3.286149225500241164e-07
8.094173748446294461e-07
6.279187376302034166e-08
8.836740448480009766e-08
1.253115564295396800e-07
1.140237601668411173e-07
3.039572519275053758e-07
3.464589692825155169e-07
2.054249430268679445e-07
-2.121889308393190505e-07
8.142301459841964359e-08
1.438304010231291183e-07
9.465849457235377285e-08
2.629363713984247788e-07
5.722336603458990577e-07
5.831226584454123845e-07
5.680870397965231079e-07
3.308086341584567863e-07
9.115771025660539704e-08
1.423348239265505245e-07
1.662133074928949135e-07
2.743851333425425435e-07
3.890737590264420456e-07
5.459725440780422027e-07
7.662171744990575260e-07
6.878156734198157880e-07
1.200456800113973236e-07
1.824544947028135632e-07
2.902340213469794237e-07
3.886040916784291227e-07
3.227782348494084862e-07
1.195340491961323145e-06
4.625820385905428854e-07
8.486758891999926479e-07
