3.197571645845282735e-08
2.097792794708156155e-08
-1.815107317305550579e-07
1.166909833622076734e-07
3.082820864097111087e-07
8.274381839056166340e-07
5.463588744448611432e-07
1.129952256069628869e-06
4.659071006709067095e-08
3.705872794780168776e-08
4.171820152864297476e-08
5.023054813983808187e-08
-2.646814809578034496e-07
-4.403298188651061433e-07
-1.273923539060827012e-07
-2.573180549420026641e-07
9.610219936860412484e-09
2.176017463536322887e-08
5.015088657262101371e-08
1.073380272144915956e-07
-2.678466651089450388e-08
-3.780921880148150980e-07
-2.028599015933899796e-07
3.115405022177919076e-08
2.854054574878434615e-08
-3.556875531820604890e-08
8.012574813016421279e-08
-7.351748220014449918e-10
3.035116426749484333e-07
3.627372627368651935e-08
1.429220074865551933e-07
1.100915562265706012e-07
-3.086950511037171053e-08
-1.826191409240837697e-08
-8.760944817122459784e-08
8.648800333792896675e-09
8.921675102502743549e-08
-4.308434422443271870e-07
6.181638595396439963e-07
-1.315634867002106685e-06
2.923493928675207275e-08
4.545505132601791121e-09
9.436631657137665676e-08
1.257329830384268370e-07
-1.249095526451977950e-07
5.764125152779314968e-07
9.165078835907106025e-08
7.108176969002522012e-07
9.900056421465331027e-09
8.868363551078008559e-08
9.501896035661397254e-08
1.307245748235540319e-07
1.851777959146800852e-07
1.332943337542184047e-07
1.155115369982443094e-07
-1.366939335782600375e-07
3.615884653716656704e-08
8.502309735689604942e-08
1.347199541509929368e-07
5.585008345547780322e-08
4.826772331209210203e-08
3.124274992903885494e-07
5.117636242006524587e-07
5.204154998386099742e-07
4.354080960682494624e-08
4.277929501140230773e-08
1.225474872252077024e-07
1.402196319788931659e-07
9.112426097202848034e-08
4.074252717003190991e-07
1.613496235764336422e-07
-7.566690736868368196e-08
8.992601829438430878e-08
3.277940766318811801e-08
5.657453292267739508e-08
1.389269416246189912e-07
2.162482746740086336e-07
1.849533319339893346e-07
1.529816698871239200e-07
4.329504300904707359e-07
8.500100496476812732e-08
1.094895623083192606e-07
1.871191903663996363e-07
2.047675797109470515e-07
3.163872068207038468e-07
1.748473703054196422e-07
4.272301402671929166e-07
7.278529074232805811e-07
1.466478908433159304e-07
1.267782460173350763e-07
1.296584543621600418e-07
2.438776762939152159e-07
2.960810306973373099e-07
4.447883433890618458e-07
2.946344148639374578e-07
2.903543561951709244e-07
1.035156333340504226e-07
1.406042134909262785e-07
2.040203486524721675e-07
1.934180746862876360e-07
1.234281110550240188e-07
7.738134892395164816e-07
6.573239728328428901e-07
1.468327737626163935e-06
1.437778427805654924e-07
1.718123764593812425e-07
2.864769743623154744e-07
3.066703040561013447e-07
4.769636944391628235e-07
4.075889426014184189e-07
5.128229266468536858e-07
8.806681751036226834e-07
2.130988100050599302e-07
1.661292907163447480e-07
2.959823145850959597e-07
2.914654414343738292e-07
4.268016991556271162e-07
6.325031607064601077e-07
7.528768747436543679e-07
5.707383571553272174e-07
