2.844990578052683801e-08
6.307244483927713623e-08
1.105238245028627625e-07
1.663192328758421952e-07
1.694397576593935824e-07
8.826393605408073250e-08
-1.478071274765336211e-07
8.628725581403181130e-07
-2.206818904197273926e-08
1.938757638753153797e-08
-4.667499410020806487e-08
-1.448055947348086945e-07
-1.471324749307852845e-07
1.836995856453849095e-07
5.590013846417282617e-07
1.771992451860993716e-07
2.698732249880799365e-08
-3.508570707760296483e-08
-4.451987792884711330e-08
-2.192776290033717378e-08
1.425984827740464928e-07
9.408181359750118841e-08
1.048525607691806515e-07
3.406190598178001097e-07
-2.218561909161302415e-08
-7.320522377585926447e-09
-1.167077096161417632e-08
-1.496026520836923092e-07
2.386161817483739564e-07
-1.768048395020039484e-07
-5.312390226326988670e-07
3.918656940964105853e-07
-7.670865100944049334e-10
2.768938134464582429e-08
-1.206512808814052228e-07
7.670428810686012382e-08
1.494389447269634339e-07
-1.841042389077525389e-07
-9.069093294962817791e-08
2.549951724963884683e-07
2.696198975784579094e-08
8.818658428920461039e-08
4.728233103587885561e-08
-1.880653341179596388e-07
8.143123276044923035e-08
3.767161861469830693e-07
4.997843609573188400e-07
9.290462158500178439e-07
8.230525853563644245e-08
6.251031709317977218e-08
3.524787593194661939e-08
6.728267552149185481e-08
-1.082500688497164684e-08
9.867132310455906155e-08
3.689215352888318363e-07
1.510828871514384438e-07
2.371610286082500424e-08
4.970474356681606656e-08
4.354249810438446292e-08
2.237174846837525496e-07
1.488324480271628935e-07
-2.192551606770718010e-08
4.257440135456405703e-07
1.481745260998412454e-07
2.946555928671673743e-08
6.972268130662058259e-08
9.545797864427720802e-08
7.391709352614103265e-08
-3.173335678353271824e-08
1.447981645563382641e-07
-7.880309418289272161e-10
-5.406744010048048607e-07
6.999979369468820367e-08
1.025651448433267928e-07
6.884921847741607185e-08
2.258740449862850602e-07
2.485177547236759491e-07
6.614655182664444314e-08
4.855670214989476888e-07
5.916128560186959483e-08
7.757114620431906453e-08
1.182852025207614890e-07
1.322143655061158932e-07
2.496220723727561514e-07
2.688213279795240315e-07
3.248879056791104820e-07
5.469274057621231861e-07
8.797035300291284203e-07
1.058390584615358892e-07
1.337513342921378105e-07
1.729724894007872137e-07
1.813887155272063120e-07
2.969878289635114359e-07
3.795704602986032324e-07
4.372147010470366810e-07
-7.671603249328389789e-08
1.654274172552364051e-07
9.376434081628555291e-08
1.292244270437737694e-07
2.042111785084025539e-07
4.781108066958950022e-07
6.946905975523510093e-07
7.953139708215032625e-07
5.719415013340654172e-08
1.381639016444636188e-07
1.138833040882865542e-07
2.592169104481646845e-07
3.177502848038963859e-07
2.402565630660905216e-07
5.237696709312028809e-07
1.022557089638752887e-06
7.380251652872968294e-07
1.495090522802356582e-07
1.722920083584374974e-07
2.876029265277221006e-07
2.840436705277495618e-07
4.633039392957376570e-07
9.380211988198658306e-07
1.311344817223030437e-06
5.052075457485477884e-07
