-5.648890346812431498e-08
-1.033656745213945412e-07
-3.003270462744284523e-08
-3.649607914977409825e-07
-6.735874571640076264e-08
2.235270362849424115e-08
6.876698342711557303e-07
-3.366071844667583231e-08
4.814670142358719583e-08
5.269282001839822028e-08
5.139954472426876694e-08
-4.523372695231950517e-09
-3.268003015679844227e-07
3.621844271356039361e-07
-7.080299219002380769e-08
-7.863580692972937861e-07
2.376450853231109603e-08
-1.052448796246188754e-08
6.573828258189489924e-08
-8.832439030581390278e-08
-1.553112034765631051e-07
1.890970194043692461e-07
3.631016835120781947e-07
4.752268324857352758e-07
6.162826647439000013e-08
1.658401592827828585e-08
2.111114245515002268e-08
-2.984222050883818922e-08
1.212928687340145295e-07
8.515248656622634135e-09
2.014240173165524381e-07
-9.953054047762434797e-09
2.171738098688487358e-08
-7.598978102653895226e-09
5.863772804260521928e-08
9.323656765355944588e-08
-1.969992747265661785e-08
-1.838912469299938499e-07
-3.271674846059395402e-07
6.210954580948680187e-07
3.245036548741982542e-08
8.284645324432660232e-08
-1.007015774683064094e-07
-8.281113939867784206e-08
-5.533851909871588546e-08
1.583747339417130440e-07
4.101846923330210198e-07
2.933880202553168262e-07
2.700081601990955802e-08
2.219672081078870879e-08
4.475550533955446334e-08
1.553892832365072262e-07
1.604055486429137717e-07
1.167769166620577603e-07
-6.020504691816363441e-08
-2.231609383365523511e-07
7.522785048973494406e-08
8.263950798483402678e-08
7.935222188494263712e-08
7.651836417877140647e-08
1.593001402237834928e-07
3.913123289166617048e-07
3.657799468479545718e-07
2.239664198839169372e-07
5.918290335525570321e-08
4.944844824196755208e-08
1.394122079062935570e-07
8.100374089627802513e-08
1.419097660168420620e-07
2.817212184695146328e-07
3.744744371979347574e-07
1.169259857311990835e-07
5.846005328517674557e-08
5.761473480785470022e-08
1.333461842116962322e-07
1.451033559514913165e-07
1.247276437864178193e-07
-5.021167451998673206e-08
1.138860873863269787e-07
3.462415613835942823e-07
8.628402034654113693e-08
1.200360212994145005e-07
1.328896998767116987e-07
1.943736473822611059e-07
2.317560397615136786e-07
3.454792984702106357e-07
5.496215524558138789e-07
6.185085961505300765e-07
1.016704655626240353e-07
1.028927929001053121e-07
1.386838921257261905e-07
2.550483775559940541e-07
1.707214556141063182e-07
2.512414857430905750e-07
4.903262303472378281e-07
6.328479997441001797e-07
1.263416292197225020e-07
1.646838862559669022e-07
1.506986351512586086e-07
2.706649136965347247e-07
3.831350178373886878e-07
5.919549182818135288e-07
6.095417186438817058e-07
1.238723125675191586e-06
1.758003529445663880e-07
2.044935140733873996e-07
2.770524854712518862e-07
4.642513290015989284e-07
4.653213730636054953e-07
6.449652606933662901e-07
5.945688014436723650e-07
9.048234705485694661e-07
3.341052655775293458e-07
2.800493078642823469e-07
3.259320061567329964e-07
5.138322853150756825e-07
4.676271529135400201e-07
6.162581135422547413e-07
7.227133679389717849e-07
9.320514279999574664e-07
