6.935571981573530705e-08
-2.502409637579673885e-08
-2.773522824719432512e-07
3.467357292067918891e-09
-6.135326369116404335e-07
3.383344588557786264e-07
1.582752161644347928e-07
5.090003365607102608e-07
-3.928033994929225436e-10
7.120869938563946897e-08
1.289708315099535584e-07
1.558246777213408021e-07
-1.450536136135720542e-07
2.030623040109394435e-07
-1.924519513571475141e-07
1.695844485514473559e-07
7.683114057958409396e-08
6.571003802783096450e-08
2.440826896736516286e-08
-1.440349579701625089e-07
1.898571175885524838e-07
2.484697203812519557e-07
8.980264838932542670e-09
-1.336444811273955287e-07
8.958590050462359751e-08
4.971326403731093574e-08
2.432708520585740894e-08
1.697777580174831792e-07
9.959384368213733555e-08
-2.180353804864121990e-07
3.920451324045502314e-07
7.881147556890964260e-07
-1.692023991675149003e-09
3.304889442059200598e-08
-5.648920341009459368e-08
-7.733425450661927750e-08
2.104666786487741635e-07
2.417288541325040175e-07
-1.895043468687423076e-08
-1.021470152253694305e-07
1.304521179505124974e-08
1.215808228811442062e-08
1.602824938036364257e-07
2.626651868994035547e-09
1.002186732935202731e-07
1.570864121674720127e-08
-2.999985205396380379e-08
5.108993269612167397e-07
4.220705496412473646e-08
9.660806832714965011e-08
9.140302065224798781e-08
8.583986808166546795e-08
1.198643653317719208e-07
9.316940757634916879e-08
1.333991247221487277e-07
6.319459993361244144e-07
3.657590423794359062e-08
4.635080559943199841e-08
1.207640654427367426e-07
2.786638314879550432e-08
1.403163902614196288e-07
3.421146048032258949e-07
9.711835237109764403e-08
6.165581818626828364e-08
3.094642089911555348e-09
6.527222514043112692e-08
6.984228879815416671e-08
1.334656212571515667e-07
2.293289563101626609e-08
1.507947417416672183e-07
4.716017191516619404e-07
3.522879937578721008e-07
5.762298486374744253e-08
9.887428653034798231e-08
4.496350665352748249e-08
8.285243604637521238e-08
1.396438041072380835e-07
2.480986429722068429e-07
1.532639623172315830e-07
3.876594067362977172e-07
1.310047825922759869e-07
1.260012055267533458e-07
1.014844663580117038e-07
6.600845901654405092e-08
4.060517449631203874e-07
3.862018032276389197e-08
6.673794897890568081e-07
2.154639818888415275e-08
8.821369897665142265e-08
1.479805960268233335e-07
1.910876146747474248e-07
2.633499052398263794e-07
2.566509942951989407e-07
4.377906932046833186e-07
6.284995684403143192e-07
8.516550162232295150e-07
1.171472582170253850e-07
1.952654119595598487e-07
2.495041060746166372e-07
3.343195865535825904e-07
4.224312251154831500e-07
7.202015908656589380e-07
6.425735020176541922e-07
7.460113869264268736e-07
1.497630974666021778e-07
1.609452695199830568e-07
2.483802065352732703e-07
2.734592902600062197e-07
4.191509423987578796e-07
4.223729475027610506e-07
2.925712074906666148e-07
4.965159710715786760e-07
1.633817916166884879e-07
1.106063145686342796e-07
2.803515743270274942e-07
4.303440513984021635e-07
6.950388324187511261e-07
1.033202440020266187e-06
6.750217427223101895e-07
1.165425233023471964e-06
