-1.020250636031596901e-09
6.359689793559729003e-08
-1.466738995174827995e-07
-8.869478957756743111e-08
3.159759055133942623e-07
-4.149924893321455886e-08
1.195206689959902443e-06
-6.196932030457485515e-07
1.714818205732982448e-08
6.500715038652590710e-09
9.754759503272266383e-08
-3.700101709476177496e-08
-8.426482780247816879e-08
-2.638457835273813470e-08
6.233465167370566720e-08
-1.830903369122077732e-07
5.842985180979596599e-08
1.986068076463527840e-08
8.789595653165688637e-08
-1.246316485319567757e-07
-8.341802191727935793e-08
3.561095622379751008e-07
-9.388735548576134115e-08
-5.499720648119702469e-07
3.646171590341715553e-08
2.946969513682310527e-08
-1.972100795198439976e-08
-1.271711636167971400e-07
1.037232339317874411e-07
-2.209414104289311297e-07
-7.475821602807542601e-08
-3.337896831901967895e-07
1.689535407645916318e-08
3.756876692084049517e-08
-1.520153890266731038e-07
-1.522953079647411489e-07
2.760149273993571089e-08
-5.235545648697320393e-07
4.055238869532847689e-07
1.140460385092778381e-07
1.836353669560133581e-08
8.642717166656669677e-08
2.573899080491539185e-08
-9.040163461114125972e-08
-1.096491207538684186e-07
9.176197666073385105e-08
7.412201620812643621e-09
7.877163842287006436e-08
2.282606663478059567e-08
2.426986769754440595e-08
6.125317437036452936e-08
6.136759767433861720e-08
4.419213031439252884e-08
1.793924646318571028e-07
1.340951795866304006e-07
2.429918648820191858e-07
2.049603008050957835e-08
5.544077634671017427e-08
1.044638760296848272e-07
1.076006010312301250e-07
-6.126080595583707142e-08
6.737938578909802879e-08
2.561387419254261658e-07
-4.126114843816585109e-07
1.554166854134054448e-08
6.492311741596872779e-08
4.732593812749057823e-08
6.715291096177647419e-08
3.612268991358981647e-07
6.483020990448451460e-08
1.567430991591770035e-07
6.958610027053517253e-07
3.709526247398780507e-08
4.094890649899973010e-08
8.825699553828971840e-08
5.286559515194702189e-08
2.786303068091863497e-07
3.758600769296756124e-07
1.936897205158098447e-07
4.172779917990312789e-07
7.558328489356477544e-08
1.230268316032230924e-07
1.771524574896318293e-07
1.126104606492559834e-07
1.507566981156612315e-07
1.820557156384580167e-07
4.512171450106217465e-07
3.131721328426840642e-07
6.873886550507853768e-08
1.352269946883340473e-07
1.145274791863023764e-07
1.901300908123977218e-07
2.808534305276576178e-07
2.178920174598117150e-07
7.099005569375382879e-07
7.559099278779907809e-07
1.258579351315025965e-07
1.973289005760057116e-07
1.893566147290188333e-07
2.407734403308611172e-07
3.195724349098233777e-07
5.027863146021959437e-07
4.420776630777567691e-07
-6.389265780065628036e-08
1.427685329844802648e-07
2.071478877692492600e-07
2.873568097650098423e-07
2.624693920312079348e-07
4.722530261880436191e-07
4.135343074256515039e-07
3.061269474532796680e-07
1.232497886147309419e-06
1.787113251671134651e-07
2.569099503988494113e-07
3.062343221128125772e-07
4.566307894955637032e-07
3.536972797453652504e-07
9.370009593347053577e-07
8.670292833368444050e-07
1.306307809559040417e-06
