-1.691083593664523668e-08
7.980048150520376628e-09
7.045281815317729642e-08
7.719201153201256070e-08
2.506358989381612209e-08
-1.441887784042709159e-07
7.465483585732320326e-07
1.530292860318583834e-06
-5.264506822292101379e-08
-6.638223967786075947e-08
-4.556393266871680376e-09
2.657327774815948226e-07
-6.617181572273028897e-08
3.873667251726939628e-07
2.969774550224416441e-07
2.504070433484173652e-07
-2.884888049488281496e-08
-9.256661336415022734e-09
-7.082500677991634864e-09
1.642177040848103452e-07
2.572684707638464061e-07
1.087655254191372274e-07
-4.676724307955867918e-07
2.060205147692267238e-07
3.490714024819105398e-09
1.164974429219438424e-08
-1.404165882780967922e-07
9.273702150819813123e-08
3.095300087344416971e-07
8.610244985357352377e-08
-2.059977889209768205e-08
-1.705314705993987005e-07
-6.599377371623297370e-09
-6.151493393114014296e-09
8.823877275798136951e-09
1.118408247915374253e-07
1.582548891004877845e-07
7.305246485257471353e-08
2.315188252540564389e-07
-3.714468210917544899e-07
1.515279629889753005e-08
1.204398964249611728e-07
4.080112843607464728e-08
-5.415046729906939226e-08
1.231070020018453134e-08
5.009207083876607109e-07
3.802407487704677158e-07
2.481312602019257762e-07
2.955417860985757273e-08
3.712009987755749275e-08
6.998258539115866571e-08
2.299912505480229366e-08
1.407693577939225052e-07
-4.132706868765691394e-08
7.287439180773110505e-08
4.650736426493552545e-07
-6.455509431088829749e-09
7.253864197487275135e-08
1.128690712774490524e-07
4.043482124047452343e-09
3.509806623298345266e-07
-1.048308121753035803e-07
7.185081820394069266e-08
5.204723500627399447e-08
-7.883577393580695238e-09
5.486857921874708711e-08
1.087573252698727571e-07
8.443064034608160950e-08
1.824097720473141722e-08
-2.137103079825346883e-07
1.303277051965704491e-07
3.912640588713062918e-07
4.811249431825634400e-08
8.710373902736745237e-08
4.106551684511028486e-08
1.611240247075375678e-07
-3.167312492006997277e-08
6.938522192391536499e-08
3.154434778531532211e-07
7.427252616615762968e-07
4.827888486596473695e-08
1.083865881925875294e-07
1.160125976231512488e-07
1.796819716330991141e-07
3.054394397149415908e-07
1.621295447641437822e-07
4.254751249552426402e-07
4.098822832627408171e-07
5.646308528770623972e-08
1.135759524103084327e-07
1.318756558131604719e-07
1.930883029453342693e-07
3.628059830357429285e-07
3.216833611060526760e-07
8.500486896263652215e-07
6.283357668072532300e-08
1.160869480158693566e-07
1.483688628889035318e-07
1.151170603013031490e-07
1.274654011014936142e-07
5.759529543697774090e-07
4.777165497060668594e-07
1.612628725107948462e-07
4.065340934356661545e-07
1.382945563096096660e-07
2.333930380773814192e-07
2.401705518400233786e-07
3.352613462755456523e-07
2.816204744308460900e-07
3.912506589532780012e-07
6.863312560681534179e-07
5.094345923822820207e-07
1.286425173856264308e-07
2.781489239997736308e-07
3.099840252886871617e-07
5.532154926534081297e-07
5.888936931755139919e-07
3.414935917073289172e-07
5.715772158784405013e-07
9.272414672167007381e-07
