5.689323803855248132e-08
5.641958381789690089e-08
2.497696695747055048e-08
-2.095438088496315965e-07
-1.895144853271182988e-07
-2.400516598934637646e-07
1.470923926013895780e-07
1.259023492068730604e-06
2.996494380763452891e-08
2.559083908794252966e-08
7.959133220210351813e-08
5.505700859392069965e-08
7.500991503892226643e-08
5.418120025926995145e-07
3.042162843334870096e-07
4.314836671946990568e-07
-3.387044167035162510e-08
-1.526950251882803925e-08
1.390787768476389255e-09
-3.764046014419135757e-08
-1.877046162860689359e-08
1.366362041125524995e-07
9.338005604196542453e-08
-3.427568489319366524e-07
1.297606493804126613e-08
-2.087450761205253291e-08
-5.813841299366192724e-08
1.273392581121472772e-07
-1.995693527626244977e-08
-8.597724060781290962e-08
-2.377392304990728409e-07
3.586752201212970814e-07
-2.164969744325841413e-09
-2.336955106751831571e-08
9.936514595007349938e-08
7.234919026330123312e-08
1.066635525076499377e-07
-2.262951747697340423e-08
-1.007087197892165480e-07
1.662455912302411216e-07
-8.682695546784640226e-09
1.174290861837788789e-07
2.284303370839409845e-07
-4.016060956543187675e-08
-8.602043985176593209e-09
-8.891154281728147277e-08
6.034232985577390469e-07
6.165584694351572094e-07
2.902412928735667558e-08
5.048567369778646116e-08
4.523622417971067989e-08
1.026623381849410330e-07
1.350376636024558793e-07
1.866769701371504316e-07
-1.923481554570779334e-07
2.193861848949198844e-09
4.201421290184591467e-09
8.115517970176039302e-08
8.345195218300957761e-08
2.360159794117172158e-08
9.692045713527989712e-08
2.249953408014553483e-07
9.331969026501911759e-08
3.363338442213363952e-07
5.604165752230368263e-08
1.186540458778314385e-07
1.020349766647246091e-07
4.896428306428067040e-08
-4.933118323192472371e-08
1.055366001946394417e-07
3.200631644840480004e-07
1.191509082975837077e-07
3.891905401011701774e-08
5.920922587833447402e-08
1.568006268930315170e-07
1.534383400900130165e-07
-4.557232804216472245e-08
9.498117914455528743e-08
-8.139771628553221330e-09
-9.479745236651507075e-08
7.937066494090693724e-08
7.950989003990153833e-08
9.220819783610778476e-08
2.028926836160968561e-07
3.166431351317255862e-07
2.136239141642849915e-07
4.405969875162705952e-07
2.676305621946382141e-07
5.104752252241506918e-08
8.721321350355843344e-08
1.837952135361418562e-07
1.907983574389301806e-07
2.778117278605077480e-07
3.794804682826805281e-07
3.024787598549828718e-07
6.120896745442072922e-07
1.106549285928747929e-07
1.080068747315475903e-07
9.721176480428657073e-08
2.238875304904751314e-07
4.577586771727775251e-07
3.337870980870881503e-07
3.099239752728806422e-07
-9.042162709197624802e-08
1.558343109767943223e-07
1.517807137752856490e-07
2.210545182914812045e-07
2.361697886030153830e-07
4.302546621948495552e-07
4.892063241622296568e-07
4.952998430058081126e-07
7.737797409114929958e-07
1.429577327533311278e-07
2.129351156141429995e-07
3.049897484705159156e-07
4.045512219893550113e-07
4.204407363502571180e-07
5.984403507774064184e-07
1.047518311965137676e-06
6.163882051202360384e-07
