-1.953079448053435933e-08
2.491539648925284341e-08
1.923157070538115091e-07
1.922156780123837561e-07
-6.935113446965738223e-08
-8.379067447129870828e-08
-1.042708052708241912e-06
-6.202931842450047699e-07
-1.318646493182731830e-08
-6.168900672168260533e-08
-1.531413669897982781e-08
7.578939797773941072e-08
1.609031992502251616e-08
2.028429087263985107e-07
6.005042006019727624e-07
-1.107491395533492483e-06
-3.063601245834170487e-08
3.112540310549181445e-08
3.917978131957006317e-08
-4.067348513140472964e-08
1.418129449643989005e-08
7.891000100213870543e-08
1.479324519853402445e-07
-6.376134543820604966e-07
-2.156134803671561791e-08
3.889598509982853528e-08
3.666664054339200194e-08
6.479172011976264239e-08
1.009646453646047106e-07
1.813217558884594745e-07
-2.247917581727331139e-07
-8.380301013403520423e-08
3.304319016303303826e-08
1.992324861918543750e-08
9.067303411169853746e-08
1.484593692070022341e-07
9.509552106760487871e-08
-2.879190167975847295e-07
-7.759759465715680148e-08
3.886416390728314738e-07
5.289727373870441946e-09
2.931675031689771029e-08
5.563685603898331258e-08
8.476300594446478573e-08
-1.763918295185928752e-07
1.664626610050160638e-07
5.903231500140678404e-07
-8.777542525805235070e-07
2.489655986869122195e-08
2.843043827761527789e-08
5.516115069211017940e-08
1.698008647442498493e-07
4.933917940185274915e-08
8.095250653370268016e-08
3.571055373274277951e-09
1.694489856664532481e-07
5.182509411189232379e-09
4.504084506541115288e-08
6.892183748816125161e-08
1.346388502631088455e-07
2.909594183743928103e-07
-2.555197775320022692e-07
4.658523620148614025e-07
-1.320519341860255304e-07
7.238763707184898031e-08
-1.062236292643784278e-08
7.519787232082174415e-08
-1.402827801529521892e-08
-4.608685753393705688e-08
2.059568816655550673e-07
2.471349654106112132e-07
2.779305572780343927e-07
5.513882489314330838e-08
5.374738934420277647e-08
8.597788147366272576e-08
2.446334689271195100e-07
-3.125491726502296498e-08
9.605332237088044005e-08
3.576434118451149507e-07
1.232917034535635094e-07
6.374305320853400337e-08
1.053860857762990444e-07
1.268080733085254841e-07
2.674308847878983847e-07
1.345975002447852009e-07
3.773970537827327520e-07
3.070355989231603988e-08
-5.172309219102062914e-09
8.036145893067744533e-08
1.050715279408774423e-07
1.848371406574171122e-07
2.380227218838206804e-07
5.377090194364967807e-08
3.070165765189915122e-07
3.698802658421467144e-07
7.523119489769243018e-07
1.343156599314374547e-07
2.054178443049999777e-07
3.237459899303278702e-07
4.380774528749530964e-07
2.960876394190701444e-07
7.998970038979805928e-07
5.383303364380027800e-07
1.174505225664373406e-06
1.146355295165968518e-07
1.777062441750020642e-07
3.532494294369132096e-07
4.814455951843938533e-07
4.977108044555537274e-07
3.659942834845642383e-07
7.827801782717910974e-07
1.207022080763709779e-06
1.996473267131607985e-07
1.562607651835583064e-07
2.710707624187805166e-07
4.498565595991295824e-07
6.504312933721011107e-07
9.770451114190786337e-07
7.052501100532840046e-07
5.520514231826006599e-08
