-6.546082132022593474e-09
1.879608093582223235e-07
9.399836887603714593e-08
-2.369689777093747460e-07
-1.311359379022983797e-07
1.625643384504619492e-07
1.255154315980854884e-06
2.205422453064825247e-06
6.662500447997557779e-08
9.145077050488047555e-08
-5.672887618809433141e-09
2.177701757541760572e-07
1.270590826731747557e-07
6.747360319088957017e-07
-8.257680570459730918e-08
-6.899524007644147083e-07
3.570887560456844479e-08
1.167701731134962259e-08
3.392407928769617844e-08
-5.578268093260821726e-08
1.332726642773279874e-07
-1.941805108385816292e-07
-3.553382940291290094e-08
1.344784624647462026e-07
2.708711926167808171e-08
3.721985030182332645e-08
-2.053440387167404545e-09
-2.001741137922371973e-08
-3.066669820184704037e-08
3.085067172255214139e-07
8.485098710795188983e-08
-2.999141166938735006e-07
-3.804811917857718937e-09
1.028035566843576320e-08
-3.434117119943589383e-08
5.906524226415374697e-08
9.016079934424473261e-08
1.106327643514938706e-07
3.546697958415706267e-07
-5.029127784643282815e-07
-3.957671575315753254e-08
-2.676939172665158114e-08
-5.310153391420539430e-08
5.351807655732097883e-08
-2.387705512630451820e-07
2.138964449463171938e-08
-1.932743794086755158e-07
-2.217956148971936154e-07
1.261801662778437430e-08
4.419355223377030172e-08
1.716024673120049867e-08
9.835135148410420541e-08
1.104115295363222652e-07
4.567575927767665037e-07
1.296237558401523211e-07
1.321538986018451595e-07
3.305089617405742491e-08
2.082322429647799493e-08
1.969636974029834706e-08
1.383982299837767582e-07
1.470828493628135422e-07
2.219862928500513893e-07
9.691326376596944918e-08
1.383890512507813713e-07
4.439458279368920172e-08
1.318754967267000923e-07
-2.169648987516260527e-08
9.950627705741114216e-08
1.758518932090264639e-07
-8.365892188344615203e-08
1.377799396748161116e-07
-3.183288510627949265e-07
4.271273837151200827e-08
5.189466458953581926e-08
5.407110003823480290e-08
1.829661828660175733e-07
1.163096551712585275e-07
1.583511636404237926e-08
2.212316114153022629e-08
2.970462779114638558e-07
5.046629942265478577e-08
8.616068989488154383e-08
1.051226733867398112e-07
2.318980908376145351e-07
2.342527415882783448e-07
2.724974146497677894e-07
3.744916430196918662e-07
6.717313564674986487e-07
5.076440682863745052e-08
7.987765652813891792e-08
1.298126999413842045e-07
1.010274201821009897e-07
3.000241025560207623e-07
5.566759569767072598e-07
5.430452204679188478e-07
5.322642062364863449e-07
1.766811230705023789e-07
1.124349763460954979e-07
1.253075944477344252e-07
2.853057521062756896e-07
2.009293561120317869e-07
2.817872740905765636e-07
3.287652257887550573e-07
2.930821182142532068e-07
1.824958783628429503e-07
2.122283961258207556e-07
2.188685266543023531e-07
2.506968431915920477e-07
4.618549767701760043e-07
6.593150400495619203e-07
8.239565750307542752e-07
1.046708399442986952e-06
1.894971368499590322e-07
2.708029509041244736e-07
2.511707348409568698e-07
2.952599575789453926e-07
4.924816449927286043e-07
9.078532802903142493e-07
1.261947649504735593e-06
8.329452365630607916e-07
