1.549850911804350845e-08
-7.563383032814513600e-08
-1.551324014057536645e-08
5.179317679027573229e-07
1.889389477784178406e-07
-4.259813250427590659e-07
4.789010682632184958e-07
6.557449610352805806e-07
1.023237732782329498e-08
4.850050375726224059e-08
1.051763510316965330e-07
9.208320457323869594e-08
1.414370166903106262e-07
1.491790852725718996e-07
5.754427288266604475e-07
-5.769837046423588822e-07
7.011745355831194915e-09
1.097506530396348055e-08
4.134196803048608254e-08
5.941426064254169264e-08
1.740015328545941672e-07
-1.603216129982077017e-07
3.308848061292987049e-07
3.415206706442535231e-07
-4.194862334874362730e-09
4.330860529529387416e-08
1.677355463491563328e-07
6.903419020436785679e-08
-3.104710452257885624e-08
-2.724750353636985876e-07
1.813737957763058459e-07
-1.428857429736097825e-07
-5.789160688805388599e-08
5.723948427850131226e-08
1.166732540060737789e-07
1.737329062558904346e-08
-1.081248765085436763e-07
-2.843495576686542767e-07
3.121757871252036430e-07
-9.312270261713153977e-09
2.637023736686885895e-08
6.112914593896478232e-08
5.669117370128387563e-08
1.550765557119290547e-07
-5.638967481067196623e-08
5.065998416407186994e-09
3.785168508706833635e-07
3.653627022418248806e-07
2.556762517238520790e-08
8.705395324500328218e-09
1.135613761014696710e-07
7.148795916292265296e-08
5.617801969819997212e-08
1.915020162303974830e-07
6.611707014694838256e-08
2.481316377158222975e-07
2.817113939149256919e-08
3.209623991915165355e-08
1.872009151907938199e-07
2.321533819813155222e-07
2.167614223648654110e-07
1.492147752195757760e-07
1.621853101617020098e-07
3.286336087413249930e-08
4.256959126386482052e-08
5.537385956356374451e-08
1.251351501829839486e-07
8.195523539091084075e-08
-1.784292158357569815e-08
-4.733899535184184891e-08
5.004054188623446236e-07
-1.576399218277288070e-07
4.978082165475551538e-08
7.984709272474839194e-08
1.287685214639948441e-07
1.216604982579092492e-07
2.331448056633631120e-07
7.163763957547991182e-08
2.333684581793869100e-07
1.174572193907506100e-07
8.171274419719216492e-08
5.555117671086751279e-08
1.462900715093049378e-07
2.670457711692564637e-08
1.320491525309540422e-07
3.359270882611061010e-07
4.797903476597542521e-07
6.040795620682251616e-07
1.127082971140641545e-07
1.117189355601818236e-07
1.422834174846125183e-07
2.246609690047189488e-07
3.756138807292419044e-07
4.171023870013913303e-07
4.769832519119709011e-07
5.424141994479196347e-07
1.371550550789918581e-07
1.171826649147623336e-07
1.229263007158455181e-07
1.696828750063435832e-07
4.581605076745832403e-07
1.358983974772812558e-07
-7.734556588851934402e-08
8.449669646261885618e-07
1.512063304941534530e-07
1.669489411677372126e-07
2.275085672532030231e-07
3.364877250882128933e-07
4.873923160702592216e-07
4.091438695644065098e-07
4.049648006965607629e-07
2.035335963924225740e-07
1.305515731778087885e-07
2.235805537337811103e-07
3.705333350007185992e-07
5.501712349190750966e-07
5.890501827951453192e-07
3.989186251271564436e-07
5.635894458661312419e-07
5.507257628026424266e-07
