-1.054033730491576273e-08
1.902092806598407067e-08
7.125057737691554458e-09
-4.685018304491908503e-08
-1.117338998738367464e-08
3.548783083682911583e-07
-2.733857642944183040e-07
-1.088276156978089624e-06
-5.227780758137396209e-08
-6.578237742513809580e-08
2.276199282172780788e-08
-3.998498693881103757e-08
1.536200359125254451e-07
-1.928817419935766415e-08
9.730765476917111360e-08
-2.948630983029487413e-07
-2.541688634802311234e-09
4.590770807871677300e-08
1.648678348664113846e-08
1.088331202685674704e-07
2.069642985396403979e-07
-1.207123260139307743e-07
-3.831935986921807207e-07
3.289770835632056318e-07
1.548807387814698160e-08
-6.430860665742117810e-08
-5.627291473861678262e-08
7.828564474324160230e-08
7.573113370041275940e-09
8.842346486600575677e-08
4.295361888627414473e-07
-1.760370081876691286e-07
7.912744931707109246e-08
-8.179056364510386337e-09
1.422861089719034732e-07
1.999208013094232268e-07
7.535114965227838936e-08
7.747766713319179611e-07
3.186963041669734887e-07
-1.803055028481027963e-07
4.226755008317931754e-08
6.890746212409721346e-08
2.315971093564649725e-08
9.776653024822115922e-08
1.648268923661644050e-07
-5.666784719933312620e-08
1.442689292433175597e-07
1.730181931322132733e-07
1.973323612082725596e-08
1.489084370870465545e-09
8.388091327810967324e-08
5.588827602559806280e-08
1.617045262495894866e-07
3.075875808698045012e-07
3.538642613340263495e-07
2.505788916200660867e-07
4.910355819072969650e-08
6.083420404691487805e-08
8.400343783593105668e-08
5.415744765382757091e-08
2.578576978122528923e-07
1.959719877577367044e-07
3.921286439762805456e-08
-2.467609088863291671e-07
4.049692081032411054e-08
5.804194297276357243e-08
1.450644249091502778e-07
4.704273123059436695e-08
7.759641847986152519e-08
-4.821699430488857529e-08
-4.043556033170363195e-08
2.395014288804987814e-07
5.921585211486875663e-08
-2.700145926553319760e-08
5.571403044043642801e-08
2.142667179180604993e-07
2.369234926493441871e-07
-1.139151018153541206e-07
6.034630491112981451e-07
1.157003559983502492e-07
5.204331526863626368e-08
6.414556691908949555e-08
1.583268947009691282e-07
1.767323154808181484e-07
2.583192137262497583e-07
2.614192337876606936e-07
5.283515008834457601e-07
2.739236082146399677e-07
7.061807289045103614e-08
9.842471792869607068e-08
1.360621749465113423e-07
1.874589283664891217e-07
2.266538084649366801e-07
3.390003695117329632e-07
1.589077698130714177e-07
2.965919950077866365e-07
9.123195195971462717e-08
5.104871099982422072e-08
7.804208296676072145e-08
4.033045205609731422e-07
4.944009190366427828e-07
4.280913158821964310e-07
7.374847345685289680e-07
8.467026044108774726e-07
1.293183891580342476e-07
1.547037115899130163e-07
2.992472679950894048e-07
3.423806603104751999e-07
4.388185773840802418e-07
6.732774334553801160e-07
3.591726791461634063e-07
1.027819085617316571e-06
1.851025646936240771e-07
2.178848128964734413e-07
2.127544429747902806e-07
3.311121764914786490e-07
6.767930165424180843e-07
4.551793804755006370e-07
4.466463708283789063e-07
7.890263400801305111e-07
