5.819869714658706185e-08
-7.249867382984385408e-08
2.837819549514294518e-07
7.892871547588857174e-07
2.981363981630854520e-07
-2.842198384367344042e-07
-1.539812316919017466e-07
-2.849877333748754427e-07
8.402395585811288340e-09
4.544325000557864399e-08
7.058793767353639928e-08
-1.398379426679589451e-07
5.910883232935439124e-08
4.044620551396262874e-07
2.726552187683262474e-07
1.751371153984043642e-07
1.453582835416814918e-08
1.442003960348817313e-07
-1.975662256877691134e-08
-1.576296665032654151e-08
-1.270079817564046624e-07
7.836534219162809890e-08
-5.070954831812472041e-08
4.548034837086664142e-07
1.027264750067464573e-08
5.186733505955172478e-08
-3.099030956616190162e-08
2.654226148186128179e-08
9.635731441260247529e-08
6.697998183911467958e-07
4.197789988642944686e-08
3.721523873812163733e-07
2.653888993675346095e-08
3.278016365843109110e-08
1.706354202211314444e-08
1.248865977776295482e-07
1.284923899472179313e-07
-1.090146561000077871e-07
1.101974526002617458e-07
1.124946579345532377e-07
2.908728850466496313e-08
1.214967203452747592e-08
-6.692492301436436589e-09
3.173957573096372323e-08
4.732825723072020941e-07
1.669482195022774558e-07
-1.213748856453152203e-07
-4.681287493221144391e-08
4.014241620646315922e-08
4.336540333427955180e-08
6.771930878943667025e-08
1.641558743883432689e-08
1.942016880269955892e-07
1.864215745298768290e-07
4.461685867355685302e-07
-2.768023246714047453e-07
2.055122122007861912e-08
-4.583261923446730114e-09
1.340405440270514952e-07
1.849850926300498949e-07
8.779864402778441105e-08
2.349531239151911432e-07
-2.683757976273929881e-08
-2.057331996230503183e-07
3.282982797921802837e-08
6.624339473087205938e-08
9.121964343539869905e-08
-6.093130595010306560e-09
1.065640467149558230e-09
1.076862841515863266e-07
3.506895299939571756e-08
5.633804911486622635e-07
5.944956856207090796e-08
1.243552200231659621e-07
5.068530903497553504e-08
1.941399882966829243e-08
3.176187860372708242e-07
2.038635052267595172e-07
5.041050512651274266e-07
1.077938735725357558e-07
6.669190778235334534e-08
9.331746345155927260e-08
9.558907348407667903e-08
1.505476196604393977e-07
1.719767541658530874e-07
3.666759934210441648e-07
4.395807600942393242e-07
5.147809796636981308e-07
1.043507943100106438e-07
9.803980475447620142e-08
1.098590061179252502e-07
2.004035494306097699e-07
1.199122624956225549e-07
1.666783257845551020e-07
5.227583154758845828e-07
-2.752929576926370572e-07
1.172118148042984191e-07
1.893395984852853960e-07
2.273756715489313300e-07
4.545462108652505812e-07
3.627987096529538977e-07
5.911040768697221091e-07
9.189632300538106617e-07
3.372519846541333989e-07
1.493835274918473768e-07
1.475089470170811545e-07
3.011528309084588920e-07
3.441640711331599619e-07
3.339776808039196900e-07
5.300213350187557474e-07
8.120935342190961589e-07
6.130132121246527165e-07
2.171336484033613355e-07
2.297876816682530120e-07
2.562201815539391348e-07
8.043651667375844683e-08
4.129052581686518434e-07
9.001403288220442421e-07
1.429456381656515006e-06
7.566983570801108561e-07
