-6.910452471698499890e-09
1.027594823596960238e-07
-3.936103562788474382e-08
2.856976214863749111e-08
1.344077432398203745e-07
-3.766383605145072374e-07
8.540736715131094773e-08
-2.427016462923475991e-06
3.011239602565379810e-09
3.498060329401380141e-08
-2.129073688419840420e-08
-8.215534745464845316e-09
-1.383879618895864521e-07
-1.082155014493945982e-07
-2.312744470933877287e-07
5.219917766744032531e-07
6.528229360236133542e-09
-2.300453069995544556e-08
-5.249536420932221452e-08
-5.311420671677316452e-09
-1.344444042587424851e-09
2.466218592010177410e-07
-7.131323711462781483e-08
9.300667557585213899e-09
-3.593744831843443638e-08
-3.100965138318041627e-08
-5.889943307867344510e-08
-1.139923766183945813e-07
9.749452823635285315e-08
2.741003802092198393e-07
1.539205048102543992e-07
-1.411874514031425523e-07
1.745517297793698741e-08
8.616499471201992784e-08
-6.788665177439913974e-08
-1.242272899093911761e-07
1.344119147275925189e-07
-1.066334331335063636e-07
-3.696062106599113008e-08
-2.541918313715427435e-07
6.164076288279589534e-08
4.360535823945100692e-08
5.037473216376467508e-08
1.153974426614404312e-07
1.673988159312915162e-07
-1.575363983861427890e-07
2.354963481335944848e-07
1.252085029281646559e-06
3.019590751324551394e-08
4.211185692773580521e-08
-1.198510069761279162e-08
8.348062744595309437e-08
1.790477007478849614e-08
1.353920011481003253e-08
4.287625824225040890e-07
5.286814445949708350e-08
3.255371720360525418e-08
6.301995654830511657e-09
2.896484709591141583e-08
3.391777941925049020e-08
1.380967983684002292e-07
1.983785792116343456e-07
2.697656576787411937e-07
1.794070015338057915e-08
3.267834182187739489e-08
5.554304824793211410e-08
-9.129110603628531060e-09
1.276904537844901812e-08
6.933438128965118450e-08
1.595384559380239446e-08
2.502108150092003199e-07
-3.485697692233283492e-07
9.073260374352782240e-08
7.789558490443747975e-08
1.780560914539658545e-07
1.689375077827867278e-07
3.347049113523515975e-07
1.283008360021963755e-07
2.188749551958749678e-07
1.417193852652982037e-07
1.056736749596990420e-07
9.497886264156745919e-08
1.861448715423662196e-07
9.278954869046588231e-08
1.435185386056597597e-07
3.544525811213929435e-07
4.609837952728122571e-07
4.534656854952086684e-07
1.234922895669456423e-07
1.273328508666484614e-07
1.256350984053425193e-07
7.407488731099097251e-08
2.072304655032673018e-07
1.102693961874847608e-07
3.452915310024766038e-07
7.394298743358045351e-07
1.446056033884496608e-07
1.204389914448742021e-07
1.280558468399226773e-07
1.577347547173016559e-07
3.477897045915136046e-07
5.630352589547120587e-07
3.350302106345784730e-07
9.489867221076507377e-07
1.387218004597110704e-07
2.092301080121846181e-07
2.594977250594816384e-07
2.536034652613206398e-07
6.173375787188741590e-08
6.154738152901158387e-07
1.203666498309850826e-06
9.351539733201651847e-07
2.172226426424649720e-07
3.312671681432391724e-07
3.387993574358530187e-07
5.120697725799918070e-07
4.925416276856432743e-07
5.717589351777824554e-07
9.501926887034305518e-07
6.900627029479789267e-07
