1.984262250956394977e-08
1.229793485254180021e-07
2.108340902412267804e-07
-2.987543161384137973e-07
-4.396330761377253481e-07
-3.988218890958591856e-07
9.563780350305733471e-07
-2.474409222548204458e-07
9.670465448984043745e-09
5.231015286899934918e-08
1.256545004478548093e-07
1.411150366829229590e-08
4.346138775092614935e-10
-6.539076889437695241e-08
-4.120366865647246197e-07
-2.522263281155976007e-07
3.963986248860328463e-08
1.086555886775341153e-07
6.683907098881379169e-08
1.826946860559559576e-08
-9.388050901381048610e-08
1.060165991712967735e-07
-1.369367414249154452e-07
-3.146841903256100677e-07
-5.972412755636874422e-08
7.922301697188414706e-08
-4.336637381407042433e-08
-1.159985804969881549e-07
6.277521690437202933e-09
2.627112101588305855e-07
1.819008884931687864e-07
3.719317128572044488e-09
2.793963876219604744e-08
3.765992117174977279e-08
1.262597664431477246e-07
-4.013233621073087142e-09
1.115035410968959962e-08
3.023828108754115826e-07
-1.654761018039352372e-07
2.249301262912766545e-07
6.305094410397745857e-09
9.493768996042059879e-08
3.419927210736611922e-08
-1.128002679072626345e-07
8.714322539797305404e-08
8.109585598476717864e-08
2.695125332890077072e-07
1.188665306237510297e-07
2.832497810481795830e-08
6.807649379444649019e-08
7.639859062027313795e-08
1.791631846577249283e-07
5.333419189268223715e-08
3.451432875519052720e-07
-3.139997127079545777e-08
-2.805317156942223922e-07
3.001792790006379850e-08
1.280904406594632041e-07
1.155938405835349184e-07
1.040549230652301525e-07
2.223163144014647826e-09
1.509213811069807221e-07
2.531470671240593721e-07
1.746598184218897255e-07
1.327027643734619663e-08
1.101261400482369460e-07
1.393800703874531034e-07
3.985346062768520984e-08
-6.482727607177497531e-08
2.196759293760145169e-07
5.024517319679427532e-07
5.869407785213653524e-07
3.633718899950343398e-08
1.181681520243095000e-07
7.947368898136850209e-08
9.120453275514146439e-08
1.951280401871566263e-07
1.071838255123112180e-07
4.500199774961384034e-07
-1.922908902271328733e-07
6.554631704137402102e-08
1.555398887645901113e-07
1.557404940466850503e-07
1.607939062562738484e-07
2.253366338430239339e-07
4.270330833302334694e-07
6.213022089292801117e-07
6.307354185546116542e-07
4.689560772782739561e-08
1.218121256255254498e-07
1.889633854266618408e-07
1.954264381273654787e-07
3.094893881246280379e-07
3.104387559526341356e-07
3.573453030352950310e-07
3.971196098004824612e-07
1.058672730139141592e-07
1.072697708904125153e-07
1.966351153005884419e-07
3.293898343249113501e-07
4.107622346753598673e-07
7.122721992456599837e-07
7.239622048326414141e-07
7.761866222443693685e-07
1.517801161622559874e-07
1.777209117212047489e-07
2.390929600233501534e-07
2.879053220128181624e-07
3.524722238146995254e-07
6.939119751731762719e-07
7.888608689255396763e-07
2.226496101385645449e-07
1.377252334400427967e-07
2.145737422295577243e-07
3.111323245539461211e-07
2.174169560326035354e-07
5.257044072843984069e-07
8.198355184389765803e-07
9.886837072881341754e-07
1.456233844337186113e-06
