-8.390497656776179209e-09
-3.867591957163602564e-08
2.085184512747082262e-07
1.403266225463217870e-07
3.108001410830875122e-07
-6.136149969873594310e-07
1.000899267863829409e-06
1.213761163440018496e-07
7.141915914974763655e-08
2.558529019166652954e-08
1.142955984923615422e-07
6.594609678189511226e-08
-3.926319171492729024e-08
3.031713083993490497e-07
3.384916470944138404e-07
-1.904251513877949416e-08
-7.695287634968212811e-09
-1.077834601334559642e-08
-7.203538869306455312e-08
8.775045112418196161e-08
-5.319372032168021351e-08
-2.420620094946999249e-07
2.055634922392765742e-07
-1.615923346602890253e-07
2.528674666725008688e-08
7.497530896710063542e-08
4.368310817288648153e-08
-2.228713447213761007e-08
4.701492559141937483e-08
3.297211073891301215e-07
8.818819624550931501e-08
6.501615435506319574e-07
1.640971424585317660e-08
7.506029322357081524e-08
7.428937174442426956e-08
-1.333643849540170125e-07
-1.215229749473751509e-07
-2.315856661090001430e-07
2.235581063534702203e-07
3.858386239786085047e-08
1.449400847115579185e-08
1.722571758889694076e-08
-2.008004114653394203e-08
3.025819657260735666e-08
2.420160726948353652e-08
5.912292901505601059e-08
6.808676962393843636e-07
-1.773695946253566584e-07
-2.362290315903695207e-09
7.227479599210068140e-08
4.161059507653243221e-08
3.305292780548261767e-09
2.031033737123528214e-07
1.142660064347493159e-07
2.548798314601181295e-07
1.584982181988012442e-07
1.508436498502889961e-08
6.639390592989504875e-08
7.057584499369120897e-08
-4.346725387404773231e-09
1.710625199756355014e-07
2.193837491399019871e-07
-8.413961667584160087e-08
-2.135666525090394356e-08
3.201669479512405823e-08
3.838380954716486439e-08
6.753746431633937669e-08
5.988302328872937639e-08
-1.117963051916894573e-08
3.005434820131604516e-08
2.408577569554960590e-07
-5.038027420511271655e-07
5.821921556902997667e-08
1.275720395460227776e-07
1.993508224461803347e-07
1.959515391732497651e-07
3.059255736088403694e-07
3.876453882229106490e-07
3.374317988619776611e-07
3.829227757370139535e-07
5.946161142457575293e-08
9.062359398517534947e-08
1.719090610306701272e-07
2.191143287173824691e-07
2.221755836410241979e-07
2.863651715799544545e-07
4.157940410361691942e-07
3.753160785788691608e-07
9.538375080591310621e-08
1.516917460341082808e-07
1.067192050047358341e-07
2.129875164240425529e-07
1.107167834081855793e-07
3.214346652759757966e-07
3.615070842552592775e-07
7.887619463232146388e-07
5.946830489335942030e-08
1.187848406654310321e-07
1.869835931946057481e-07
1.261390283194301115e-07
6.343479702409598637e-07
5.128228436864427517e-07
2.396170937388937472e-07
2.248454475011352439e-07
1.114982670777860789e-07
1.657833301818099598e-07
2.374993155838783452e-07
2.698051276193104790e-07
3.845865069359181059e-07
4.871125808908340408e-07
4.282692019896338783e-07
5.842714555399595362e-07
1.812951930074060013e-07
2.093330302469691471e-07
3.281516734243093139e-07
3.709528207819508882e-07
4.478729998706017178e-07
9.112901118459024578e-07
9.711031738060586575e-07
1.212297651569227183e-06
