1.401792925146553141e-07
1.313447370920646345e-07
2.258105220255092800e-08
-7.925567573750890453e-08
-3.091101784334425387e-07
4.963391585234024890e-07
1.464753017545055560e-07
4.402784961990904549e-07
-4.019215180250162472e-08
-1.324943719662147058e-08
1.318108596311585601e-09
-6.890799350534181355e-08
-3.832729804041239063e-08
-1.117859328461609507e-07
9.135861053631112945e-07
4.679258174998384851e-07
-2.052097462244425959e-08
-3.132362727813687369e-08
8.667472940904104770e-08
-1.053033814109355916e-07
2.460568045162261104e-08
5.338501720216711737e-08
7.015833015946491539e-08
-7.434852693286562875e-08
5.245904935379835559e-09
-1.631838447339257035e-08
-2.539021852733715743e-08
1.117713182415283654e-07
3.001000763547521734e-07
2.308365260301915022e-07
-7.191526146876762022e-08
-5.770214007334149761e-07
2.260668259186446686e-08
6.750220825136709025e-08
3.815905484091150147e-09
-3.662928856474078382e-08
9.901374193802559651e-08
-1.183559536772390051e-07
-2.556792849007444386e-07
-6.686303764315571587e-07
2.485760026567785104e-08
1.181434509684574685e-08
3.509495365024640739e-08
2.547945883451165604e-08
-2.032860861104896831e-07
2.652620305672712918e-07
-5.591309492196953121e-08
6.175770287765205455e-07
4.719464271740563736e-08
2.758601745957948546e-08
4.168741295081965636e-08
1.104592548545770643e-07
8.970931851026415013e-08
4.846322467129347017e-08
2.869161942853468599e-07
2.684637828842797564e-07
5.372437730926847408e-08
3.617788077211927839e-08
-6.513171802670653848e-09
4.514798352165240682e-08
1.295332314501322772e-07
-1.191172379958980943e-07
8.049101904194548714e-08
7.997254993932820623e-07
4.974594916802488798e-08
5.398837717117722365e-08
3.714262632576287978e-08
-1.748801395660180570e-08
1.823729703461106705e-07
2.042972967668377021e-09
-1.731278148520288275e-08
1.928302059600811037e-09
6.349062411284920212e-08
4.533115735638122240e-08
9.090401409468265550e-08
1.329284820664314034e-07
2.170862485205133817e-07
1.436470177515769378e-07
2.411331590073835998e-07
4.590784569212569782e-07
6.320202447696807099e-08
1.019666632059586130e-07
1.920853396763508863e-07
2.188679920230746819e-07
2.366586263648660016e-07
3.936820723539140963e-07
2.485208078208725138e-07
4.987118327975138380e-07
9.766320351639815033e-08
8.690315381528871317e-08
4.992547168235058477e-08
1.979239616172886376e-07
2.727585869253006655e-07
8.533143545193850662e-08
1.430202304792922764e-07
3.570586464352243294e-07
7.112677428025779092e-08
9.598189695330994489e-08
2.183792480118530077e-07
2.080237577373547826e-07
3.345660677528720378e-07
6.667690561355179637e-07
7.437415768632499364e-07
9.848534272462854421e-07
1.519428937015628025e-07
1.711745446658277541e-07
1.842269748045628584e-07
3.483310353793416329e-07
4.950695738337074100e-07
5.243393932960466613e-07
4.810952179780535395e-07
7.695370305514066633e-07
2.228012094350451494e-07
2.951802140865745582e-07
2.435321120230355862e-07
3.574275877776218002e-07
5.988364434136854339e-07
8.132082843895885520e-07
4.393995317040193981e-07
2.794608476931735328e-07
