2.668180907965463984e-09
-6.385712281397796940e-08
-1.188496441783050688e-07
-3.750245090754703747e-08
1.036691648761927044e-07
-8.701015471555744515e-08
-1.077047422837485501e-06
-9.440504940628058039e-08
1.222044839473859718e-08
4.143272260917035464e-08
-6.391424144066294818e-08
9.895865353548585635e-08
-7.042756249277796042e-08
-3.574275975091110158e-07
-6.890605207729597682e-09
2.011124540003924280e-07
2.082683440163928533e-08
1.183898389100784612e-08
-6.895167339297925433e-08
1.100454381050176638e-07
-4.780825008361200590e-08
-1.751336625956067843e-07
5.496159046728932423e-08
3.682379843014635918e-07
1.078339219786892197e-08
8.958663025458520990e-09
5.304423806345578904e-08
-1.079330320145308780e-07
-2.133556379177582279e-08
3.227187357385216055e-07
-1.721018643237697657e-07
3.045309030175092641e-07
-1.213415366415265149e-09
-1.423879075785544439e-08
1.389914555937039313e-08
-3.044211068179179209e-09
-8.646033968010584178e-09
-1.631444873892544555e-07
-2.076775708681998147e-07
2.647717496197022739e-07
2.574413862906162096e-08
2.458413683664672916e-08
2.302957780821434636e-08
-1.921277468007187640e-08
-1.240654875597652562e-07
-1.332800252411373870e-08
5.727461745306544499e-08
-1.232057503476049593e-06
4.503804485201147289e-08
5.342144547564520918e-08
8.842259396382031778e-08
1.254459074891363582e-08
1.209138695165963100e-07
2.944830748131493077e-07
2.079987921790262848e-07
9.865090692496064433e-08
3.475913073428676285e-08
2.629697421241373656e-08
5.312147260566380966e-08
1.184206421035027646e-07
2.055520800928057594e-07
2.042977846554028120e-07
3.842214695973299278e-07
-1.013382429068161174e-07
2.995867741970060681e-08
1.115535319925906361e-07
8.579602476997635212e-08
-1.905317702402439428e-08
8.799775341023763961e-08
3.420130028107820157e-07
-9.183762086654840389e-08
-1.642185743819296833e-07
5.182015579218661423e-08
7.403626686180832606e-08
1.229987313097759154e-07
2.052623016984190400e-07
2.973706148915894470e-07
6.727104776141879606e-07
2.582849402130710655e-07
1.911206576998447015e-07
5.911455249426614437e-08
9.282264312126562950e-08
1.470649987529896780e-07
1.603183275852383980e-07
3.260916238396454848e-07
2.554115701094338109e-07
5.615226518228979573e-07
4.330619007643859291e-07
6.574485126381783424e-08
1.406415725984413294e-07
2.164916803163522552e-07
1.749597160711919828e-07
2.264941877551547605e-07
3.277943966146380869e-07
4.009142675415744186e-07
3.406517323743021183e-07
1.244245002660592065e-07
1.811866067746192998e-07
2.089121792693551528e-07
2.955774893339857800e-07
4.753033065731195414e-07
5.871517126187254104e-07
3.232717755499790111e-07
8.278288051865354235e-07
1.355867339318873507e-07
1.704992126418444552e-07
3.270879656203971880e-07
3.629350873437404341e-07
4.540795707940333303e-07
4.560662732706423924e-07
1.123381980252706748e-06
7.541074632646310685e-07
1.554278385227410913e-07
2.346533282009473193e-07
3.168660077710990100e-07
2.916752100005820344e-07
1.688997915892994759e-07
5.274791516095606958e-07
1.471738811363776613e-06
4.024200895442260055e-07
