1.308541904877549124e-07
5.535138386060951240e-08
2.929351310976607094e-08
1.569917258137121159e-07
-5.914071418340867154e-07
6.191861994553625339e-07
9.045515404677786679e-07
-4.929127088908628930e-07
-2.887838387065928216e-09
5.438687482283383346e-08
7.330394130467907812e-08
4.031699683548018715e-08
-2.278833828601993192e-09
1.634668483030344759e-07
6.119181333182432947e-08
-2.127507149446559745e-07
-1.340778863765997700e-08
-1.214609117326415378e-08
1.713624762923883112e-09
-8.058689695493762470e-08
6.858857891343879252e-08
-6.018361815680043181e-09
6.146828249962769987e-08
-2.720173670244713122e-07
-3.305210919160388071e-09
-1.405205555541032968e-08
4.020432502432958700e-08
1.130381138668100771e-07
1.518171866724698746e-08
-1.529991494256560163e-07
2.812022797395147261e-07
-4.413215368147631596e-07
4.481309916257353574e-08
3.387037093190919257e-08
-2.353029829879021897e-09
1.012226194056576179e-07
1.935889877678566283e-07
-5.004415175220727245e-07
-1.603990466415371036e-07
-8.056078024472606795e-08
-3.467449706677230167e-09
1.335727777806848824e-08
4.153656887080053748e-08
-8.007356020664984555e-08
6.337262426586277768e-08
4.900851317699472013e-08
3.598235538857106153e-07
1.128663978574403403e-06
3.968490950951240857e-08
4.444196569471711424e-08
9.723099663647488100e-08
1.396361122082939016e-07
-2.626738085484633146e-08
4.016319077231191073e-08
3.829131762004011253e-07
2.647374580481856039e-07
3.281330053202993109e-08
7.061242014754967069e-08
7.027124065238569394e-08
6.133948895269534526e-08
7.345454830229198339e-08
1.513631678390346009e-07
2.683904424972193499e-07
8.541100217988511851e-08
3.018823586947107919e-08
5.678057544920064758e-08
4.617815060965940823e-08
8.520537606776413303e-08
1.761791730910020942e-07
8.602833415117337318e-08
1.587698655702150345e-07
-2.147389170279251589e-07
7.163445829949069192e-08
6.334724527678663046e-08
8.943541816281801054e-08
1.087146043916800493e-07
1.237222164608199804e-07
2.816765952050431200e-07
2.408987162898248108e-08
6.940539102434369449e-08
4.949295598590739446e-08
2.940261290577399133e-08
9.567168947356174255e-08
1.923985436725730232e-07
1.686632714298310082e-07
1.604793283209154150e-07
2.344528358922961633e-07
2.215975574075282548e-07
1.293327608447878206e-07
1.524674097813578368e-07
1.493339212494864180e-07
6.107157293129857915e-08
3.533859515158934564e-07
3.232861206251374589e-07
6.065041242149144560e-07
5.930812514011263746e-08
7.515649985598469423e-08
1.346328227041237203e-07
2.034809974340888574e-07
2.834454060224431157e-07
4.712437391185850234e-07
1.698262033596583123e-07
1.317709576060290438e-07
1.873673457364015707e-07
1.055142687743078040e-07
1.275514278790615549e-07
1.849611904437238594e-07
2.005099195324285101e-07
4.490588848405248231e-07
6.057137052628243001e-07
8.449093427019316063e-07
7.230929436101963216e-07
1.990511405521127825e-07
3.338188413647767358e-07
3.919532372611307305e-07
3.633274057755601168e-07
5.741821506037704722e-07
6.047998731760102487e-07
9.140881564065433984e-07
1.384547125420334588e-06
