-7.933337068941871598e-09
7.048738804317050893e-08
8.187057690952215727e-08
3.876003852933895252e-07
5.786785016068723255e-07
-1.585293572328310940e-07
-4.123468784943638054e-07
1.102748531424031909e-06
4.036787721667800110e-08
3.451463384815515391e-08
5.054641147696871617e-08
-6.462514935701580693e-08
-9.634311266250670106e-08
-1.112575055737184112e-07
-3.746302927724531395e-08
-8.696503864955088007e-07
1.446073316337265149e-08
5.902623385746983918e-09
6.052106436290636635e-08
1.440693483521320669e-07
3.740441569351910984e-08
8.491800173312003578e-09
-1.869229153317903708e-07
6.124723095391032143e-07
1.780563105306194778e-08
-3.019438978319387447e-08
-1.839358528117519000e-08
-4.472932535364832313e-08
2.759747401625648308e-07
5.227285601251778514e-07
-3.426296896813422401e-08
7.269106071615254446e-08
1.004173661366062338e-08
-3.444086871441295381e-09
6.917747598603974974e-08
-5.821737301946481802e-08
1.989709488506011649e-07
3.383142364874365216e-07
3.975527685735370649e-07
-2.157598315000222266e-07
3.673263846335634324e-08
1.016989518789110295e-07
-4.783567489735207865e-08
1.752305900736076769e-07
2.220954395035379084e-07
-3.901640129818163133e-07
1.717137335649970577e-07
-1.527686929191824501e-08
4.330499302285284708e-08
8.785686320815138176e-08
6.130843685043234407e-08
1.677371859781629098e-07
1.147834159454148574e-07
7.539599009993596375e-08
2.849753485458664265e-07
7.425158946269960907e-08
1.880585341919272040e-08
5.509944579724822396e-08
3.264382733707532418e-08
1.005487166467601179e-07
2.314838453137992408e-07
5.456319229532026576e-08
2.386115779690017149e-07
-1.287799316041006491e-07
2.884651261282256373e-08
9.904977125094697712e-08
1.054191031133634244e-07
1.112241906622814609e-07
3.005238203798440178e-07
2.202506786079726428e-07
3.347552708464015460e-07
6.036007806547114719e-07
7.517655179844724121e-08
1.202133486139543991e-07
1.149710466220361139e-07
2.568785437530095010e-07
2.705309699963313408e-07
2.793704655376993593e-07
2.776671285119930704e-07
1.789446767318742466e-07
7.781418744552515690e-08
1.044439858904286593e-07
1.454990529900093838e-07
2.071439378979423819e-07
2.778734004118435502e-07
4.856111812186959277e-07
4.922236878586445815e-07
3.944723960082086168e-07
7.322779039930761510e-08
1.039363912188054589e-07
1.817118328898926611e-07
1.331624108396166079e-07
2.526346556802628053e-07
1.891481016924099314e-07
1.238854677936814659e-07
1.743307858422807371e-07
1.058706125693704824e-07
2.025611711806839544e-07
1.928569610988160368e-07
3.585388205495106533e-07
3.748405756586913678e-07
7.891414006987321231e-07
6.330631096038842325e-07
1.053149909910756313e-06
1.319946980871547948e-07
1.715183966755240434e-07
2.451793694022659156e-07
2.572801557272104668e-07
2.462027044848996636e-07
3.703469897798939004e-07
7.380938880708217306e-07
7.729400077031385769e-07
1.082143210606659474e-07
2.513462804513068730e-07
3.212140691959773702e-07
2.933234871320491859e-07
6.078140669512881118e-07
6.852471169514895190e-07
6.715150814904554931e-07
6.217341630434691580e-07
