6.697656170880492639e-08
9.840074495456230416e-08
-8.210170963452945988e-08
8.605266872053438313e-08
5.424179362163413597e-07
1.250075329067764308e-07
-8.598921748826295108e-07
-5.443219986824185407e-07
-1.606988518437594865e-08
7.720283261217991301e-08
6.824959697025965374e-08
-3.941966320552332660e-08
8.791906374290475006e-08
-1.512024267287187397e-07
-2.947962963938112167e-07
-4.337579513624329239e-07
2.431745764637231317e-09
3.355184435180848892e-08
-9.838681121543924559e-09
2.674998106710903261e-08
2.894056614006056406e-07
1.528889890558743959e-07
1.026424821750061539e-07
1.617645974202721921e-07
4.237764340192688035e-08
4.479626451688356977e-08
4.457219051991361872e-08
-1.098024560537968418e-07
-5.445717309548878503e-08
-1.007838741544089089e-07
5.913652777334540221e-08
-9.309872010064012248e-08
2.573963470047368520e-09
4.489597650019968927e-09
6.654870397731371886e-09
6.436769921144117293e-08
-2.636797481622136271e-08
1.606055115703514369e-07
1.851302033943589651e-07
-4.333125922486466666e-07
-1.804936919227405723e-08
3.632004240557268660e-08
1.070937581893233796e-07
-4.854397497878814078e-08
1.741093883494727896e-07
1.988206963271723122e-07
-3.340844657950066831e-10
7.702682024388020473e-07
4.806387071387365482e-08
4.617625785471349317e-08
4.608732437961117435e-09
1.292807254964118773e-07
5.330070802681401398e-08
1.299092736320349813e-07
2.134695399057485701e-07
8.938199458948768670e-08
2.996508815877118313e-08
1.180420625438694320e-07
1.167920738856675142e-07
1.402644335984202542e-07
2.408548382442778067e-07
1.843136934980778359e-07
2.014652626985424420e-08
-2.958048204722966805e-07
1.374452517642360803e-08
1.478465951752536846e-07
1.234609013680389997e-08
1.021467507583468386e-07
1.423891828149133690e-07
2.759507162191933160e-07
7.109000156963104169e-07
-4.721144227973525164e-08
5.131594288941798204e-08
7.784583204322904820e-08
8.961618343691406192e-08
7.651910188698102705e-08
1.480341259474896957e-07
6.291708954277655408e-08
3.123294843555499933e-07
2.814415399639799624e-07
1.202007248274600376e-07
9.927620480420385841e-08
1.893819570424810292e-07
2.036607990925782644e-07
3.832849302636839685e-07
1.896850172380302372e-07
4.380551564028734841e-07
-1.871282032975947574e-07
9.964853054090217417e-08
1.468406367041996748e-07
1.578207676130274126e-07
2.615459087005213295e-07
3.832656428568809599e-07
3.093379406503880887e-07
5.616631588628420055e-07
3.892941482107623106e-07
1.271684714457120246e-07
2.054568038160182120e-07
2.834929373959566347e-07
2.139202276012308172e-07
2.604954147331195862e-07
4.504085393408494084e-07
2.193241179556354751e-07
8.973046982022310915e-07
1.157859164710695799e-07
2.391186778233757984e-07
1.982832639027291791e-07
2.935493990718483738e-07
4.699679041219150792e-07
3.686740013142547689e-07
2.254396268248194608e-07
8.068910080328577296e-07
1.262358032516116859e-07
2.427125417869992094e-07
3.360483181044365499e-07
4.066059873721957141e-07
7.522255263275317884e-07
7.332908407346052585e-07
1.001046414746819469e-06
8.680568354427055939e-07
