-1.866063501063894418e-09
2.685151418732869332e-08
-5.485951660384869370e-09
-1.161745745249970388e-07
-1.704117022213128828e-08
-2.957414892079339639e-07
-5.858123771321040750e-07
6.712577949171751451e-07
-3.653158001033266469e-09
-3.955491225511448600e-09
1.491747617820761253e-08
1.333596332365112029e-07
-1.033842042554577188e-07
2.581375217432237801e-07
-3.584627873989897810e-07
4.655625196559953335e-07
-1.141365958784244298e-08
-4.568455046499635595e-08
7.701344806787382210e-08
1.440105637146550462e-07
2.699867274035932891e-07
5.021499481525926048e-08
-1.117868955694493019e-07
-4.337620250921447716e-07
-2.775048766596904046e-08
-5.167173314397637602e-08
1.061441054913173693e-07
1.549491830217237701e-07
3.174974952607766122e-07
3.487894838703881527e-07
1.338260384392218431e-07
-1.077955038095217540e-07
-1.698035694066742173e-08
-2.853614149287978347e-08
-5.195403541675967638e-08
9.169993094550935976e-08
-6.273096222084197911e-08
-4.755280823564432709e-07
-6.205790624796130051e-08
1.118295780755096090e-06
2.534637550759479490e-10
1.357117170772769635e-08
-1.239285740533057825e-07
3.117702055899913705e-08
1.034259734042062636e-07
-1.489580032672251707e-08
1.120917072055651574e-06
-2.049580487634280591e-07
3.077047595449023970e-08
3.257151662151355510e-08
7.340723961222471740e-08
1.589721578387802948e-07
1.757620769296851453e-08
5.280733172120204779e-08
1.148549076292799260e-07
-8.624189593194977555e-08
4.703769011461603944e-08
1.893952699557493540e-08
6.886931798069514795e-08
7.831457214800020675e-08
8.703409037379456023e-08
6.324809892973708187e-08
3.395315055679151865e-07
1.870491017841487633e-07
6.115068162340806704e-08
9.813540219844311782e-08
1.064642371928022407e-07
1.588934824968703410e-07
1.327799000445342491e-07
-1.395287308014547180e-08
2.094804757637281267e-07
1.118976894639557164e-07
6.048171658908478689e-08
5.767846237348263820e-08
7.908336896428425622e-08
2.970116790987212002e-07
2.779341101955293315e-08
-4.809131919373617760e-08
8.281868846246450615e-08
8.059053071623041299e-08
4.683627366704704300e-08
1.270070320459789375e-07
1.055310651021220819e-07
2.492888119647125108e-07
8.057508690169130786e-08
2.954840644218721392e-07
1.615040216561428609e-07
3.748897686629951303e-07
9.885261993509442269e-08
9.736361880960170255e-08
1.341869129555820533e-07
1.960848739049581567e-07
1.055961972965150944e-07
2.398223495487706076e-07
3.983808245245556151e-07
3.528500695730397838e-07
1.289595272913445950e-07
1.828464866334653531e-07
1.527187167427390854e-07
3.667974668941935664e-07
3.473054909361624154e-07
5.663671769872197935e-07
2.536967952858821126e-07
1.057841535325759830e-06
1.331594290983207018e-07
1.929888793120215727e-07
2.510123122954054848e-07
4.002864035781804757e-07
4.313147145635593055e-07
6.057028243346076117e-07
6.385372170170146836e-07
5.553484355890009239e-07
1.962310528230634058e-07
2.587079949949830218e-07
3.429504144744595795e-07
4.344691563709492989e-07
7.175631554493126348e-07
9.022725306459757124e-07
1.045859364560420071e-06
1.041770097017969141e-06
