-3.417393186126770485e-09
-8.265636220498011906e-08
9.947212654398366932e-08
-2.007414651276839997e-07
-1.885034666429283945e-07
-5.642123757743743887e-07
3.950923167143529221e-07
-1.491106092343311004e-06
1.595286237312499764e-08
6.296345148585442014e-08
7.580615152148195096e-08
-5.583895133818079157e-08
1.038501417795324703e-07
9.419082912521427457e-08
3.345947362893604917e-07
-1.139685956871813059e-06
3.561477739653744525e-09
-4.669972416460945738e-08
1.426829414573852703e-08
1.660319646418450681e-08
-4.022304575641525163e-08
-2.654810276130615216e-08
3.076852519735300678e-07
-6.477939524350724861e-07
1.835348773776927580e-08
-2.940227956392066863e-08
-1.281329948252715902e-07
-7.061590620475061907e-09
8.084468099674666675e-08
2.906847176851386577e-07
2.976116564599027339e-07
3.165275922920606555e-07
9.241056269654324267e-08
-3.942422743719905251e-08
-2.732736133856977907e-09
8.511397998583444327e-08
-3.842508169564314330e-08
-2.725192867153248943e-07
3.061528073879965605e-08
-4.041851725104593014e-07
2.846161901116015341e-08
2.512879818003355218e-08
8.870805972558039184e-08
-6.989188384362595627e-08
-2.666324668297621551e-08
-2.464342418212341194e-07
7.090536775623873770e-08
7.496842164112184230e-07
8.076042534487028143e-08
1.308130720524686267e-07
2.676534081113969216e-08
1.487932043598866438e-07
2.548351527087451975e-07
2.657961288539592359e-07
1.440479903660367755e-07
-1.520486540388867295e-07
9.504925537764229900e-08
1.365068747124533207e-07
5.473647956548691656e-08
6.499717966308377860e-08
2.789502465769498601e-07
1.887231400037870514e-07
4.039575553305225762e-08
9.949692541949495715e-07
7.566657061072901956e-08
4.594005102484481916e-08
9.262384966028526828e-09
1.089517494171705801e-07
3.099099095470491759e-07
4.984263731810945015e-07
8.279405344352584074e-08
-1.511433899698095529e-07
9.384356439798925286e-08
8.542789443006630314e-08
8.063910362182806379e-08
1.289915361021831221e-07
2.619266055093895572e-07
2.532449358932242128e-07
4.991632103797192340e-07
6.165847373122417131e-07
9.662615328098346715e-08
9.649613633855929034e-08
1.222326555349613125e-07
2.535236849108310249e-07
1.850473841904598507e-07
3.199080369658579914e-07
8.769508085080019689e-07
9.401456245223921309e-08
8.967285762277451163e-08
8.296270174886112768e-08
1.458584218962382824e-07
1.458041701825720832e-07
2.713481350943294161e-07
3.816832369748610184e-07
4.585360474879985863e-07
-2.206720151601360062e-07
1.295683802043753533e-07
1.220081731703493192e-07
3.168846184324718211e-07
3.842708638152149417e-07
4.956363424153801681e-07
4.034893073440216864e-07
5.338377804087750446e-07
6.212360156499471937e-07
1.451438285150226910e-07
1.463806489127139062e-07
2.774098545782019418e-07
2.573044182856010272e-07
4.747923377488789668e-07
4.397603994946117935e-07
9.294426630500593445e-07
5.047196345392602220e-07
1.880649137546383144e-07
2.455338049985247210e-07
4.583790924507015138e-07
3.281049067160293381e-07
4.115260413216221341e-07
1.043222813643763761e-06
1.086115691535664404e-06
9.453034932413643075e-07
