-4.795981542381052268e-09
3.333638965976398452e-08
-1.153347343737727645e-07
-1.373394564474111899e-07
-5.682048855391888327e-07
1.387699586874223180e-07
-1.543597853641558767e-07
4.325277671326451697e-07
3.677083060109796094e-08
2.578713961824599898e-08
1.159308481999690855e-07
2.534530981454706539e-08
2.621109304624142858e-07
-2.369636249979417031e-07
-2.521187059019907721e-08
-1.174648571715239045e-07
3.828923436708394387e-08
4.844525257421615742e-08
5.746700014644033103e-08
7.301256125413515197e-08
-1.200651599174074136e-07
4.173692565812498362e-08
-2.142325378399557732e-07
2.318784230520749828e-07
-5.522986667788496676e-09
2.427927388888389845e-08
-7.693388116314927683e-09
2.258456056397881712e-07
1.885961887053160473e-07
-4.639698462449826430e-08
-2.333705217757079178e-07
4.991887251295911365e-08
-5.110171728134109582e-08
-3.907212178081012764e-08
-4.105895773829210169e-09
6.292488443427689438e-08
1.455373554879793921e-07
3.511597435319529400e-07
-3.762738643818267110e-08
1.442637374007462423e-07
2.362238724593251459e-08
-5.184844920520367384e-08
6.210295251973497767e-08
1.200276287073340483e-07
-1.275858804652360523e-08
3.167241151928282065e-07
-1.548659725310832882e-07
-7.712522386510418246e-08
4.199298000582442135e-08
4.068270474834683199e-08
5.797667694588605266e-08
5.749608216394521926e-08
8.012191954731379818e-08
3.836042755172955577e-08
-3.876523951480334198e-08
2.437962107823559620e-07
4.082762225300553055e-08
3.527029801663984963e-08
5.304663100678453205e-08
1.987135047745255663e-07
9.699649657701955934e-08
3.980162336557973197e-07
5.556389752429098375e-07
-2.888809445809629180e-07
3.448781676727603221e-08
2.594803151422869132e-08
-3.186452504207870282e-08
5.001837064481638813e-09
1.318438802715768822e-07
4.058857148506460263e-07
1.921067231152079839e-08
2.693732640937435360e-07
8.680311304474020028e-08
6.265924160624033297e-08
7.375063900331520475e-08
1.180134752833294258e-07
1.334208024559064681e-07
2.758555512366112864e-07
5.160892569719034034e-07
2.839744307052778513e-07
1.127101220103995270e-07
4.288188399541777925e-08
6.430272427939529484e-08
5.286623323566594345e-08
1.339861107433873437e-07
4.912800055458207859e-07
2.171675582083131297e-07
5.228304870811707937e-07
1.119852111162823019e-07
9.497496655518088715e-08
1.449538288639870796e-07
1.615301835901231361e-07
2.613732372064609524e-07
5.197679375539267604e-07
6.310216352475802100e-07
4.218578327026599044e-07
1.519738544992962312e-07
1.087762531796609675e-07
1.489679961126663401e-07
3.117841132540904495e-07
5.863290595285956334e-07
4.075271619117075874e-07
5.795423690643222833e-07
2.446083546241468443e-07
1.399645609775680979e-07
1.902662317724313496e-07
1.842463614470934307e-07
2.253785826641747485e-07
3.320581086308484232e-07
3.778886678042242061e-07
6.402375946232280242e-07
1.112599598867140842e-06
1.977152152764989829e-07
1.989770428967110482e-07
3.279766813331701199e-07
4.244399591598362994e-07
7.253807992077978161e-07
7.764163590528114860e-07
6.471422830252799958e-07
9.005876317162043961e-07
