-2.428164819978610003e-08
-6.356700908338750408e-08
1.589913289310853462e-07
1.884768644745700715e-07
2.569419292709678310e-07
-3.398164021666355801e-07
1.396059753712536158e-07
-9.357903584951131698e-07
8.007445619481908267e-09
-3.319570904041941117e-08
-6.407614885108791072e-08
-6.602768838913315026e-08
-2.016986810580797978e-08
2.244614005258065372e-07
1.576176660980447602e-07
7.174300810631494449e-07
3.332135875442154054e-09
9.814853824867645162e-09
2.716237246259692749e-08
3.189754337643073470e-08
-1.213993141669297740e-08
-2.124640798885082443e-08
4.291829308114535632e-07
5.629195218552947183e-07
-2.894865888904806464e-08
-2.911219687463775018e-08
-7.010700463094676416e-08
-1.619685683255009781e-07
2.272060351979782790e-07
-2.314884027896824015e-07
3.356182623101238873e-07
6.743476828315363825e-07
2.719077715854684635e-08
8.006277655142805890e-08
2.873517386249008534e-08
1.236711801517738919e-07
1.536107403809506673e-08
2.489515613356912409e-07
-2.914879707834238629e-07
7.993939580218292545e-08
1.713636025716888179e-08
1.001004266579229684e-09
-1.115982818202804883e-08
7.415738239668459034e-08
1.990342406145657387e-07
-1.589980225387628028e-07
7.244708642487206228e-07
4.239669658382529273e-07
2.616979975922269022e-08
3.002465363482155882e-08
8.800169871523259488e-08
1.661486148902185949e-07
1.480399021587216487e-07
1.294620573902734412e-08
-2.467015327252440661e-07
4.174637240341519349e-07
1.785317772516545129e-08
9.745849099160361974e-09
1.702324543982647980e-07
2.342990064802062392e-07
1.578835678754222925e-07
3.501159281114504910e-07
6.278976161603237348e-08
2.368613878456451832e-07
5.934879493042309418e-08
3.672428556647086604e-08
-2.019352269485875528e-08
1.027893977416346183e-07
3.001218823034115042e-07
1.212727551879081859e-07
4.058094151845412163e-07
-2.930914142116928896e-09
7.174539185464389607e-08
1.012868955271933745e-07
1.320869068216012727e-07
6.253568847523384841e-08
1.033622642880647756e-07
2.650982332739170687e-07
9.235957151965240374e-08
2.626002590610721033e-07
9.026491279453914545e-08
1.304146266716003140e-07
1.235731055141972017e-07
2.719317842837750294e-07
3.165551629492105813e-07
2.257206438247770395e-07
3.280559104556570071e-07
5.989573759061959404e-07
1.169087494470069679e-07
1.079294785553284454e-07
1.284843974869184896e-07
9.861025574844513424e-08
4.418756179124164984e-07
3.712559351525517208e-07
3.630121893381448359e-07
3.417688691137949019e-07
1.099398170826967547e-07
1.224152183656070525e-07
1.725693818969727333e-07
3.156261633497022961e-07
2.689394944857210800e-07
6.439038563635396591e-07
1.040909535399528317e-06
3.756339590842133894e-07
1.631775384183545212e-07
1.984032510861707434e-07
2.716699348848416613e-07
2.242875971418629014e-07
5.083207963004342390e-07
3.622067823429852252e-07
8.537334410399076899e-07
-1.831463341631276780e-07
1.800577481196657931e-07
2.015970289260969589e-07
3.144794844887728202e-07
3.849393252345115447e-07
4.484916663552186946e-07
7.197692071500488966e-07
6.108885677427082164e-07
4.388651698922248122e-08
