-1.297648558513744289e-08
1.567217664311033711e-08
7.002084571549698484e-08
8.153949002196536804e-08
3.716109142432054969e-08
-2.851929551768276572e-07
8.818080340289368638e-07
3.413565474432312732e-07
6.588703829214279857e-09
-2.444758321607107483e-08
-4.804147313654983244e-08
2.180819985821573534e-07
-9.225802316963053244e-08
2.441104085336966445e-07
3.231195508965200594e-09
4.942560531814287490e-07
7.683537731880667481e-08
2.984988780154821732e-08
-1.602600092474242398e-09
5.626781628808108574e-08
1.447379963758871170e-07
3.490847098852187099e-07
-1.406806669875630787e-08
-1.193578480113314019e-07
4.045267830620911548e-08
5.408189320915727966e-08
-1.972747393920094197e-08
-8.293344046917168201e-08
-1.195525991757999542e-07
6.812306784665576493e-08
2.095379122783169262e-07
3.178942409476165461e-07
1.297913834699913619e-08
5.986782084740100888e-08
1.205232335864774581e-07
1.086367467623446348e-07
2.149627842883554804e-07
-1.197951101879975303e-07
-4.486751478985819329e-07
-8.142408247974241750e-07
7.599369866605853647e-08
6.104188633720745754e-09
3.550392400338842336e-08
2.461559093925508663e-07
6.477972969591988522e-09
1.782951838233182464e-07
3.020807633903506115e-07
-3.571699224814193246e-07
2.797451709254261667e-08
8.409917989230347513e-09
1.519342723321867308e-08
9.622534510205625739e-08
2.806524197010684201e-08
2.261121827306333142e-07
-1.696387159103227458e-08
7.601622603620239641e-08
2.623484895584141746e-08
4.275829798202490255e-09
1.263338662661012653e-07
3.921065756043469025e-08
2.259980333717871098e-07
-6.074179830805083222e-08
1.522221074577460437e-07
2.964830499773861441e-07
5.367983574402370743e-08
2.063433224734641671e-09
5.893513455858658511e-08
1.139154373151284783e-07
1.841739300131337251e-07
-1.302858039992025283e-07
3.093675945964067285e-07
-1.190870737741330166e-07
3.725439698012347996e-08
4.715999144926900877e-08
1.050988870048698776e-07
1.995224866386735568e-07
3.953313008235056388e-08
2.904895182474876228e-07
3.504989434373914548e-07
6.361653384551125904e-07
8.568423575944123739e-08
1.021507257843386334e-07
1.291180056062539291e-07
8.874306601580097991e-08
2.633292519298827211e-07
4.087243257291886832e-07
8.157094948506120923e-08
9.449127341719692613e-08
1.062740092708262072e-07
1.018221414747321409e-07
1.305540163157684803e-07
2.656298433116214525e-07
2.224178411409048365e-07
3.299848309618087094e-07
3.273821208806685443e-07
6.018248038724643480e-07
1.721539252778008797e-07
2.624031895171849185e-07
3.365725553052849210e-07
4.672443178461216821e-08
5.737425625873681454e-07
7.446064322908999887e-07
8.448350924563740171e-07
7.435719498218781430e-07
1.982390791857688055e-07
2.519505663570021175e-07
2.300637310049712015e-07
2.940552316989914264e-07
3.985559295385204590e-07
5.245032589967106351e-07
6.199765830267406874e-07
7.593524477034033333e-07
2.281241540591979825e-07
2.559323413187669907e-07
2.880480110026997320e-07
4.767133432434890327e-07
4.738124196024016984e-07
5.795809870439048802e-07
6.365279325492945785e-07
9.312977130369287805e-07
