3.152485125850336619e-08
-1.062542867090880449e-07
-2.345717020513647880e-07
-3.265099559804006926e-07
-2.832578808373864554e-07
-3.452328885707388690e-07
2.453351389472322239e-07
-1.479872892225229593e-06
1.776765363889336680e-08
3.964798575322580586e-08
1.002800517458252768e-07
3.463726286982737004e-08
-1.198535838373645742e-07
2.004919360082112953e-07
1.925735561943644071e-07
7.654210595404662177e-10
4.029533644917054635e-08
2.374727696017144519e-08
6.829845152554638516e-08
9.206525386701419187e-08
8.305762207977015527e-08
7.930568392484014682e-08
1.938222444077244825e-07
1.493970008448928037e-08
2.632888396233832754e-08
-2.392575406047123684e-08
1.114377126397752968e-07
-3.808767613947030033e-08
4.332554210680210496e-07
-1.586804883027563749e-07
2.153554851619430356e-07
7.478372957967020771e-07
-7.285747778816588295e-09
-2.004624800861319939e-09
5.638869567443497086e-08
1.529877349232774875e-07
1.346009954451926394e-07
-6.986939922723861754e-08
-1.296966166964602511e-07
-1.199570030532539716e-07
6.806502846282656135e-08
3.806915372313466610e-08
3.694588117355752458e-08
1.061335215679234006e-08
-2.069785560118114716e-07
2.560024249659843991e-07
6.169894812842647249e-08
4.499119733610178766e-07
3.498589479147745157e-08
4.859899816523831713e-08
1.103992449958434606e-07
1.319512225549425816e-07
1.999539537413372974e-08
5.550424826608328207e-08
1.947377203112022307e-07
9.212517772348238519e-09
1.918402696609535257e-08
7.830455900849218071e-08
5.795705580649583812e-08
1.031386406806947866e-07
2.787344389198630242e-08
8.724675928712788981e-08
2.175070740253029062e-07
6.873161779255163652e-07
3.586384731484179272e-08
4.216428865399385937e-08
4.221271887052548378e-08
6.567864886170518148e-08
1.393054427724670530e-07
1.152442806913164544e-07
3.431354989496882203e-07
5.446482910698019647e-07
1.004296731898873812e-07
3.890087542255361083e-08
6.327280066750992829e-08
1.580305283749709268e-08
5.156415765378577983e-08
7.792487743781797160e-08
2.064402930457802168e-07
2.329308655708443252e-07
6.002146627742208533e-08
6.759466790035384384e-08
1.035566933663109424e-07
1.583076916511043083e-07
3.147969539286382699e-07
2.998370082424571619e-07
1.160256639940934357e-07
5.223203156181164293e-07
8.887866450430033192e-08
1.109841408240866805e-07
1.670823159837896638e-07
1.753280878056019632e-07
2.534037975061936543e-07
1.988521431866778580e-07
1.153456156106529043e-07
4.790009644602083435e-07
7.860745546648266309e-08
1.644279807691588841e-07
2.677852233707949993e-07
3.255733515040785738e-07
2.178502024338689104e-07
1.020643557653716892e-07
8.816433792042828274e-07
1.252148486485745403e-06
1.520036754887015366e-07
1.762154926839833447e-07
2.480338091604909636e-07
3.142225084634154934e-07
4.838653302231617930e-07
2.883952818575869211e-07
5.034492482822703913e-07
8.190329885100220779e-07
1.603912244547605432e-07
2.936541866165059724e-07
3.984371203145424505e-07
4.527499545954754574e-07
5.899703109339177168e-07
2.108405780344538390e-07
6.193035332072693308e-07
1.252952908192250188e-06
