2.643209520091891688e-08
1.524604465981447366e-07
2.343430445301587921e-08
2.241379837640616062e-07
4.636799214585599322e-07
4.605903332110354933e-08
4.636004054330062426e-07
-1.310999513214495431e-07
4.940677162933009104e-08
7.752948368859406867e-08
1.089077779925836974e-07
7.772950506247902251e-09
1.624332041686468620e-07
3.189797405346547912e-07
2.245256704116778008e-08
1.382361646414310589e-07
2.838368653205832985e-08
5.301757580093037217e-08
-5.289650399286984986e-08
1.549126322768275931e-07
7.372469793342916250e-08
2.366116853773623600e-07
5.994656091297820842e-07
-6.580636131091673347e-07
2.118578656753500397e-08
6.339388421928345734e-08
-8.839868476730865927e-08
1.490643495044522843e-07
1.586689235820175021e-07
3.148728683218141682e-07
-8.124715438105783772e-08
-1.296907374515035724e-07
4.931181224309760030e-08
3.564450807362409175e-08
-5.752221392895450198e-09
-1.214540673144296167e-07
-1.269137593844342080e-07
-1.125062100862529374e-07
2.470552742375634122e-07
-6.544400135213075093e-07
1.554387817639817236e-08
-6.926261851336277395e-09
4.616685499329541908e-08
2.459683662267202402e-08
-2.447726516116702005e-08
2.458476312998210532e-07
4.978839387301201660e-07
2.469521351658942483e-07
2.283396617356545201e-08
2.189327629596374239e-08
8.761991330804951317e-08
1.287662852459585995e-07
-3.919750638903046623e-08
3.474977166798252897e-07
2.495700015799716458e-07
1.030446626256953753e-07
-3.984295064430993026e-10
3.612632638183868073e-08
5.369470010694568083e-08
3.306999264117948474e-08
5.905149507167175848e-08
3.316869371809393472e-07
2.319605645712718967e-07
4.857507768960076788e-07
4.377569507788225728e-08
4.566349917419325229e-08
6.884915998871938198e-08
-7.730980943043945001e-09
2.595940036385217312e-07
5.791464540050153308e-07
2.528841299108547304e-07
2.536693826543319485e-07
6.022985190712927923e-08
5.816878442921044772e-09
4.132870291655508553e-08
1.552576221500761908e-07
6.596789010911179005e-09
1.563871569167695862e-07
2.560987128507565140e-07
1.551776344351013274e-07
5.470184271685443055e-08
4.942495560585868861e-08
1.769065307578442685e-07
1.579252188383139372e-07
2.088509852484668650e-07
4.600055250973335823e-07
3.795457457607195000e-07
3.450455358802715645e-08
9.403227752690284371e-08
1.254318452757758236e-07
1.720067434567934670e-07
1.938145293938752215e-07
3.390738105363600905e-07
3.382246260931326153e-07
4.784292936426047280e-07
2.394919139676548728e-07
1.105433172009006751e-07
1.527803904573435359e-07
1.409519070304556890e-07
1.731532748768461811e-07
5.545286147195302206e-07
6.542562244570762871e-07
7.672290295413573848e-07
8.526024492661186817e-07
1.284231220009569127e-07
1.452509335809687580e-07
1.196256286525948823e-07
2.576714502612660117e-07
3.210251031926350195e-07
4.423061860191747381e-07
7.449123368900944295e-07
5.407527435069646432e-07
1.098205320629999127e-07
2.317686873923839813e-07
2.370752503209345937e-07
3.916101142626531518e-07
5.638246289814147063e-07
8.573802512052850811e-07
1.080910538320258077e-06
1.127352253362292628e-06
