-4.620437072194625844e-08
7.141515372385650985e-08
6.808445420439571578e-08
-1.480873287315352071e-07
2.575764280837420386e-07
-2.302756957047013909e-07
9.678538102968552211e-07
9.602157290475595467e-07
-1.674270934149052728e-08
-6.000254795267771138e-08
7.387709745881261599e-08
-4.560712144411541647e-08
2.970603820426758464e-07
1.619006439255879379e-07
-9.183084242079234235e-08
-3.350987517590154758e-07
3.443533954507150424e-09
-4.648852350304193244e-08
3.824705448338573739e-08
-4.051955639414405665e-08
2.875246377526663521e-08
1.273062441572014008e-07
4.391162559043101602e-07
4.946170838574505372e-08
3.756835271162800302e-08
5.762059800905089893e-08
6.710557475703988746e-08
-2.852860558734329314e-08
-8.988775855597833099e-08
-2.433521048163159072e-07
2.856098639245888263e-07
-3.457261609910450717e-09
3.993649831417087387e-08
-2.587609764177485522e-09
1.075050436997767253e-07
-1.929780492472843488e-07
-2.328382742150885965e-08
1.715774052107886373e-09
1.678141018961319189e-07
2.900744601005008116e-07
5.500652669035783733e-08
4.707932369662105308e-09
-3.749864211695605497e-08
-1.915024990208477044e-07
-1.021488133077762310e-08
1.760108400116780455e-07
8.019678509104098154e-08
-5.305321005198619659e-08
3.732142217704157503e-08
4.668167411388807568e-08
4.749616712584799382e-08
2.394286510336268083e-08
7.884028709951658283e-08
-4.332410681814302122e-08
1.712008187847161779e-07
-3.802906041090171041e-07
6.511951574749316011e-08
8.294778208957210562e-08
6.024754093432393773e-08
-1.633244848567172562e-08
7.589211917365899638e-08
1.227816944524864254e-08
-3.006508380992806834e-08
1.174272996435274014e-07
5.430065507352518309e-08
5.392197065294491794e-08
9.089039100602579652e-08
5.335609537210979786e-08
-1.530138078656526481e-08
2.393678566929872045e-07
4.233657876271486227e-07
4.386055354734616498e-07
2.493468781993038185e-08
4.544315733176702194e-08
7.516315384986904708e-08
1.109096405787771062e-07
2.882391879963541169e-07
2.188890844442094182e-07
2.610442079252627674e-07
-8.333645291130739323e-09
6.196893353794887685e-08
1.096399557852273386e-07
1.059244569092676897e-07
1.823660350622123742e-07
2.088275529807807847e-07
3.921099700140592967e-07
2.785421723647708168e-07
-1.403335228671614190e-07
5.781537956709463657e-08
5.899931239390863346e-08
7.519302977029390930e-08
2.134907180660688596e-07
3.782781674064237635e-07
3.107186984360940734e-07
4.211933361117172463e-07
4.326930249225449847e-07
1.497795341044447861e-07
1.976703095124541176e-07
2.467450612627173666e-07
4.397378870465887216e-07
3.818073292757220369e-07
3.899388885760260785e-07
6.954094651800417990e-07
5.714501662897443668e-07
1.231410969469135188e-07
1.677386416281981592e-07
2.485449796073888867e-07
3.098757808991553952e-07
4.162482580946780794e-07
4.619755597946975297e-07
5.711493019519144011e-07
9.610298104121701720e-07
1.929037289793037701e-07
2.032022698247595195e-07
2.837391686439275468e-07
3.828417400536377967e-07
5.286199722526493172e-07
7.163525916420971449e-07
1.622874969646525318e-06
1.015690102750385175e-06
