4.793895289986433894e-08
2.702536279961861214e-08
-9.583655605874523277e-08
-2.391898190306717959e-07
-9.187875612185666121e-08
-1.345488563017963069e-07
3.503596448342078635e-07
1.915185910664437339e-07
2.957575079386860601e-08
2.393027964229852880e-08
1.023739326282305914e-07
1.009173836933762366e-07
1.713355745253596484e-07
9.129346429931609673e-08
4.225592130701385604e-07
4.522007429543698401e-07
2.441195488690927223e-08
4.635867053547988836e-08
4.935606658902916981e-08
9.623045069856568719e-08
8.836837695522430843e-08
-3.785974023661214825e-07
2.126205129269377591e-07
-3.179312814692710528e-07
1.385032126788106134e-08
5.315150854641577323e-08
5.132166325613430254e-08
1.281807549327116624e-07
1.361191593279967242e-07
2.571926095890448466e-07
-1.686616841932255235e-07
-2.179952613440501004e-07
4.075908132276274884e-09
1.718730295206195954e-08
4.815718714413944683e-08
3.328969203036141630e-08
1.592728653575726156e-07
-2.465992494971417686e-07
1.128832714439521984e-07
1.110126032822523792e-06
7.964219512449784095e-08
-1.370183923973185476e-09
3.102200202736382826e-08
8.345863076510221729e-08
1.486183802970513475e-07
1.167001958392279874e-07
1.656273072119860953e-07
-5.543875206933747981e-07
3.536941383568098512e-08
6.183696388432124132e-09
4.992705576384160170e-08
8.135441552797178098e-10
1.894379934568684817e-07
2.371384504481714390e-07
8.431658139031013711e-08
3.348928598057394537e-07
7.050762898278636085e-08
5.874617773997860596e-08
3.859579289886872014e-08
6.638873969651943360e-08
1.595208815017546120e-07
2.718011247072178107e-07
5.052013907934300658e-07
2.028373382466574636e-07
7.519252702718796609e-08
3.754093317702386438e-08
1.134654863235015297e-07
5.990026978041083811e-08
3.539443700016986468e-07
-6.624369757002829868e-08
2.446407597370979168e-07
2.224000516541885915e-07
6.606282632995679247e-08
7.527421854259415166e-08
1.002755936723838029e-07
7.459978402292068866e-08
1.392466529832132509e-07
1.887704171215478179e-07
4.712179868888558410e-07
4.320243883723408696e-07
8.937285187644742809e-08
1.107981983767109558e-07
1.574908380932470896e-07
1.242335713030071952e-07
2.141289288060241926e-07
2.341344238038235432e-07
5.507504455230375555e-07
4.766033321918598806e-07
1.008998071657801353e-07
1.132140030293274122e-07
8.769080560994532330e-08
2.271843563621943048e-07
2.550713318996941282e-07
3.954392508899015809e-07
2.676453338915843416e-07
1.481196800102112298e-07
1.232322411699737329e-07
2.344070659673366001e-07
1.511614258487833335e-07
2.360095935330861010e-07
2.365319093951438386e-07
-1.333532686614488317e-07
5.923683569122878578e-07
1.509507352401765619e-06
1.315757387701474116e-07
1.851761359404002541e-07
3.026494281311506275e-07
2.777763045279346484e-07
4.110730627339440740e-07
5.106907832955412935e-07
3.468405747667142311e-07
8.334213867177384561e-07
2.166134805031869398e-07
2.925028158379789585e-07
2.611297256892013986e-07
4.264153221653791071e-07
5.772467556700368817e-07
4.044928294401018910e-07
7.692075133172945402e-07
2.129325143043032589e-07
