5.369982962777133477e-08
-5.774535472953432909e-08
1.159356142261549541e-08
-6.756031171992568170e-08
3.653024445189000004e-07
-2.790998681589798806e-07
3.655886397594001027e-07
8.264631305526533453e-07
2.844769103961583199e-08
-1.118702749135464244e-09
8.018937145027240485e-08
-7.380454751470932715e-08
-1.181862013141624405e-07
-1.406495028630071140e-07
-6.695056210772518811e-08
-1.203036722458522835e-06
-1.818469963706523921e-08
6.121529946492152056e-09
-2.413532436935449180e-08
3.848348365573932390e-08
1.346902828407518151e-07
6.312343118318304160e-08
1.100489480081403356e-07
-3.723567819048113972e-08
6.717433505203878013e-08
4.103559426477326858e-10
1.548483197153653586e-07
-2.023138989895505766e-07
1.032595642194959021e-07
4.040625551720893515e-08
-3.146721706663419548e-07
-2.947395503751890747e-07
4.963058290021334369e-08
9.262175237740502652e-09
4.326076421216518678e-08
-6.888358246176538691e-08
1.048112661233067254e-09
1.989629523533992889e-07
4.598622701020095199e-07
1.239507742092430857e-06
1.883243231371406889e-08
-8.350127733067135265e-09
1.254677081433068526e-08
2.923633218642813788e-10
2.809396516401821854e-07
1.735619145152990927e-08
1.474830722319668756e-07
-1.664194429748452606e-07
-9.276207471118599923e-09
4.553290108483391617e-08
1.406093309119150271e-07
-7.179333728826880845e-08
1.945285984738628202e-07
1.140050937119883808e-07
-3.662961914242393016e-08
3.539021688868512138e-08
1.818224705101987114e-08
-1.575142225598274888e-08
4.332772213413080385e-08
1.143403598814355167e-07
7.015580008007327908e-08
5.255728048652206184e-08
2.216479698137469022e-07
1.386215977896339476e-07
4.725573900947479403e-08
5.288968147895907476e-08
1.631694963037090857e-07
1.519172957350249444e-07
1.636373433358768581e-07
5.078653869256603150e-07
1.969519064460551787e-07
-2.198233106150049559e-07
5.439718265782059579e-08
6.939540934851090712e-08
1.684856931921574068e-07
8.854669449632266828e-08
3.087374818030291802e-07
3.051674981165317245e-07
4.942648182293401401e-07
-4.567759792387508111e-07
6.111955217783725081e-08
6.245918387002625789e-08
1.373292963040828297e-07
1.904797315947171576e-07
3.499674669668386333e-07
2.289033136345569482e-07
2.163721584774020008e-07
-2.949792768010971123e-07
9.934970576950535981e-08
1.241255982347900223e-07
1.315681172130042800e-07
1.723625982537836877e-07
3.324034551864811572e-07
5.092904530531971947e-07
4.638884907314170612e-07
5.023493652259528889e-07
1.584434759716576333e-07
1.473564189908838317e-07
2.490204418660161739e-07
4.594071778127871793e-07
4.771446485618969037e-07
5.139428883835065571e-07
3.312815200312989202e-07
9.688344983255782213e-07
1.639378108612328401e-07
1.559504272285832797e-07
2.079995232550217680e-07
2.372081607852256549e-07
5.693887188645726175e-07
3.926579675887166518e-07
8.433207376045824554e-07
1.133242307803134677e-06
1.897138948527605707e-07
2.642134672116756361e-07
3.115598338667889270e-07
5.147276341546721313e-07
5.788285987658266798e-07
4.349303892265001297e-07
1.344981181189155229e-06
1.184240239055356768e-06
