-5.723463902305672326e-08
4.165165020159232170e-08
2.912859970263034378e-08
1.298475504997090704e-08
-1.608803846284240257e-07
4.180179186411263830e-07
-1.806094936993607347e-07
6.159265105642029580e-07
-3.458611572736688175e-08
-2.696238648870327307e-08
3.404299018035680570e-08
2.475567893034954653e-08
7.537779826956885438e-08
-3.091725861282392717e-07
-3.794107992090160410e-07
-1.083258872835147524e-07
1.256396260994013896e-08
-1.875245414177338418e-08
-5.987667597600802673e-09
1.026879897847062902e-08
7.593275310789810059e-08
7.695846724263401044e-08
1.475726501748320157e-07
6.092931228931641295e-07
1.189388921059648796e-08
6.102473634378123962e-08
-1.178342262487394777e-07
6.898664496878965850e-08
7.402533909212188885e-08
5.369104353220057932e-08
2.615150437046048270e-08
1.985261644198006192e-07
3.480788538658714355e-08
-2.066819747634281839e-08
-9.901924948837624619e-08
1.726462499542720560e-07
2.446016351752678010e-07
8.612859741995795298e-08
-6.524489002436877022e-07
-2.656599609448989471e-07
4.733631754906934138e-08
7.623646784181414748e-08
7.552436581240839341e-08
2.532126840756868118e-08
1.961825981243997070e-07
-1.293389735558818083e-07
-2.764977869628580688e-07
3.045688825747148205e-07
2.172688617327214672e-08
5.399940141847108691e-08
2.808732292984471356e-08
3.914004497624081470e-08
2.612290001480921595e-08
-5.570994167306896150e-08
5.229289759946418574e-07
-2.124051429931017548e-07
1.301322301940545243e-08
5.299496557432160860e-08
5.843939023510622682e-08
9.343648149201404432e-08
1.301354798238456428e-07
2.265418534519107790e-07
2.429440836365496189e-07
4.934799685878810850e-07
-8.048201024679471128e-09
-3.312866435823212770e-08
1.086749871070070664e-07
7.561506094370807172e-08
1.017216893735289030e-07
1.580553580503580375e-07
4.271870737671723772e-08
-4.300636534281412114e-08
3.162061672285994120e-08
7.813935517884874342e-08
1.182595208520392634e-07
1.616253884361739228e-07
1.758987700597020239e-07
3.421861210580994522e-07
-6.999664097272713664e-08
4.017662504202448943e-07
6.067175047710820384e-08
1.136774641542572150e-07
6.782862223614036809e-08
1.827209418750366074e-07
3.780825424476111375e-07
4.127292445192009958e-07
5.600907515704193622e-07
7.785234813370366203e-07
4.592534023211600383e-08
9.197513833919354867e-08
1.931356623547347856e-07
2.427200232182887778e-07
3.502464559317151269e-07
2.462091305935766016e-07
1.848257731896018539e-07
4.901954694410465190e-07
6.351146999847415254e-08
1.137985027140314688e-07
8.308623564952126112e-08
2.739193927721332897e-07
4.425780059474738487e-07
5.495782384243463965e-07
3.175478016716641972e-07
8.253859521549479898e-08
9.275879015167461269e-08
1.897859698877700402e-07
1.985713055757962485e-07
2.925497613357910603e-07
3.458507562265038953e-07
5.132769530495638806e-07
3.674545105330951935e-07
5.824205385730776001e-07
1.441711357595653219e-07
2.091696109679430369e-07
2.751716320193469066e-07
3.059393211891286636e-07
5.496991050930445987e-08
1.846598659504433886e-07
1.043338421520667937e-06
8.219003368008528920e-07
