-1.123423607625641715e-07
-1.500470091732684771e-07
-5.360201617638041448e-08
-1.510417355652197935e-07
3.494990950515709117e-07
1.836303608979798543e-07
1.352327653658347726e-07
8.653973422910326855e-07
3.181173113875849974e-09
-4.187372607648912021e-08
-8.808684757864358390e-08
7.856771194587386015e-08
3.073080963123440268e-07
1.038794935836917555e-07
2.868109419503111294e-07
9.563355834826656222e-08
3.267713424779546374e-10
1.747732246111434875e-08
2.624193349083438020e-08
1.590350369792041992e-07
1.889055509312623996e-07
1.066482002550877315e-08
-8.953707707892529029e-08
3.615337302082587333e-07
2.260512362025825798e-08
-1.998585542778492530e-08
4.466335592294681102e-08
9.478634038332065918e-08
-8.326430942138441847e-08
-1.316673353027388212e-07
-2.992037904360488187e-07
1.615666671245337914e-07
3.898863897337835665e-08
2.063766844327748358e-08
1.793907584995597866e-08
1.421460092073467708e-08
-6.894932293911571968e-08
2.278331854083215980e-08
-4.214479001322204245e-07
-2.458759804115394322e-07
2.285254629330576183e-08
8.026667682171076757e-08
1.582855774129952321e-07
8.216481169764863926e-08
-3.002162999217326695e-07
-6.516855525833339545e-08
1.516563444903973965e-07
2.049321670328805438e-07
6.753911763868962407e-08
4.523978033689755711e-08
-3.377749235062000752e-09
1.722427585840445016e-07
1.354034018613709489e-07
1.940521908177352924e-07
-1.477468025614057637e-07
-3.201996056933142732e-07
3.950043602958156327e-08
6.501297152969806410e-08
2.456062170529435715e-08
8.789887725249660634e-08
1.526270005532569146e-07
-1.154978715197318476e-07
3.689854173960224415e-07
-1.681148074680940259e-07
3.843052570455074192e-08
5.150859612466724071e-08
1.112781732254444011e-07
5.597665683553120773e-08
-1.037294648065173010e-08
1.128210299720278531e-07
-7.232328598214947912e-09
9.165299338176850396e-07
2.682832598782732106e-08
6.770452259126171012e-08
1.076553513082594791e-07
2.025602486111797283e-07
2.511045719075400872e-07
-7.418613363227889329e-08
-1.748602807118908807e-07
5.475032886462461313e-07
7.111371292457770009e-08
8.980452196567968310e-08
1.164189944450760130e-07
1.418705622788142218e-07
1.325696072355850411e-07
1.847413238980775946e-07
5.794108015476837932e-08
2.443624590955638705e-07
9.637329955718475596e-08
1.127790884692380236e-07
2.381620133594100088e-07
2.750806907826242580e-07
2.040794860540128558e-07
4.046714632724657728e-07
5.670186422498613803e-07
3.198316852386517946e-07
6.036543774544976346e-08
2.353613431420982861e-07
1.499588360015466163e-07
3.136087830906252127e-07
2.346263511515780568e-07
5.342375894250964950e-07
3.207096562023569526e-07
3.629799867445584122e-07
1.273942004778545305e-07
2.155093911779467626e-07
1.892790451672546905e-07
3.752978819660061049e-07
4.848860213043195770e-07
3.487335810921704129e-07
8.303207219460970582e-07
4.771959013523385135e-07
1.956717652112748999e-07
2.094369981343896823e-07
1.710569552342166437e-07
3.094253382712684042e-07
3.343236178396520446e-07
3.787122194920556636e-07
7.022183193659262677e-07
4.386230834653310554e-07
