-4.873578605916794803e-09
-9.352649765337862631e-08
-1.202869772834091704e-07
2.809620082156061163e-09
3.535867674215270747e-08
-1.069451905888777364e-07
-5.447485376328287351e-07
-6.539754178028927718e-07
1.224865221518600141e-08
2.861982485178250351e-08
-4.840198176976849056e-08
-8.865405371397079586e-08
1.260876329842670274e-07
-5.204588425084185014e-08
2.313926985410221540e-07
-5.887167858761208836e-07
9.428991945393716885e-09
1.730517985139069942e-08
-2.612983610288174712e-08
1.324443153607560662e-07
2.938699018405818205e-10
9.273894117157061820e-08
5.401848666010500858e-08
6.167020125028395766e-07
4.530407237942517247e-09
5.280335793470241013e-08
1.266721992161607616e-07
1.071096102136093999e-07
-2.360049499104512983e-08
1.951473021050591416e-07
5.543287684611514501e-08
3.860115953216472249e-07
-1.935428254933327161e-09
2.988786360970018050e-09
-2.935384635816516517e-09
-3.589730260479928961e-08
1.428595850650839207e-07
2.468083828508192688e-07
2.691472091852073390e-07
3.028379915073628841e-07
-1.827876009976201589e-08
4.542680877231952477e-08
1.896789405302018430e-07
3.812968162522504059e-08
1.285058676934491914e-08
6.469619249395620411e-08
7.234202987339539142e-07
1.004459133167906455e-06
3.435349962967743753e-08
5.832036495672016599e-08
6.950657527841327955e-08
1.423548102933224329e-07
-5.135236207094693548e-09
8.092435968894938424e-08
1.939212583514708846e-07
-2.584293833793182453e-07
2.693904227318009053e-08
4.347055901300144057e-08
9.979997587432986340e-08
6.876726938573967041e-08
1.214575077623288714e-07
1.395454214619543143e-07
1.531489307085376089e-07
-8.570469383071449710e-08
3.758128556880557240e-08
1.018234216376688125e-07
9.001028760654915520e-08
1.717730131180741758e-07
-1.142505744696356954e-08
2.312702929987743530e-07
2.178563133649412726e-08
8.397008191947043812e-07
1.867122510482156914e-08
1.174206574753528415e-07
3.778515345495860430e-08
1.347249621534547669e-07
3.394295529816457315e-07
2.180355897641585281e-07
6.799223607729969216e-07
3.339097105526487744e-07
5.797786137192020623e-08
7.042593878664876076e-08
7.373810541568880921e-08
1.516949031972974802e-07
1.378313512092586306e-07
2.443600836980273935e-07
4.593332831545797230e-07
3.236419266572434133e-07
6.877506503660536556e-08
1.087507668310509612e-07
1.320519999250040438e-07
2.957790815661889236e-07
2.877147729881572382e-07
4.880546218837540093e-07
5.692209525797893640e-07
8.629802229517096762e-08
1.467463732704091927e-07
2.030349756240164579e-07
2.653590247416259919e-07
3.963144658971654165e-07
2.977021983179374743e-07
5.498979723929457537e-07
2.779729053338954080e-07
4.582993592448454863e-07
1.342057381979165869e-07
2.014148029679619655e-07
2.475725734550289074e-07
2.528811232698294087e-07
3.453346483326105769e-07
5.616738018480175141e-07
6.238664888664149201e-07
7.216546501006582588e-07
1.869140406239168075e-07
2.001936529317013622e-07
1.921412154535624384e-07
2.339249471544026894e-07
5.501413470960810556e-07
7.019491861948088107e-07
1.080695334633971865e-06
-1.907065840605778787e-07
