-6.810857480856930302e-09
-3.574162599454065751e-10
-3.219626535908163278e-08
1.108499390808865051e-07
-1.204528331825333003e-07
1.730269583318685523e-07
-2.755790243104284066e-08
-1.089069792212983824e-07
4.784818839484869622e-08
2.090891655476368470e-08
3.379617092545224510e-08
-1.308475481331889260e-07
-8.266118296610478904e-08
1.518954024067325426e-07
-5.948764875549188973e-08
-2.372756952453957866e-07
2.090003350556460045e-08
8.135256359507418625e-08
2.951658213663880023e-08
1.200332611862606598e-07
-6.290144279295116794e-10
-5.266957273742989186e-09
-5.276983247624346206e-08
4.239159944333406533e-07
4.729399917460008877e-08
4.391733985977502367e-08
4.378983603628494365e-10
-2.366724915749621374e-08
-6.826270346528810376e-08
3.168065727727907163e-07
4.833184811574943531e-07
3.692404432711565895e-07
1.951927153085989493e-08
1.040185376103540891e-07
1.608146695006944544e-07
3.189600525578380803e-07
-7.748582941233391643e-08
1.572723186166079001e-07
3.284618142992307803e-07
4.834591513060994496e-07
6.143103617096787056e-08
9.277478870636435318e-08
1.521724783502294438e-07
9.695712928926438922e-09
1.135155343910210994e-07
8.475210628223658350e-08
1.318716121493418612e-07
-1.189113457998290776e-06
3.230083377078510158e-08
8.843156077205517834e-08
3.238398560736689970e-08
-2.253694953333527349e-08
2.414596644299841442e-07
1.769555938734146809e-07
1.269706513050338065e-07
3.323639187731274345e-07
1.431322708112008405e-08
1.044077110813871357e-07
1.133381050502710506e-07
1.151152427077035712e-07
1.001085101864267728e-07
1.701457873658601472e-07
5.657932474619121715e-07
3.444950023008678724e-07
2.081280746246636108e-08
5.845964735797134232e-08
8.445690244919363059e-08
6.923406225534060618e-08
2.293717908323457963e-07
6.165576886675083251e-07
6.539232950975379713e-07
3.232019643606507070e-07
6.484848323932191100e-08
9.204423180307959141e-08
3.060103032479772192e-08
4.918629308189387696e-09
1.085993548362819077e-07
1.164650319601987833e-07
7.001395643639395920e-07
6.610677765294828450e-07
5.462394136659434850e-08
1.608427180973525299e-07
7.730042031074693960e-08
1.636307362960853031e-07
3.282659219487237399e-07
3.376857560885240606e-07
5.353414899887016722e-07
1.151296820403215315e-07
6.778690943990125154e-08
1.804120618283381599e-07
1.404876202630271874e-07
1.215818225700964773e-07
3.339088067334383779e-07
2.117599035536806392e-07
1.859869125695011279e-07
3.593101841827164798e-07
1.244714881464908013e-07
2.462092606442401255e-07
-3.042264779215447387e-08
2.163022972062885403e-07
5.396387976458231398e-07
8.190646425535324122e-07
4.574482529228931869e-07
6.497706809545221224e-07
1.447732921326493259e-07
2.508859241453908526e-07
2.487059911757169030e-07
3.499784217533273904e-07
2.658742916637172157e-07
2.873188447465043739e-07
8.157511511785365742e-07
8.621884115024757993e-07
1.239684050964277945e-07
2.787072594349698897e-07
1.580417536080278681e-07
2.811132045694494338e-07
3.507718962156183835e-07
1.285244111107401683e-06
7.001962093832117831e-07
2.323378981299183630e-07
