5.934572235620731634e-08
2.384089220149500348e-08
-2.508717096447358183e-08
-2.185431520549936363e-07
6.829674475513002187e-08
2.850062820586341568e-07
7.351103911056589544e-08
-6.336624357868841480e-07
6.040860147580401964e-08
4.556865029280840769e-08
-3.287826705133647068e-10
9.448975171186671619e-09
-6.486304565297738900e-09
7.138160388031524018e-08
-1.058577453164169351e-07
-3.936038039715740630e-07
7.768095457651991052e-08
1.416411736006814181e-08
4.674598683551948252e-08
-3.599887157037107442e-08
2.020891285340357097e-07
1.709406639846451925e-07
1.259609856361574484e-07
-4.811413971105269646e-07
7.041494161568926716e-08
8.664418762222779069e-08
5.994423052538961372e-08
1.670669675417689525e-07
2.185051246865105786e-07
-5.853132660947387627e-09
9.931484443682918739e-08
-1.009733029966335082e-07
5.029795727661456458e-08
3.405208301946968370e-08
1.415208567520620987e-09
-7.296612606348014324e-08
2.048624065154338044e-07
-4.293114119695005250e-07
-9.490400154314222638e-08
-1.095802162928259423e-07
-4.325124879283313631e-08
-1.075569423395798657e-11
2.301765587861719575e-07
-2.599079125942224369e-08
9.797345143969932401e-08
4.489058595516374343e-07
5.226153131120625073e-07
-9.441829926984259953e-08
3.243378619626290962e-08
7.963864509361860630e-09
7.230897188379010399e-08
-5.718269693162572962e-08
1.158258509498765836e-07
2.034787294887675655e-07
2.967917602787668855e-07
1.376367369790845355e-07
3.243902326637151415e-08
6.377815361620520910e-08
8.222887334177126003e-08
1.186852096560790679e-07
2.615415365811011943e-07
1.869497001475620996e-07
-1.061121760963722264e-07
1.327335308023125640e-07
5.849204946346482812e-08
3.005395093589213263e-08
9.867242940770580246e-08
7.928460893651560455e-08
-9.463054023015758683e-09
4.394647638576447468e-08
3.269229244065587525e-07
3.527333433814184725e-07
9.773271410228953890e-08
5.404618297718592373e-08
3.089066117147468286e-08
6.051763860695978545e-08
-3.893770354154758557e-08
1.524049180823823591e-07
2.722229673932670225e-07
4.978280287517324746e-08
6.725756910944468116e-08
9.394886049887831654e-08
1.397709909052607232e-07
1.354657984202263713e-07
1.997604752523832994e-07
1.817782278583450502e-07
2.213378889032048475e-07
4.673236885678608565e-07
9.162460800021340830e-08
7.891863347314823577e-08
1.484738746571086550e-07
1.359715424634775834e-07
1.975737121247042209e-07
1.424720191954717218e-07
-1.281841722209816515e-07
3.456126298120192423e-07
1.181705850675499344e-07
6.859309454188091826e-08
1.098111243375725564e-07
1.158382229375869030e-07
2.254691255987235933e-07
3.835641360048044202e-07
9.465620119142612271e-07
9.440592467979242689e-08
1.641079438721276561e-07
1.734321975334821165e-07
2.226851686319450098e-07
2.604526662832030463e-07
3.295755691499483741e-07
3.766324359955730358e-07
6.754196090971361569e-07
2.585402413020478843e-07
2.026993064240680830e-07
2.620625722833533970e-07
3.472452352041427909e-07
2.316425961719096466e-07
6.426713173926413119e-07
1.045330263872949355e-06
8.247949757682116712e-07
7.346769001038140416e-07
