-4.911643975283425324e-08
6.107488232117435775e-08
2.886233509568224616e-08
-1.383782391411888417e-07
4.770124756702856387e-07
5.576494874807130211e-07
2.979065226983365071e-07
-1.266411643764394984e-06
4.849746861389395547e-08
-2.236692472748008661e-09
6.887508937822664590e-08
1.651571188626209797e-08
8.567951711858631179e-08
4.514095305198621627e-07
1.851695043725677434e-07
-4.657453786373150678e-08
1.672260211798799614e-08
8.459655647667110360e-08
6.575018912080129833e-08
7.519718234043136263e-08
3.881794330416734986e-08
-3.493961492266025407e-08
-1.331115977242387943e-07
8.599798229366038142e-08
-1.493624713344467230e-08
3.976538660398241131e-08
3.057811919424143578e-08
1.023009553997879569e-08
2.058190871448452242e-08
1.649683280290556891e-07
-1.336009148609165175e-07
6.090554209972656604e-07
3.058064688139284603e-10
9.277050492678756257e-08
7.414592019496597604e-08
5.749409931383315190e-08
-4.885793310975511633e-08
2.209544490232203316e-08
3.838093480742567954e-07
7.889493114712959305e-07
1.786493610414434623e-08
6.408114662542290011e-08
-3.962779137921461109e-09
2.286081109733250899e-07
-1.214239049225788481e-08
1.053792949648661502e-07
1.086153279570069060e-07
9.652455107543095300e-07
1.868263364745445998e-08
5.141143818530184785e-08
7.804862783542317933e-08
6.953823449323624407e-08
1.771090903174369361e-07
3.546079868773591853e-07
3.741070422982832045e-07
4.826532389943863363e-09
2.938229638634472693e-08
6.231248907991252544e-08
1.368162629606252501e-07
-8.425382480823262258e-10
1.751639295650666375e-07
9.559407358707448819e-09
1.057077049997534981e-07
2.206966388479438166e-07
3.305310944125343279e-08
5.584573208618630038e-08
-1.228409490098951794e-08
1.333124066788530070e-07
-7.435060640485721328e-08
-2.048792806290111146e-08
-9.267321604521407753e-08
5.101799951500029322e-07
3.798119673640774182e-08
3.656885403952969212e-08
8.129366319888114730e-08
1.983879428544085040e-07
1.485521616272978777e-07
1.133911887836586632e-07
4.285190676428335055e-07
1.363372907839780726e-07
9.011236069330521769e-08
1.144872506752062441e-07
1.375129333244422760e-07
1.322485957024192456e-07
2.766740534368418240e-07
3.535937309385572490e-07
4.239032961447112603e-07
2.965945585468132377e-07
8.893122811957900012e-08
1.984079999545972462e-07
2.022949667270974842e-07
1.317053555749536738e-07
3.760503691345872331e-07
4.039264022280088442e-07
5.021684922373413700e-07
1.395032463993628205e-07
1.101663982498585826e-07
1.839122913545436754e-07
1.812727569195291469e-07
4.037627546886368280e-07
4.043535854102384106e-07
7.684420553006542461e-07
5.753759628612675190e-07
7.436344069752110987e-07
1.596719118099916903e-07
2.372422275098716189e-07
2.412415372097628110e-07
2.935140434440052353e-07
4.622113732038747542e-07
6.902563669698657357e-07
4.574072778506607760e-07
3.382821636930217576e-07
1.678516289916454665e-07
3.369126438694368854e-07
3.166971069873879553e-07
5.091484679259446285e-07
2.396391405598546298e-07
6.707981092560721625e-07
6.998427585557606020e-07
2.001483575685998482e-06
