3.791275832748515121e-08
-7.220037088411078565e-08
3.015657485785192026e-08
1.487575845219632625e-07
-2.140157121741714571e-08
1.027360015130462857e-07
4.952170489017158545e-07
-1.659435480129479260e-06
-2.043758134184694276e-08
3.651605826740052546e-08
-4.335273974422978665e-08
-2.786352699458566812e-08
1.665598575534986504e-08
2.952359787622137782e-07
-1.278398178830399305e-07
-1.002131486976464642e-06
-2.298094040442904261e-08
6.875550281585910777e-08
1.682892335790035362e-07
-7.928766291340550249e-08
-1.054655591867470360e-07
-5.170377075246355546e-08
-2.313717801016396240e-07
1.580377766591165605e-08
-1.560461020349270190e-09
2.891329731072085237e-08
1.880021286471855349e-07
-6.072492284263747269e-08
1.431295542576314322e-07
2.708013807538195583e-07
-8.791423738805074261e-09
7.488795556210965371e-07
2.663678770520703815e-08
8.396389508128449729e-08
4.320026257035682871e-08
-8.413426326682231873e-08
-1.623505816860890486e-07
-3.717182096127990196e-07
9.360072990894625324e-08
-2.500095451685950696e-07
-3.906264907410292991e-09
-5.366657371634730393e-08
1.927409625382745021e-08
9.591481989310936985e-08
-2.748249809429991409e-08
-1.569200738952493234e-07
3.178848947925925548e-07
6.765366504986305010e-08
3.646714283506429611e-08
1.861102196911653429e-08
2.700870056294457937e-08
2.771642335390121864e-08
1.402014627098921002e-07
1.850908073920981828e-07
4.247450992835328949e-07
5.634541119786383255e-07
5.448720515617631131e-08
2.569642360138273163e-08
8.852675533971671874e-08
1.797289131671072751e-07
7.783310905468568243e-08
1.201484435407828553e-07
1.478792556683274668e-07
-2.958298902099485980e-07
5.565620911827754596e-08
5.056589784017807625e-08
5.454114100085208249e-08
3.648952516484230143e-08
2.092953416675120319e-07
2.736347035104370982e-07
2.843655231185625470e-07
-3.164510558048572381e-07
4.118052950259672892e-08
7.918687987524780408e-08
8.500303094370543942e-08
1.306714391115677092e-07
-1.775466633885309061e-09
2.198133165056834531e-07
4.228103049367251633e-08
1.002799138126756472e-07
6.368494742099031415e-08
6.909169502028547255e-08
1.364587011682217676e-07
2.430849981733391006e-07
1.267416977316997735e-07
2.229520609096949916e-07
1.397000999727087100e-07
7.885969106935401697e-07
8.997379664143746741e-08
8.556466941168654936e-08
-4.164770891188613372e-09
4.290920343134988641e-08
2.294017090643265490e-07
3.578642567628893657e-07
4.014771176450055208e-08
7.874239496417062557e-07
1.082036797286665325e-07
1.248673512016919700e-07
1.676802978103055147e-07
3.066063681278504889e-07
4.887307026745635545e-07
3.900740160320973685e-07
3.580199661852715246e-08
5.734766646052598261e-07
1.110236305382499020e-07
1.708939793211327142e-07
1.936786168484502518e-07
2.204273270639564543e-07
4.259393694714740515e-07
4.988727582011192569e-07
5.619325313983837614e-07
9.899524361076876291e-07
1.514321620539647149e-07
2.667595150088919686e-07
3.043000457293228924e-07
5.225321287630485167e-07
7.374818950538780738e-07
5.841990670824299183e-07
1.620771087088024775e-06
1.086423876560475443e-06
