-6.275194287612809859e-08
7.791194753244483729e-09
-8.113772595054879415e-08
3.866022066765052726e-08
2.430582460751389667e-07
-1.706049304494242954e-07
-9.061189149466823449e-07
1.416376439567785542e-06
2.175362293605267826e-08
1.907027844903862914e-08
-8.477338776776526322e-08
-8.890979863888704311e-09
4.415344040510128750e-07
-8.078275093831318401e-08
-8.630586923008671289e-08
6.481694445737998993e-08
2.388826675095510912e-09
9.198672934518242799e-08
3.257372016311326813e-08
9.452428977821159578e-08
9.138861082993616960e-09
-4.261986701651863911e-08
1.975406710555539061e-07
-4.373434692335814398e-08
3.613778658536774129e-08
7.013505332258382188e-08
5.843907740405994761e-08
1.169461324683877689e-08
-2.546647288651550487e-08
1.232903624641355453e-07
-1.019470358592985013e-07
1.185126440659167262e-06
-3.346020536030903447e-08
2.202344048582481218e-08
-3.660511149193195495e-08
1.182410919701422435e-07
-1.709583296255014229e-07
2.552273000723767313e-07
8.634557416204215506e-08
-7.205364424710352100e-07
-1.473964246458912440e-08
-2.087402985011762104e-09
1.060096856728045862e-07
2.077969971196385402e-07
-8.454882579704675244e-08
3.324833911476723484e-07
5.454973634600193825e-09
5.210091266529336904e-07
5.702164141324968062e-08
1.469054032877124061e-08
2.726386848444856567e-08
5.414423561323188611e-08
9.869294447330698046e-08
1.211711736464697984e-07
3.357700037893800262e-07
-2.534706434481063785e-07
6.830844550402132202e-08
8.389489392698199837e-08
1.523431185755776623e-07
5.771441453805109362e-08
1.040584809405338292e-07
9.333552915313054187e-08
-2.038467434163667277e-08
1.816202958399195306e-07
2.530184027360523334e-08
8.293208108083840953e-08
8.891675090164973206e-09
1.144561273567711378e-07
8.389400840479349780e-08
1.805774788103497798e-07
9.828086706949938322e-08
1.998386288007329824e-08
3.404754765795885437e-08
9.329470739829189717e-08
1.164456345779094356e-07
1.824887848865691872e-07
1.231903753381331343e-07
2.749378280552125801e-07
3.987330974644647815e-07
2.885082788356671756e-07
7.184217411129110133e-08
9.599049180216503858e-08
1.120804983435968124e-07
1.675551262971434735e-07
2.222508764317763646e-07
1.117208723614910672e-07
2.262992590502730930e-07
3.025615100757141070e-07
7.104407060572570129e-08
1.254140422014206041e-07
1.600855211030421977e-07
3.395516083614160442e-07
3.468544096786458330e-07
8.907249383105841553e-08
4.298989461875705688e-07
4.940873675320703934e-07
1.517609881781896207e-07
1.728881897237504551e-07
2.425198371829824842e-07
2.342348483898454951e-07
5.080487630191974848e-07
6.646377754623748280e-07
4.863820456169685269e-07
-1.636820036548890889e-08
1.480735490954662626e-07
2.186297138753385491e-07
1.930114607022272731e-07
2.098592250211966775e-07
3.539113211807990749e-07
5.941434943599667354e-07
6.197516191204091455e-07
8.330547297216798138e-07
2.173920224586672217e-07
2.777681304596498648e-07
2.624664656357855062e-07
5.822723231849839436e-07
4.567911276628554412e-07
1.021914957376763278e-06
5.696420527629359062e-07
5.476882832916684050e-07
