-4.431626153369140406e-08
2.274799824104139562e-08
1.393715144813952634e-07
-3.875083974470292238e-08
-4.293727186344038536e-07
-4.259337413054296726e-07
-1.308988963582407540e-06
2.939640094596658320e-07
-6.320304517362731957e-08
3.153207783027595759e-08
-1.009286477288453284e-08
-2.386402928902644222e-08
6.891887348286820374e-08
5.423097015729697371e-07
1.318281925680840230e-07
5.784241953408570011e-07
7.789070502504345989e-09
4.804088635517746161e-08
7.681441244276626461e-08
-1.285209929011374288e-07
1.033604088901183814e-07
1.604222053264585760e-07
-4.161977805779994824e-07
-6.287203605181979918e-07
-5.660960797202890360e-08
-2.479316682270008855e-08
-1.895914685368473483e-08
1.265778701018587379e-08
-2.050878714249698218e-07
7.938289689559335617e-08
-6.433699063829776353e-07
-8.480295800443807041e-08
2.323119826867576213e-10
6.663206363013537866e-08
6.448748776094678529e-08
-1.548614103632904768e-07
-1.304101075480493541e-07
2.231143135846828941e-08
-4.612584260504610848e-07
-7.489482803704147347e-08
2.485575951484547212e-08
3.007051509224025277e-08
6.765374706089760606e-08
4.424620302438604527e-08
1.934216435170509059e-07
1.553166400004940632e-07
4.000185588289095539e-08
2.997382170928581574e-07
1.074606370560398440e-08
2.541085605100295283e-08
8.367782195815551967e-08
1.682177506424028344e-08
2.318359948487868781e-07
2.018881828084097663e-07
1.885723757027300716e-07
2.813918195348828183e-07
5.497168007125609222e-08
4.366144517130852508e-08
1.011249894469795911e-07
1.571552838745244348e-07
-2.023813730659648553e-09
2.558575360549846920e-07
2.840942805846212527e-07
7.303540587932235134e-07
1.327694342991373834e-08
4.232141828928324477e-08
1.164479925216966273e-07
2.049874930196733687e-07
9.322389809310524160e-08
2.085602468631072521e-07
2.894599378479614367e-07
-1.511730721974602375e-07
5.905819413973886422e-08
1.985786374022193135e-08
9.200266414031293219e-08
1.004480239488744098e-07
2.646410915476751517e-07
2.686141120385655243e-07
7.084516332692025972e-07
5.806105706889698351e-07
5.952174327385039996e-08
7.215766349469554909e-08
9.070910383140021131e-08
2.299262837102702246e-07
2.855291459238585827e-07
2.244941116613753465e-07
3.692404056424286213e-07
3.246636727590657990e-07
8.125833076258556707e-08
6.921824468760219885e-08
2.506905203308577500e-07
2.302638686838216898e-07
2.894716360926423387e-07
2.606638764388011675e-07
2.848535479489960888e-07
4.632579635990939657e-08
1.112050461332672177e-07
1.552869028999948946e-07
2.674922242811343538e-07
2.649236708562460099e-07
1.395865975231209954e-07
2.061947536437533036e-07
3.156999951639420454e-07
-7.358023473884746691e-08
1.533458880409031610e-07
1.876331490201620654e-07
2.980045546869079835e-07
3.658398004073391648e-07
5.063376372708860839e-07
5.040905357876407353e-07
6.558857142959520370e-07
1.199966163714160711e-06
1.608028219580670816e-07
1.203514364448126920e-07
3.168710496969859821e-07
2.391264180229773842e-07
4.514825839942802711e-07
4.999988378122704971e-07
6.557705617139045393e-07
1.138242072045001278e-06
