-3.618962468632330934e-08
-8.571614176704957819e-08
2.476357037097204256e-07
-8.368014535369233381e-08
-3.837845617115683320e-07
-7.609453083441096175e-08
-5.633967630584571182e-07
-1.022277907563588986e-06
4.560111042517582556e-08
3.718645643846621409e-08
-1.366164959351654610e-07
4.572971639927077292e-08
8.489338263910623807e-08
2.006229091668597963e-07
2.433700313503116989e-07
9.688738067513711722e-07
-9.664746542037849230e-09
7.332543731517042484e-08
5.698883461522574663e-08
-1.429165389007174192e-08
-5.296927711137259194e-08
-2.654795890714004937e-07
2.855928890388090936e-07
4.761312467410270214e-07
1.589519668354330050e-08
4.241687661455564474e-08
3.178824011904968357e-08
4.806352313355994628e-08
-5.763127327017269872e-08
8.780276833437732126e-08
-2.307990421841254225e-09
3.380769211247446813e-07
2.035606434211516908e-08
1.349155711544247479e-08
1.453133905302719907e-07
6.587951468885834777e-09
-2.377080155965053788e-07
6.377658198052448415e-08
3.550000351679021634e-07
4.475017668776301636e-07
4.158214090197444204e-08
1.909678405082335278e-08
9.551882166694878858e-08
1.368963118123078525e-07
7.326166205718756439e-08
1.001284874738391259e-07
2.985338815475484181e-07
-7.369099871351617934e-07
3.281960397207790786e-08
4.488808506970657835e-08
7.337420381572850308e-08
9.637176399602471740e-08
1.326192438263429095e-07
1.432385368088891088e-07
1.177140755773755336e-08
2.101887952341142168e-07
7.023069160648509897e-08
5.377568157269054836e-08
5.289106907005696258e-08
-1.144414973958994426e-07
1.205033936963008667e-07
-1.402800567168484045e-07
-2.677720143632394601e-07
3.516039415824267374e-08
6.119663887147031009e-08
-2.346738541221982146e-09
3.760464723950750753e-08
1.565004160275382111e-08
2.995588106052598745e-07
1.044038752864334915e-07
-3.502258831635221735e-09
-1.480302584083301446e-07
4.468833165972240319e-08
7.761842789040549536e-08
9.749644437468216307e-08
2.854744551678687898e-07
1.653052156609760948e-07
2.909889397917014229e-07
2.472406706654131263e-07
4.439548537610256752e-07
9.399579278310454172e-08
1.159294409042252339e-07
1.755948978737292307e-07
3.215351785717016426e-07
2.836606054790484412e-07
4.054582377976319637e-07
6.958525369182080290e-07
7.729175546790779437e-07
5.143986860267402728e-08
1.003694790886697986e-07
9.346224097973989251e-08
1.512433899179665912e-07
2.735413144087912839e-07
5.202544813562412712e-07
4.824568958382388988e-07
5.776381746054763791e-07
8.635998996018283785e-08
1.547416694115387533e-07
2.282077225332006213e-07
3.008638781771350711e-07
1.264131812332173168e-07
5.175801073299195158e-07
7.081017975973955045e-07
8.416989594576343871e-07
1.211249494736456516e-07
1.930166453234931023e-07
2.202904447479662156e-07
3.928105145288049917e-07
3.053925076060432316e-07
6.262817891095395166e-07
8.177414575480988804e-07
4.692862319635168405e-07
1.540848277114071443e-07
2.148720735632288872e-07
2.923967392212419094e-07
3.010278908215001039e-07
6.004457664417705634e-07
5.453220399404307177e-07
6.792880585546044436e-07
6.355215605638348499e-08
