4.900844374951961272e-08
1.180134143702996160e-08
1.365090285737962558e-07
2.471836187994150470e-07
2.947541378946178694e-07
6.759282341631696653e-07
3.234868397858330319e-07
1.765387456163641092e-07
-1.123990805312678874e-08
-5.643531275737817814e-08
1.273289739253478363e-07
1.062434603381255816e-07
-2.150496358889407058e-07
2.069639814964361340e-08
2.645589914099799083e-07
-1.858760300195338032e-08
3.735057676354637425e-08
2.230569699027613527e-08
1.012737824485202914e-07
-5.479983790024994152e-09
-3.260246268127824580e-08
8.674291926521175500e-08
4.852200572309097790e-08
-5.201945912588153167e-08
6.447795255659967109e-08
2.998343300716457551e-08
-6.575328005716826844e-09
-6.749241020715859458e-08
-1.964605307996448590e-07
-3.462330437692649710e-07
5.417164799292550662e-07
-1.799381686884663482e-07
6.020214267364745788e-08
-1.617130769672346496e-08
8.017565791896576703e-08
2.145002912977897968e-08
8.995698507034643166e-09
2.268646559438509897e-07
5.748973268439352758e-07
-8.070982268740096144e-10
3.132172833833468484e-08
9.200794890152666208e-09
-8.632743969087697761e-09
-2.180140954420700783e-08
-1.827509271396204571e-07
-2.609380602712816868e-07
4.314270452624578376e-08
9.476954723883997666e-08
-7.829450213111724002e-09
-2.423784162843394066e-09
2.723727960414061875e-08
-1.593996270746659095e-08
1.834025419478473054e-07
1.692472728504976701e-07
2.687691121208182373e-07
-2.510049553981128824e-07
8.535718630234017942e-09
8.257534266504660141e-08
1.212014350857459038e-08
1.226230173645072163e-07
5.288795274197710658e-08
2.940964654811204923e-07
2.701770859235118848e-07
4.521364355187391326e-07
6.267125863868608470e-08
4.050207098116308619e-08
1.065174061480336359e-07
9.190520334322395402e-08
6.557532649223343223e-08
-3.504559669250274307e-08
7.785123287829766914e-07
6.026205282402852892e-08
5.568806370173837388e-08
6.721274726686378151e-08
2.503826866908361529e-08
1.362752044330362437e-07
1.724628036929905832e-07
3.178652735977009961e-07
3.128269727869807501e-07
4.691627292163207269e-07
8.694591190658139953e-08
1.119394508490742423e-07
1.507242548214530437e-07
1.194008843982603874e-07
1.374915629208584304e-07
2.133963599406632471e-07
7.601488941843851484e-08
5.553525231217269461e-07
1.029063541569820939e-07
1.208105345315240396e-07
2.217056365028181763e-07
5.928268009183173154e-08
2.600779031264111442e-07
4.044479196199531222e-07
2.675080294024505408e-07
4.002932885131482914e-07
1.354031030546146343e-07
1.518653658689438277e-07
1.863793157224285331e-07
1.867016927447036324e-07
2.340059145277155718e-07
4.434805341880332438e-07
8.094201794543964017e-08
5.443637471508166767e-07
1.588247661667302757e-07
1.890771777534873960e-07
2.583378298403130464e-07
3.035711033217756823e-07
3.871657987018807187e-07
4.918206539169959157e-07
5.942183904295135392e-07
1.712253828700523471e-07
1.345810967728079100e-07
2.306958554341935291e-07
2.906169706040858039e-07
3.973182083910803244e-07
4.979476075383099093e-07
3.863580528916572910e-07
1.090519431847725239e-06
3.888186766638664383e-07
