-3.556879267124776191e-08
5.931520172322140017e-08
6.107430263970946242e-08
-1.772869900577106920e-07
-1.063446570381483425e-07
-2.773400627348264204e-07
3.533179329611752220e-08
-1.171410258252542941e-06
-6.388803993552494617e-08
-6.076789531099612213e-08
-2.984170517654752593e-08
3.216127884122010610e-08
-5.803125209805370483e-08
-5.509843490205883545e-08
4.238072180261033331e-07
-9.251177967721443428e-07
-1.546781713334645583e-08
1.769875108891963803e-08
-5.388260141716225945e-08
8.429154476829871842e-08
1.033083585388441281e-07
6.233937453197996235e-08
2.286727409054800557e-07
-3.613053070213676438e-07
-9.759187195778612805e-09
5.495434161091252396e-08
-1.997930204553518769e-08
1.002289152589398775e-07
-1.857350491292526031e-07
2.234412859316273953e-07
-4.852345795077098530e-08
1.591319211042550946e-07
-1.443111424142646437e-08
-6.127316677921124627e-08
6.508820886784260822e-10
1.154293239777125960e-07
1.783764094386471654e-07
1.965943915543649940e-07
8.245389458271388513e-08
9.392238033754327360e-07
7.814994773584626876e-08
9.646555418732448136e-08
5.450314487152715617e-08
6.067024092701784202e-08
1.857767275663197688e-08
1.811824080699287489e-07
2.640505809066041639e-07
-1.985207739920067176e-08
2.895711951922211823e-08
4.698198310385830423e-09
8.847871143551282083e-08
-7.104899467537679170e-08
1.073386449892208855e-07
-3.362365321526621955e-08
3.776002679010872635e-07
1.900819343997781567e-07
5.552229713255743141e-08
8.964537956176114917e-08
1.125268647187780196e-07
6.375475921113765622e-08
1.395833411672418969e-08
4.147158096628185688e-07
2.797642624491209169e-07
-1.976659238653161831e-07
6.867334529805627260e-08
7.449346967556173950e-09
7.851033849036626080e-08
1.279265355857475677e-07
2.365854933868761434e-07
5.699050052422400261e-08
1.976049673829957287e-07
2.190846042391292584e-10
8.089811341146600106e-08
5.625927946091242303e-08
1.205067997263909384e-07
1.348011218005252858e-07
3.549468016365372409e-07
1.431358688761848464e-07
8.877838863822599214e-08
-3.191811836385676899e-07
7.890167960907750435e-08
7.464032391596366039e-08
1.333154542970522365e-07
1.159527239617816591e-07
2.132285852556409887e-07
3.224085520019282455e-07
3.504813987098064510e-07
-1.222135189101568967e-07
8.928956863223229590e-08
9.235727724683336497e-08
1.843312523651791430e-07
1.456074585350731565e-07
2.188774304054958542e-07
4.496546502983083145e-07
-4.032722953702179818e-09
6.346969318870009613e-07
1.398101508117905209e-07
1.381985537213282273e-07
1.594002199510089265e-07
4.241652395493392543e-07
5.229484064349649137e-07
3.853106358287760797e-07
5.690417003811555532e-08
9.424366391539070490e-07
1.610831783533996663e-07
1.357224011838619228e-07
1.894931606712667943e-07
3.779359257146790161e-07
3.767896997685360691e-07
5.184106198996657383e-07
6.880065837025591669e-07
6.703121209285699128e-07
1.988194201266956313e-07
1.313760616446988065e-07
3.224239842399942892e-07
2.107533296432512828e-07
1.981455281388427701e-07
6.124773101237921963e-07
6.535842769422443275e-07
1.954549204556390810e-06
