-3.168841820950657161e-08
5.259635255185231778e-08
1.489139809410494878e-08
1.254601997115625678e-07
-8.269249905176069497e-08
6.853295209140410510e-07
8.730375502384269047e-08
4.469662766634039092e-07
-1.341767317083593250e-08
-4.859172115589044800e-08
1.290050318114105426e-09
1.056511697991318065e-07
-1.806448260022919038e-07
1.710535640918176809e-07
4.518943344933570967e-07
-2.577701397738936501e-07
3.597763239624409866e-08
-1.196298459482208863e-08
-8.171110767801484214e-08
1.998152471206607587e-08
-3.171840107843426357e-08
2.570467953717938456e-07
2.346184940799040943e-07
-1.222478638506256936e-07
-3.045976467646974787e-08
3.335836835273146366e-08
4.172198448484199270e-08
7.335048862238811173e-08
9.758212482597984381e-08
-1.040486998361579318e-07
-4.230852028738321941e-07
5.818809781756960413e-07
-6.505358845189955085e-09
-6.170382506592439724e-08
-3.408237286767821053e-08
2.802748681703419100e-07
-1.447895387913102427e-08
2.005308893857843903e-07
-4.260933038221186807e-07
-1.799104455573291510e-07
3.970625126455210198e-08
7.218597966803128629e-08
6.173537603639023345e-08
9.798545542895726706e-09
1.788354685189275915e-07
-1.405069118581985060e-07
-1.460307288256481299e-07
-4.419347045613356209e-07
2.007058226343854319e-08
-3.370733135342923034e-09
1.009940955439309799e-07
6.799005039078784655e-08
1.261228677827388232e-07
1.778848591498193222e-07
-1.413283966646953283e-07
9.998087216833112161e-08
5.901602238903813408e-08
4.277811481035348009e-08
4.260938839659703783e-08
6.368623391408299355e-08
1.224897113055899701e-07
-1.579006091515577424e-08
2.672949388753654308e-08
6.080357300312891382e-07
4.849282045183646275e-08
9.741033054254554301e-08
1.106177502258209802e-07
1.712663521291942557e-07
1.361346844247699629e-07
3.837868280484790892e-07
1.632872439204054885e-07
1.177336169750108879e-07
5.932341834435817632e-08
5.811229650804837609e-08
1.160007944664229290e-07
1.630757306128687804e-07
1.934833067422717910e-07
2.054311236719844346e-07
3.454737427332430218e-07
-5.247365806565961782e-07
1.175853906539891116e-07
7.586835314648056890e-08
9.383108398270815514e-08
2.323665910723968895e-07
3.450376995373411737e-07
2.968670551433787973e-07
4.810807812220175972e-07
1.974120243896740420e-07
8.846004495372517772e-08
8.754561128797890715e-08
1.002610236174471329e-07
1.892769567361942729e-07
2.654394298129560374e-07
3.298792290694504504e-07
4.881383534962682757e-07
5.823919795185871816e-07
2.297586150521054361e-07
1.673666486792477238e-07
2.606924392004571169e-07
2.736545579842052003e-07
3.528804472124509518e-07
1.899676189398279359e-07
7.080677433070054295e-09
2.442955101938630266e-07
1.781498008527619931e-07
1.762796723460777724e-07
2.430460398278137437e-07
3.303455609988641102e-07
5.326827312617372402e-07
4.459317049664787383e-07
6.902707050523850862e-07
6.292170540135900873e-07
2.037116446198731074e-07
2.312760083654411833e-07
2.293442670970721541e-07
3.397134121873529461e-07
5.541113659977366836e-07
6.683491053457129589e-07
1.025142269426736104e-06
1.094372108355496865e-06
