1.155555982822990912e-07
-3.085995561296769604e-08
6.708972156792696955e-08
-8.818335334845911030e-08
6.825375328271839643e-08
6.316449158868833842e-10
2.130445202658574557e-07
-1.428103200311235160e-06
8.556275977456374234e-08
-3.322613918582733611e-09
4.008633534520914785e-08
1.711555173676679873e-08
-1.517724254372821327e-07
1.488032675064120692e-07
1.078443333873034193e-07
4.983567462986202732e-07
1.109538722995847217e-08
7.171499668043892011e-08
-8.024705442476415434e-08
-6.484241431525429304e-08
-7.014516826595066138e-08
1.598843229739282709e-08
6.518768914365415205e-08
-7.616646938337481713e-07
-1.445598691305820369e-08
3.343394845253182888e-08
-7.497400897911097615e-08
4.105630845395879085e-08
-2.267099940345790890e-07
5.571277170446531849e-08
-3.545819959852860091e-07
1.149541744290099449e-06
4.842344916520800306e-08
-1.240486994346060618e-08
9.507346824504719812e-08
1.210534675596682505e-07
1.957906636517070217e-07
1.755044305584086468e-07
-1.485784786568014793e-07
7.719960958114315174e-07
2.824457694131668387e-08
5.630760434379867903e-08
1.031526073249761556e-07
2.003064272784187050e-07
3.511735963523757203e-07
4.867232084510024251e-07
-1.857313860040670101e-07
5.082806484629295162e-07
3.495317951558293596e-08
4.623339510558502392e-08
4.983318620136845129e-08
6.976490900106689471e-08
1.424570207380484037e-07
1.363678466492770562e-07
3.319992451031182898e-07
1.231894911295354117e-07
5.569280979078769951e-08
4.037149640886115319e-08
9.915022756832660339e-08
1.762468830408929266e-07
-4.055296917547110641e-08
1.138688204957213813e-07
1.266290466883207807e-07
3.722969934614720361e-07
2.942049927440729001e-08
4.961785992281376175e-08
1.417466937490410589e-07
2.394677080930009984e-07
1.729175067158429971e-08
2.517392891416582844e-07
3.380693970234841394e-07
2.519891975327446220e-07
4.339507223644951417e-08
9.696998517993792143e-08
1.762871795869107005e-07
2.470176023482679006e-07
2.219951076398847548e-07
1.511596881042816322e-07
4.005331494123194807e-07
5.361836322226097552e-07
6.960821578338810529e-08
9.093770519810007408e-08
1.602586153524537832e-07
2.046011705107182258e-07
4.028479214728113161e-07
2.819062243416572791e-07
4.083444306315508277e-07
4.322532584574040738e-07
7.366255762546511301e-08
1.543344619312634277e-07
2.257885713323343463e-07
2.236662463695716235e-07
2.890758427949059009e-07
3.247206830167169906e-07
4.282002235059353712e-07
3.577174582501336932e-07
1.041147353836829041e-07
1.992858165609638179e-07
2.044799126163122504e-07
3.504800499954110089e-07
4.342889506073354967e-07
7.972225562746388347e-07
7.068202929874212196e-07
6.955640053186806208e-07
1.770983007596412941e-07
2.368598258484219938e-07
1.637328159542324494e-07
4.604967909925945832e-07
5.554255343737810187e-07
4.450315724652883734e-07
9.460098174818764712e-07
4.121652817147157059e-07
1.769210873255676725e-07
3.111731862941358599e-07
3.211957282922831766e-07
3.583174884513041191e-07
6.256387643742025321e-07
6.166174499557594027e-07
1.067580920241166781e-06
1.441283604928361765e-06
