1.025386501172535170e-08
6.960592580793945246e-08
-8.917378054705768250e-08
-1.822076113157631140e-07
1.930810498073307654e-07
-4.168106502688996752e-07
6.010228512523489921e-08
1.538410951764375851e-06
5.489491078904632302e-08
-2.176477171984601341e-08
8.752943860423619705e-08
8.246366983387290752e-08
2.753310692598287638e-08
-3.129395689223454421e-08
-2.975920840997970471e-08
4.124418599372146257e-08
-1.666097372245224210e-08
-1.244844355263656042e-10
8.534727533303979721e-08
1.045657314414553758e-07
7.904452839806941930e-08
1.527268316101415066e-07
1.005186767320937569e-08
1.341914003590278672e-07
-1.974611646733292635e-08
1.530023223492038173e-08
2.246751444284295937e-07
3.655992958590272002e-08
-4.891116778579910643e-08
2.803141522109248160e-08
3.220630278790883620e-07
-3.839688719758466447e-07
-1.166763458971783229e-08
-4.549363611670834865e-08
-1.337785126533926257e-08
1.933986236213320774e-07
1.749552580838518712e-09
-4.129258766850893017e-08
-3.595993689714030077e-07
-2.344015909827853082e-09
3.940628050410695905e-08
8.864883845082898141e-08
8.504795542157662641e-08
-8.165719121138193505e-08
3.759204575428690380e-07
2.439695232858627112e-07
1.914632552274817595e-07
-6.685834496937065765e-07
3.293155115047139869e-08
6.311465074460534977e-08
8.507355716257004663e-08
1.054754664161024268e-08
1.443573629653707190e-07
-2.583963292309964284e-08
1.858825160198950988e-08
-2.550388189118938465e-07
1.372781460917293606e-08
9.074298761883791681e-08
1.431948258057854403e-07
9.502104320699768480e-08
2.254951840371113466e-07
3.262742710647654139e-07
4.043887808557596149e-07
6.522067512389817780e-07
3.261915818634270870e-08
4.190371624357257397e-08
1.078904258173332740e-07
7.459487716712938547e-08
2.292122699165166458e-07
3.110286347387414471e-07
-3.366349625633628483e-07
2.710171162113812754e-07
3.161473990424615334e-08
1.029715896694937779e-07
7.617163390848624064e-08
1.928736675598453877e-07
1.171357357072782176e-07
1.971667829507843036e-07
-1.847301782009683053e-07
-1.291165601701318575e-08
8.560061838450816193e-08
1.365606467467394957e-07
1.042292797762312294e-07
6.807243682107118463e-08
1.960042731281579878e-07
1.830671373410116543e-07
4.264450085369989375e-07
2.158475524668048644e-07
3.463247257992139215e-08
1.136557917974073565e-07
8.481813507341975599e-08
1.607169683969392653e-07
1.929136231195578122e-07
4.694025118720167772e-07
4.531289053389014623e-07
3.843788116174826573e-07
7.736386575530773989e-08
2.149182506886135658e-07
3.377083588873584890e-07
3.011471522104173427e-07
1.405359357742378085e-07
6.548007196636079902e-07
7.079329289022453545e-07
1.539538246031795470e-07
1.381330056349669746e-07
1.728502023860064740e-07
2.938397532770543591e-07
3.011429030215962738e-07
4.584405245796302732e-07
6.042015157806384421e-07
1.194053811606968969e-06
4.259498014019780589e-07
1.292788656451370218e-07
2.494293924617262843e-07
3.084185532681200178e-07
3.018471791574217652e-07
5.736488491883216411e-07
9.518444473762161588e-07
9.852093835855305342e-07
1.746583675220081292e-06
