-1.101956001870276618e-08
1.037073765868852708e-07
6.165473953759959388e-08
-1.118814008596594717e-07
-3.470888192117700660e-07
1.954623409980223101e-07
3.028662653355666757e-07
7.312799916644844709e-07
-5.705076001045903583e-09
5.380577208981057812e-08
1.094483170612563906e-07
-2.780649585994464760e-08
1.770659134206650241e-07
1.852067077442062920e-07
-2.738638905170653544e-07
3.228276964854498747e-07
1.112671826539825297e-08
5.569049164929263462e-08
2.230477657658316716e-08
2.739691783030354735e-08
2.508781131265264642e-07
1.722450169851053759e-08
-1.293977201185017838e-07
-3.988400761090857744e-07
-1.940930568017022264e-08
9.277210712216668471e-08
3.377766900107285671e-08
-5.524325175411612395e-08
2.733310048733309004e-07
2.923306154810145841e-07
3.596677092296376116e-07
6.296286324628986034e-07
5.441820769581934284e-08
7.603297989422685026e-08
1.342110034991407340e-07
-1.007097924243969839e-07
2.256428936632465242e-08
2.370170491487921665e-07
-2.525975346407079240e-07
-1.156176496015070611e-07
8.356998610098896102e-08
-1.628676081749829982e-08
3.849083949562081037e-08
-3.787463166145279126e-09
1.105805793623245346e-07
-2.085930824408629938e-07
1.801865081159513322e-07
-8.127340322348206813e-07
1.814807499342918711e-08
8.914539192005899027e-08
2.608970035025815675e-09
1.699697016972617528e-07
1.697691488159380474e-07
-1.533376554301235280e-08
1.532050313564306513e-07
4.023822687045594667e-07
8.279549621949574434e-08
8.462894935443301894e-08
7.306707601371057770e-08
1.117245413429851128e-07
1.970058037715759807e-07
1.388154168861501095e-07
3.404640598441749782e-07
2.040171745711985099e-07
6.340206230082352702e-08
1.271447268147452987e-07
3.551931999017239094e-08
4.452449406922105529e-08
-4.935838656659651968e-09
1.109326703206533604e-07
6.902242095182959309e-08
-1.536037636166332531e-07
7.699649911733578857e-08
1.027349976355997218e-07
8.257115452491172532e-08
4.563646577373772237e-08
1.473710475017814593e-07
2.593204718428025834e-07
5.541381379581785751e-07
3.142041612337159255e-07
4.803710387814704658e-08
1.486019952615022893e-07
1.160281154080382621e-07
1.325947460667214294e-07
1.418425423433114942e-07
4.475297196218532857e-07
1.030717934556607138e-09
3.781898811790082030e-07
1.094101692753393647e-07
1.618385533086440001e-07
9.339506447495722531e-08
1.942000970302773909e-07
3.034179494117929267e-07
2.013732421876418493e-07
4.022876066366982905e-07
5.590285887656119154e-07
9.459131154736012156e-08
1.855123276877715316e-07
1.327568517853654987e-07
1.164928895695698393e-07
3.586450509961899857e-07
3.583550594842718811e-07
5.908957160272138465e-07
3.732705500054316947e-07
1.402358098168359393e-07
1.978729923241390860e-07
1.805398640823929432e-07
2.023086131802250143e-07
3.174626780686299563e-07
6.975950702389325459e-07
8.975185755354940423e-07
8.495587839906882241e-07
2.208988019488014588e-07
2.951456647998952330e-07
2.133708894097671499e-07
4.055894606884721589e-07
5.341375001074831616e-07
7.087319887019389357e-07
8.465457428255696413e-07
4.910752044643490672e-07
