5.176942886684495127e-08
-3.548960021683564383e-08
-2.441402527093184681e-08
2.029362914764388886e-07
3.296283643240027703e-07
4.033876979982807101e-07
7.714477961345200435e-07
-2.475123403365489959e-07
3.194315265555077242e-08
1.725104238609145468e-08
-1.081256265280782355e-07
1.763469129297467825e-07
-1.009895800134373222e-07
2.660955113599875688e-08
1.659401686447773774e-07
-1.817469679947487754e-07
1.865155144240047398e-08
3.927121197689598140e-08
6.090003651574737094e-08
6.036873485373868611e-08
1.101185394440863149e-08
1.636244242429376117e-07
2.500708859002795520e-07
3.455067855579627434e-07
-2.798427346866458900e-09
8.544964626737550589e-08
1.494668145639894875e-07
4.487159730726451064e-08
-2.194337690050967831e-08
9.041013771467161599e-08
1.633696795839021357e-08
9.095989978006013607e-08
-3.436373999754703133e-09
1.448817781657716355e-08
-4.551148540331839276e-09
7.745953028323254037e-08
2.293123030973175703e-07
3.766982365396380584e-07
3.941652506672849488e-07
-3.007324706737349628e-07
7.365011055418014969e-08
4.958959111144380195e-08
1.629267065197259823e-08
1.463048576728802167e-07
-1.676731882785152483e-08
1.778130900755329597e-07
3.558385544343909318e-07
1.077007190757489552e-06
4.204469704480054169e-08
2.611506577069273320e-08
7.866528280984617647e-08
-1.018170977380888920e-08
1.333174628475124575e-07
2.221579974679311083e-07
1.630152994947748477e-07
1.154520654494569946e-07
5.374800249408648752e-08
4.338456734207581613e-08
9.241046073021006328e-08
8.175145182439446653e-08
1.354847392804268584e-07
3.879997408967359307e-07
2.180382253151324461e-07
-1.263168632173972377e-07
4.437392749650226270e-08
6.667034513590500195e-08
8.420908203493066220e-08
6.162539026118349222e-08
5.963798357263323481e-08
1.572932124476535302e-07
2.418484199095511197e-07
8.027789340030271802e-07
5.472394576756452116e-08
1.711973850979024648e-08
4.246021487202947162e-08
-3.395119065464895965e-08
1.402068008004633887e-07
1.739972274104687739e-07
1.258031311139627810e-07
1.051886776762503489e-07
5.906195119821643389e-08
4.492555279429838082e-08
1.334045220751243139e-07
1.645395828271445959e-07
2.747879369620820093e-07
2.051422794723734179e-07
1.654103933883266153e-07
3.498940638094229240e-07
6.561905232141613151e-08
1.087766160347277869e-07
1.555828785407889049e-07
1.922319228653989297e-07
2.983243645471794081e-07
5.925651818011840670e-07
3.119094792922227217e-07
2.274491821794688239e-07
9.857780984182527588e-08
1.431603744393812679e-07
2.172895888467891307e-07
3.778321731363918229e-07
3.922535802571558129e-07
8.434337201523492226e-07
4.524057000162831810e-07
3.268360620530721620e-07
1.614926889742207233e-07
1.334468662691453351e-07
2.206863293248146597e-07
3.207848920839225972e-07
2.117043837994321447e-07
4.253267234707599830e-07
5.285803252450923715e-07
7.654927597998478224e-07
1.107668800304915880e-07
2.067205492966208470e-07
3.621686422837842710e-07
3.826112090658183257e-07
2.912642992201537687e-07
7.630660992045277521e-07
8.230630572331932903e-07
1.389007869748315301e-06
