-3.519815197488247118e-09
6.442399982223326157e-09
1.871505854631420608e-07
4.026156692843124326e-07
3.015040214597157447e-08
8.567828935591113992e-07
-5.595919100393832106e-07
6.959374330400444644e-07
1.319511710757995819e-08
2.592466517472684107e-08
-5.623227879065079418e-09
-4.601648662124158737e-08
1.185417024320598411e-07
-8.060851598731587545e-08
-7.504832497767071509e-07
-4.236787837679578939e-07
-1.114500025445885666e-08
3.049560195618239942e-08
-8.605917552636230360e-08
1.172892326913500850e-07
3.536379073375388841e-07
2.505834347539544296e-07
-5.866492387349564106e-08
-7.218117753073968422e-08
-2.021206798012500165e-09
3.007107703292470648e-08
1.199986417260617228e-07
-9.481039060603206115e-08
2.618357188467061503e-07
4.704319922303184864e-08
3.053188298746314223e-07
-2.382559508743969191e-07
1.416197946003896725e-08
4.507745797033267863e-08
-1.820218679495208709e-08
-1.496396881109558253e-07
3.257257105996175563e-08
-3.854258686314591950e-08
-9.161343647974862976e-08
3.969397552350247669e-07
6.203605635452134378e-08
1.226998584169256851e-08
9.097417089539670128e-09
-1.156919604704005166e-07
3.655848026888536975e-07
1.183562618448685514e-07
2.074033249300286816e-07
-1.671791717908503662e-07
2.687337549896348718e-08
6.124452192266863484e-08
7.603355946179494418e-08
2.228846582097018034e-08
1.782351833162936000e-07
3.514744948584833039e-07
1.939490068451077013e-07
2.448978001716442282e-07
3.035162706305546487e-08
4.886089588615573102e-08
9.421714751338114351e-08
-2.316523217981330620e-08
2.809606715799808179e-07
3.059565541110201466e-07
4.156676803862005603e-07
3.389387014300905502e-07
6.021880610608876152e-08
-6.042267892904437896e-09
4.417862221791357894e-08
5.398852157214393941e-08
2.473295967168387907e-07
3.207597747247200619e-07
2.423347476726560094e-07
2.138185125775562910e-07
5.174792604575173435e-08
4.365512698773287208e-08
5.864667904199993934e-08
2.896104042221123877e-08
1.683682034109479716e-07
1.146493925832126003e-07
2.812629812448280766e-07
3.718143241367465416e-07
5.374470887630697044e-08
6.246585277385757650e-08
1.165849838610396025e-07
1.771948882532722052e-07
2.599861339804787948e-07
1.884270861211215207e-07
2.028109692356806397e-08
6.469196874833087955e-07
7.845662609032180216e-08
7.317043387689552572e-08
1.179741178051187220e-07
1.287101543354213366e-07
2.538837487244944754e-07
3.041046195559633131e-07
4.544294961325706601e-07
1.008570157059145794e-06
9.211613547691867409e-08
2.240039282468432966e-07
1.619051884596152311e-07
2.206786616147341894e-07
4.984263581299392687e-07
1.009111697331138190e-07
-8.860933884093714703e-08
5.278129661592695889e-07
1.507844731688740479e-07
2.039135716826736031e-07
2.326467127479296353e-07
1.982905712782611667e-07
4.320020122961077331e-07
4.958553092005943142e-07
8.343319803029361089e-07
6.480255824766590307e-07
1.809835440530757873e-07
1.570487057644894352e-07
3.984586531616580577e-07
3.889547165571371981e-07
5.584567978152854251e-07
5.826978513783013087e-07
6.045607628432087720e-07
1.640223787509272397e-06
