2.626205045548553844e-08
-1.487155909536624456e-07
-1.669930117211440308e-07
1.407945511952370679e-07
-2.786118343384922199e-07
-4.470336470202558876e-07
6.348344228916876517e-07
6.741009470345562727e-07
7.236595806092421533e-08
1.030977253192670295e-08
7.289622680561142708e-08
-2.565592556638916125e-08
-1.292729312783237604e-07
-2.936915349841110261e-08
5.325394148866034889e-07
-1.482039161824867182e-08
2.223856935480392654e-08
7.883674900415546012e-08
-2.528597666887117499e-08
7.453521015495616054e-08
4.597112985095820375e-08
4.232684954401887532e-08
4.271233211682813117e-07
1.256088499178905668e-09
9.098654142003812819e-12
1.414238396645469792e-08
4.866487144045952271e-08
-1.393159158882185852e-07
3.592548418102987451e-08
3.541958589849761191e-07
4.471678297848586240e-07
1.097946708555937718e-06
1.188026244508341012e-08
9.249728581626786280e-09
5.262018808271179890e-08
-3.713049574019735453e-08
-4.612903710122895803e-08
-9.409988586722562570e-08
-9.796498925103534902e-07
1.368757198306991087e-07
1.037046677159494611e-07
-2.410009802492037325e-08
8.246523181464146282e-08
-1.429725232990807255e-07
3.612436931664498490e-08
-2.137612718899940426e-07
1.133105153708705327e-07
-3.165779586473381511e-07
3.787457690145465249e-08
4.444727179925147915e-08
5.130361601663500317e-08
-1.656109228758391297e-08
1.518242051997180069e-07
2.195240396644743813e-07
1.380802682044014867e-07
1.051296766524480437e-07
8.859327929307268262e-08
-1.222075766134551040e-08
6.284645330000723252e-08
1.008575936456219804e-07
2.036703763838039269e-07
7.754204392790548676e-08
2.499511426229040572e-08
1.693390815797962572e-07
4.449163210475940780e-08
8.583566365795303515e-08
1.536630638854642692e-07
1.936051918709106176e-08
1.321806483538015637e-07
4.250061194943038333e-07
7.781065227696462243e-08
4.849219437962646357e-07
6.199989699187284748e-08
8.533189055043907747e-08
2.678799825161523392e-08
2.110898668324017335e-07
1.731726548526335031e-07
2.304698715849786421e-07
4.332534390905190489e-07
5.594668936393808865e-07
1.145095698131789818e-07
8.170834358441140731e-08
8.791689881295552100e-08
2.290741432527879234e-07
2.994007936552900053e-07
2.881454521419022804e-07
3.401839214213473301e-07
7.032489036105679688e-07
8.251034422193269679e-08
1.322333127064425085e-07
1.143425458857281097e-07
2.023835444506972657e-07
1.964475106259784801e-07
4.508685205632369320e-07
1.427997559042882911e-07
4.495440157813279068e-07
1.839398065671835870e-07
2.372967906538551621e-07
1.053969194460541655e-07
2.771124351261109932e-07
2.993241924315167750e-07
5.482143774334790162e-07
-2.564231812144356160e-08
1.025324085379671687e-06
1.753703937079140434e-07
2.159289926821197599e-07
2.463647758038373380e-07
2.959238656112696479e-07
4.863169579550084747e-07
7.848599476311612749e-07
5.049884880786267783e-07
7.246249391476186346e-07
1.943351402339093174e-07
3.289410176821593764e-07
3.332818144997418087e-07
4.070652082741621577e-07
2.898327170076820109e-07
6.129806983805305752e-07
6.293378579129336502e-07
8.969345364245847562e-07
