2.053497371161272721e-08
9.536892989141770437e-08
5.143870518769167183e-08
1.786442452028341459e-07
-2.647892104126125758e-08
-2.862786947020151566e-07
3.893894793753323004e-07
-6.232193742521920928e-07
6.641291859591338801e-08
1.081869376941512668e-07
-1.076240681812543436e-08
4.713862794802111841e-08
6.491694328584893985e-08
4.229129206779200905e-07
-2.995246202040931197e-07
-1.607141597866769397e-07
1.022158299463299731e-08
4.422216449377175187e-08
3.402742854585237845e-08
4.893468475461190485e-08
2.799845940923682928e-08
1.505649474578502576e-07
-3.738703296951525425e-08
-2.094920541475342844e-08
5.687283057451413326e-09
5.942314409844789491e-08
-9.103152900974454782e-09
4.680009597978755687e-08
-1.120455877358812674e-07
1.644422255638810892e-07
2.663380030463316401e-07
4.593800210542960807e-07
-3.330312791059000617e-08
5.809032794571769972e-08
8.102762175513030028e-08
3.565026551741199493e-08
1.299154897118481922e-09
-1.557199204584061264e-07
-1.306090590495398377e-07
-4.086963247853257034e-07
2.343801173555732140e-08
3.311521810846377235e-08
1.035712253975321270e-07
1.974613761424683059e-08
-8.018013142442027702e-08
3.717187000727783862e-07
4.406429945468460211e-07
1.102878589899351635e-07
-1.232262105911403120e-08
5.426332561455557180e-08
7.193249456875523165e-08
1.926440793252855695e-07
9.034300211239216421e-08
1.837381111299006349e-07
9.950284356287229347e-08
2.392150300401107336e-07
3.530384273297782904e-08
9.334249137527892401e-08
1.340496904266564245e-07
1.957552090838123339e-07
1.712798829935148063e-07
-1.406448377884105819e-07
1.087168886401661511e-07
4.097998829353835383e-07
3.908062670354789293e-08
6.913268307067919778e-08
9.719640804315376438e-08
1.610012443507645874e-07
8.783206034585655684e-08
1.817375843129205817e-07
3.644704364083134769e-07
4.690616584249265968e-07
8.713745242434062989e-08
9.870548374573613270e-08
1.228277303530785568e-07
3.118137605900118820e-07
5.167506384339497522e-07
6.428920270039427820e-08
2.234082326780755555e-07
1.171907325989222940e-07
5.238828265092077504e-08
1.322030108958794771e-07
1.495824291108362895e-07
2.341464550129185963e-07
3.355249489065580603e-08
2.164140805830205801e-07
3.122667576346418890e-07
6.013303153516601572e-07
9.132240260568936286e-08
1.380681776233040928e-07
1.755010449734425612e-07
2.098873659643642746e-07
2.376709799070226142e-07
4.810194307305488694e-07
3.179974421561733413e-07
4.720288171377679723e-07
4.365213020541355750e-08
1.453437399178352539e-07
1.707729716152869735e-07
1.251725484752561115e-07
3.366125693691055086e-07
6.793357298299552928e-07
5.883430763252420441e-07
1.006436777132157375e-06
1.281724850994055668e-07
2.417222427962900653e-07
3.050643267419018938e-07
3.438179277662620710e-07
1.721041276959805042e-07
3.849367988818357142e-07
5.533379773919156570e-07
9.168292897538267121e-07
1.142033506749170098e-07
1.560455625072704487e-07
2.759507339395867466e-07
4.095192669663417346e-07
4.698000336378482599e-07
4.308609172842442188e-07
3.772125899206029954e-07
1.470736738792117709e-07
