4.489045270540418667e-08
-6.428409541108092712e-08
2.501412450550010571e-08
-5.670465010172703385e-08
-7.297552859510855321e-08
1.097280996217584900e-07
-7.129375981944386353e-07
-1.700861580823718431e-06
-3.826532765065461245e-09
-4.861841707325691787e-10
4.551140987365818821e-08
-6.689822129091349439e-08
5.400291961845992974e-08
-3.826192709538905408e-08
2.250245625352086114e-07
5.439388432547859991e-07
2.338691540710833597e-08
4.340109030339768737e-08
-5.122988000455242253e-09
1.046252246569676121e-08
-2.118463752866357247e-07
2.817289319543738416e-07
1.426522226887993151e-07
-5.790250134855404406e-07
1.171075960587436961e-08
3.747420318003696257e-08
-1.393108621606222207e-07
4.239112714348547842e-08
-7.059054109606611188e-08
-1.290574527683761846e-07
-5.197520186983277306e-07
-5.717020084224413991e-08
7.563895809474009225e-08
4.447002579863626252e-08
9.350874759562287720e-08
6.805338518208094291e-08
5.393152853847537946e-08
-1.863731467197646828e-07
-5.609740047207113693e-07
4.601202984825366863e-08
7.922077749003255833e-08
6.438858525648083374e-09
-3.977458009426613351e-09
-3.487377609059249630e-08
5.106178380410045818e-08
3.210471326937668934e-07
3.026746156325793541e-07
5.271091335176076377e-07
7.321831220332998877e-08
2.058530180255540803e-09
8.328203351139823781e-08
1.799138777947403188e-07
1.296002677268568506e-07
1.937622617540012064e-07
2.991381525498616389e-07
9.048099848127715318e-10
7.190918511656194589e-08
8.494091496344341004e-08
1.535790393518608455e-08
4.269312893607633124e-08
1.568688569042694587e-07
1.128295654216547701e-07
2.970183312278000642e-09
4.622271623664345055e-07
7.293370992708728811e-08
6.789123800477485576e-08
6.749060536061922334e-08
1.177371738788714694e-07
1.606877762505490345e-07
1.371564977011167953e-07
-1.146330622363975300e-08
-6.358052963578499893e-09
1.036147917418376372e-07
4.528630288149392981e-08
1.269212944845643449e-07
1.520234451705896136e-07
3.992343157605176286e-07
3.155811363312603605e-07
3.417872412872637489e-07
3.022816330381706649e-07
1.128582884928291827e-07
7.490421107300634347e-08
1.146339293983511776e-07
8.129148044138048181e-08
2.820178164121852891e-07
2.183466176324260361e-07
2.559266189140233040e-07
4.878626347865953481e-08
6.367752431412462023e-08
9.489142475983986732e-08
1.560996268879122609e-07
1.228710505903199835e-07
3.493488805285859362e-07
3.822097496937501812e-07
4.273964024956591169e-08
7.110157056131010365e-07
1.265002919009247812e-07
1.555748180739841623e-07
6.710909395460439990e-08
1.112255495023924444e-07
6.304299443710534993e-07
6.400244169951281492e-07
4.013445855063249308e-07
-2.015014613840582944e-07
1.543540783840899738e-07
1.584159604215791713e-07
1.653853496912296444e-07
3.465629594146536912e-07
4.510854314741326155e-07
5.065014037282502842e-07
8.399165542049287289e-07
3.736368453722759495e-07
1.631174936292228775e-07
2.720231088013112946e-07
2.203445350195707089e-07
2.861978689434602935e-07
3.721847712247596999e-07
4.829664388225380107e-07
8.684829720455382777e-07
9.219917615150029090e-07
