-3.633972775484795326e-09
-1.348827598355796623e-07
1.478585839345820048e-07
3.507475983647201674e-07
-1.174411591196193960e-08
-3.873426980077872166e-07
1.940165322654127241e-07
-2.639085965222815488e-07
-1.086726421023945421e-08
4.416226818039718081e-08
-1.022291527341114221e-08
-1.129406636158979322e-07
-7.812045739286704054e-08
2.422779210920050880e-07
2.332102802173226527e-07
8.049367873264734424e-07
6.888430397795158769e-08
-1.573642220355081672e-08
6.460814910097399999e-09
-1.372937789136044699e-07
-8.121618539366958710e-08
-9.297310680989126273e-08
-3.362601354116541955e-08
1.082901447447771894e-07
3.615762305268713099e-08
3.405481320401090901e-08
-2.427245620325180951e-08
1.060480418277440359e-07
2.535622487579749542e-07
2.652823842838835913e-07
4.953928191141422950e-07
5.925601717148872231e-07
2.513013378079192683e-08
-5.629089044721625923e-08
-4.389381872248078641e-08
6.986825260389067227e-08
4.772102871289023525e-09
1.711316200188863711e-07
4.455077976863118596e-07
1.655115653206968551e-07
2.475838756438756205e-08
-7.179020992355644488e-08
4.202383239213762096e-08
2.627368157951770966e-08
1.745549296598958117e-07
-4.108965814387731703e-08
5.302893703703065092e-07
3.626276594345358331e-07
2.660121344839738106e-08
2.724815836982055134e-08
-1.554355118613348762e-08
-1.216556684702559379e-08
3.465451411913438883e-09
2.267371176673045747e-09
5.271425533423682727e-07
4.452051620333550198e-07
1.235666653612593267e-08
9.541478402304590869e-10
3.222491727569446318e-08
1.732558699748131094e-07
-4.456263604214698618e-08
1.322859874220984114e-07
-5.000334382336672094e-07
-1.098494370815867596e-07
3.186946344743958685e-08
1.433607034995209157e-08
-1.964845224597715372e-08
1.418983633317463675e-08
9.462923745712932770e-08
1.272162313662555475e-07
3.305189406044133733e-07
5.099332014060112991e-07
5.780491811347097624e-08
1.566011547179268255e-08
3.698613565251398603e-08
2.274043737021132522e-07
1.571108445061293966e-08
3.428536913991492133e-07
-4.849491531080399088e-08
4.609868615838782294e-07
7.295160599782147478e-08
9.511754416745292651e-08
1.371642111056851952e-07
2.141122545777662026e-07
2.991012773018410361e-07
4.309221648900808143e-07
7.188776603504599590e-07
6.265385731427407308e-07
8.698895068882654497e-08
1.034057344165000440e-07
6.024324945768505032e-08
1.337144953061956055e-07
4.462486184271681172e-07
4.497215598472872923e-07
5.681673620033092495e-07
3.271586668231397402e-07
1.056615921113215689e-07
7.022205119003458609e-08
1.444027772674357881e-07
3.461407720344110799e-07
2.606570311956089541e-07
7.514386022880096997e-07
3.620221433480631493e-07
7.220842066947660979e-07
1.299954575123838721e-07
2.013271517573878823e-07
2.861623267319214177e-07
2.719127954872434525e-07
3.933408305531055201e-07
4.278564270011665533e-07
5.621583569611039509e-07
8.006175198304855548e-07
1.926234316407512206e-07
2.844302453747036608e-07
2.614086458775305449e-07
4.060458820192015525e-07
3.675605277654401657e-07
6.392349898470348856e-07
8.119423437890557446e-07
5.997561504278586048e-07
