8.243717958013216388e-08
4.410702099712770059e-08
3.452474867514544349e-08
1.197880748774650452e-10
3.188158730626123612e-07
9.624240895398061774e-07
1.065371398406699275e-06
-1.644524736410120686e-06
1.856987904764667001e-09
8.202124086223221974e-10
1.094155715551000053e-08
8.768909010466332916e-08
3.558122410826073489e-08
7.704404356655224938e-08
3.635804958164541309e-07
1.347003745100269759e-06
-2.552405092243454323e-08
-3.553018879971580902e-08
9.122364819009935662e-08
6.283436249040985007e-08
9.029597506677125519e-09
7.216636926193097711e-08
2.510721559219711892e-07
-1.742769111013913402e-07
6.716482982357541665e-09
6.978951852770413684e-08
3.777657994257215202e-09
5.888213833642225149e-08
5.845290384273620675e-08
3.321594573914076450e-07
2.204543276972100424e-07
7.450716594778658630e-08
1.809066066108875798e-08
1.015343037514615069e-08
-6.175537137655416975e-08
1.196438025257866020e-07
-3.038530040321203388e-07
5.963236417201899567e-08
1.067367874583270460e-07
4.902787026668484161e-07
3.677639646260023982e-08
1.045065232480544134e-08
-2.150915941278945512e-08
3.796857816294951687e-08
2.085885446235631063e-07
9.583457512930553945e-08
-2.493456857430125470e-07
1.544333263123827154e-07
-1.208382766920720631e-08
-1.886620378471285568e-08
1.240080940531055425e-08
6.839268816412782935e-08
4.529445934153644860e-08
1.612345758250497632e-07
1.516786028537999233e-07
-3.700489508210194647e-08
3.903850350940455579e-08
3.456077960792566426e-08
4.494430142538615523e-08
3.093092877487265310e-08
1.751958421067276190e-07
2.828257775067044058e-07
-6.464256612005201035e-08
2.223925873749889062e-07
3.167195079654294572e-08
4.973731393906599639e-08
8.296270629955580119e-08
2.304786092207002774e-07
-7.558093724767900165e-08
3.218693924670150840e-08
2.211214968628127851e-07
-3.375165665873815664e-07
4.295546402653805725e-08
7.382433417929432973e-08
8.325323683525293602e-08
1.982266695000251837e-07
1.476264021541312274e-07
3.589943727338318555e-07
3.294897911692577802e-07
-9.410964193482792053e-08
7.300099670395855252e-08
5.958255964517074189e-08
8.191605021200043513e-08
6.452860576152177315e-08
2.986325627025608876e-07
4.469130949367686466e-07
5.627093841217358694e-07
1.475699963966616407e-07
7.272496333475560902e-08
1.143653510178747458e-07
1.866837158526128606e-07
2.354152298565683455e-07
1.222916406687534083e-07
5.541357462124139311e-07
5.085004746273263711e-07
1.025479294821798381e-07
1.405184644944367460e-07
1.017064026421835612e-07
2.520329585105682177e-07
2.885941992783872287e-07
2.216737515842890448e-07
5.388550523509549132e-08
2.653921311940756006e-07
4.866428140920905990e-07
1.238163372091903042e-07
1.930183413961049864e-07
2.646931839923795413e-07
3.313204948392823015e-07
4.824128642229022287e-07
4.855550227233953162e-07
6.140886808658593045e-07
6.399558994985850010e-07
2.426664396289845262e-07
2.262134904763606286e-07
2.274853882951675627e-07
2.145463843323506724e-07
3.971943434738352631e-07
1.466808081554769805e-07
8.556896883603628496e-07
1.576422031493974619e-06
