5.527307199079531064e-08
3.300259267703681304e-08
8.087741064640654502e-08
2.253809030291800638e-07
2.051955224235604860e-07
1.099132874647814629e-06
9.927558662176551639e-08
4.401395052307043788e-07
1.817768855591471348e-08
4.248914290997823181e-08
4.207636598918492773e-08
-1.813327655680663992e-08
1.607996751319773313e-08
7.042617281233825276e-08
-9.595162436735643935e-08
6.469230517990626938e-07
-1.068333435462786408e-08
3.238552836876634647e-08
-1.251935365992293361e-08
-9.100447535418089902e-08
-2.371519744949247557e-07
1.978338607655809801e-07
5.084511801400424146e-07
-1.018513960041451779e-06
3.701322253026745356e-08
-2.040196613394278445e-08
6.092704696377278332e-08
-1.196933638575123116e-07
2.174380245360790714e-08
6.560617199267857861e-08
2.032979035125021987e-07
-2.555881779224779392e-07
-4.934900485298538725e-08
-8.696167832178322880e-09
-6.860823341393496876e-09
-1.111973657213170454e-07
-1.184282299769625507e-07
-1.444834500897724712e-07
3.121527794142995591e-08
-5.186232452879924064e-07
2.128920976762517351e-08
6.740049702294279823e-08
1.109286520265999664e-07
1.802119612541866103e-07
1.875197385015335320e-07
-1.118841434202114441e-08
5.328104163090757495e-07
1.110267242287151742e-06
2.796461922232258087e-08
4.761680379896658256e-08
1.023399614684672079e-07
9.727946863106119539e-08
2.877597137413525591e-07
1.637638943548151359e-07
2.367119368018605099e-07
2.406752498589927674e-07
2.801351237582142996e-08
3.292308410609254759e-08
7.053844484052651858e-08
1.132435155478996280e-07
-5.988102161084067070e-08
4.210795166902125267e-07
4.601858335526213068e-07
3.195465079668138956e-07
2.024377077908146478e-08
4.325658066184518765e-08
1.771016847626425635e-07
8.984943775042337004e-08
-1.432502728167043995e-09
2.129870233345939265e-07
3.488500736555209192e-07
5.138001469151855973e-07
2.414121784961284808e-08
3.727953591900330619e-09
1.260489566261266936e-07
1.086196958572513753e-07
2.964066767609693220e-07
3.144695302320751412e-07
3.032537126295112710e-07
6.935434390082925944e-07
1.068881056363151128e-07
6.118531501619596424e-08
9.743546411771035647e-08
1.349779525385717289e-07
1.798971646912352115e-07
2.903817697216088562e-07
5.561483406021294384e-07
3.060144011519353192e-07
8.055982062342794578e-08
8.081355674625315477e-08
1.394262025665589893e-07
1.957557217317298360e-07
4.163157946292176846e-07
2.760105789748256288e-07
3.091822235749656837e-07
2.082017727551010409e-07
1.220338955447271356e-07
2.004574329210293071e-07
3.066793124563640238e-07
3.221234288909307170e-07
3.942044479033314761e-07
5.241364616623660075e-07
1.769074354467853953e-07
8.753805142235297243e-07
1.717573265287612028e-07
2.057037812005921719e-07
2.817084104307442607e-07
2.708773121213606484e-07
5.805081148107142813e-07
6.097293479525916834e-07
9.401432629902739749e-07
1.121200226768796465e-06
1.966360445334699682e-07
2.533592995676670669e-07
3.456264172996887581e-07
2.534440319980381524e-07
6.690696660506673415e-07
6.366493171259742709e-07
1.160460295315627149e-06
1.982949736220299188e-07
