-7.139234515085348824e-09
-1.609084033641338326e-07
-1.650153483422718964e-07
-2.004977865147454336e-07
8.223584891179610753e-08
1.435683691988280347e-07
4.753356379628726658e-07
-1.938291478059369322e-06
-3.822796310724289245e-09
-2.745159409119391914e-08
-5.845565082981216366e-08
1.010943998018059241e-07
-1.266562513879438460e-07
3.994108701645926701e-07
2.542387444573507569e-07
9.050313574981749609e-07
-2.009950019886396750e-08
8.186966570542561548e-09
6.885151867141851811e-08
-2.717730778713001723e-08
1.425661317561803319e-07
2.537810409583533001e-08
-1.072653758575403761e-07
-6.509861456087305243e-07
5.974293867486416460e-08
3.661910903977432815e-08
-9.939117658473111257e-09
1.019044579377644966e-07
1.449421388505932379e-07
-4.716661816726742636e-08
-9.908309639675198486e-08
1.436477517139191920e-07
1.257353306505092663e-08
-1.598818419186698133e-08
-1.228704985832272301e-07
7.828414288491456387e-08
-1.546412132799568893e-08
2.792552702352453966e-08
1.451534075431334840e-07
7.403303134322761539e-07
-6.678090680138221646e-09
-1.706384825914383836e-08
6.446710279168325200e-08
9.373867763233264350e-08
3.135105866115175152e-07
4.687994495061346665e-07
5.403826246346911195e-07
-1.834884480541024218e-07
1.562929628141345083e-08
3.882269314137434611e-08
2.118659930157036207e-09
2.388633682470641692e-08
1.525528697665283461e-07
1.238418016432785341e-07
3.796421489324550949e-07
1.069380202418442590e-07
3.542856076110795756e-08
3.745979426475657856e-08
-2.670179536328031518e-08
2.498269615940953518e-07
2.018886930520575996e-07
1.789695792227178393e-07
2.308069725279440830e-07
-5.328810448820895959e-07
4.257250455353689874e-08
3.452460720429953293e-08
5.178174216010632374e-08
1.045504955939000383e-07
1.207501515877076276e-07
-2.484425232201344001e-07
2.992345309158928429e-07
1.108145740016785161e-06
8.342357509155487802e-08
8.770653815295040434e-08
8.325025793701774407e-08
1.536995026532972951e-07
1.189207673433013535e-07
1.260326104845004263e-07
4.298935164264362914e-07
4.433088213850255249e-07
9.494145584571800708e-08
8.892378017861296945e-08
8.461232091060659449e-08
2.033298788226849743e-07
2.599835350402214004e-07
2.078885821828880539e-07
3.557581090591288555e-07
3.488019446174352544e-07
1.193293326402557499e-07
1.289033082267205760e-07
8.266653657247328494e-08
5.819669348678311114e-08
3.076997798792197507e-07
2.942598250234611613e-07
5.122048775652193187e-07
4.364292987561520748e-07
1.429089780244260999e-07
1.056855212127386844e-07
1.520681239673616057e-07
3.040721583265439484e-07
5.109986697185168723e-07
4.765127442733618557e-07
1.362055830437023813e-06
-2.479647227504262270e-07
1.821287563123016738e-07
1.582398273669317617e-07
1.908145736162533593e-07
2.658305725456116696e-07
5.176854349886896049e-07
5.716406911193446864e-07
6.669141424621694170e-07
1.116082801164771594e-06
1.792118485898402153e-07
1.582720872001736855e-07
1.428443155866934365e-07
1.861628329264576883e-07
6.799993328726876295e-07
5.880613420686574042e-07
6.285634260085852068e-07
1.121707469869935535e-06
