-4.621391029881052317e-08
-5.196061633113538893e-08
-4.909578670586854356e-08
-9.538413970718092913e-08
-4.313164208518634808e-07
3.142367856766440884e-07
5.276779636001426889e-07
6.268751201821208107e-07
-5.830397613244536989e-08
1.192881120248599854e-08
-4.787832191855267715e-08
7.084290792271899519e-08
1.498627522439757143e-07
1.875418133989311928e-07
-1.095446141240416865e-06
4.442260820018558259e-07
2.845991307074852962e-08
3.017469142648594083e-09
-1.894881874813136667e-08
-9.789315194884262192e-08
-4.931783185129572099e-08
-1.717893294579823828e-07
-3.587696287745100423e-07
-5.128272331721586144e-08
1.093569036049050885e-08
-1.777227960342589594e-08
7.282799864844558448e-08
3.612079553324152576e-08
-1.224451250097803179e-08
1.656485522860164963e-07
1.939996676036222272e-07
4.032156633502567237e-07
1.620292432892478243e-08
3.166747178225363053e-08
-1.546142990304373845e-08
1.693759616486156761e-07
2.576254344633006236e-07
3.018859822266643177e-07
2.540707485393830748e-07
2.053564585393313908e-07
1.006566833620932252e-08
6.842242696680148592e-08
3.148208111154724413e-08
1.247607549556847707e-07
-1.320076974091117115e-07
-9.683640187758233513e-08
3.397599540346565763e-07
4.814104608380063242e-07
4.114321354470494985e-08
4.926348686309840796e-08
4.389963921653601558e-08
2.043968128249556225e-07
1.919267254593389035e-07
4.723822826337091469e-08
4.545051451057900499e-09
7.014560032200343201e-07
1.602895280532709176e-08
6.593047118976365985e-08
3.658154433736559612e-08
8.407817595017788937e-08
2.253047596135819757e-07
3.942283371091912882e-07
3.218784697175477347e-07
-4.658838073652886555e-09
9.460511824567473006e-08
6.807184517293404086e-08
6.062239186412317439e-08
1.041814858136026983e-07
3.071169740263442547e-07
5.979975481740891270e-07
1.618223146619496364e-07
2.618426716662352157e-07
4.814726731539065659e-08
7.841618589794862871e-08
6.669893043691099415e-08
2.363909643061885046e-07
2.297075585005420427e-07
1.530366767229602610e-07
6.739555783208165158e-07
2.695601139138227915e-07
7.929675936719989784e-08
1.531372491147494923e-07
1.303120268701952460e-07
2.675298631851349260e-07
2.447526064485318396e-07
4.384749252899575425e-07
6.403040330862658072e-07
-1.223023879471655359e-08
9.338954702260852929e-08
8.795802665462635691e-08
1.148727902210056180e-07
2.485012290187528261e-07
2.091426889144659170e-07
5.355916707579612554e-07
5.178975211176493353e-07
8.614958134947080944e-07
1.168180757569710061e-07
1.012046962548715729e-07
2.350890723691608256e-07
2.054680102613622933e-07
2.475896591362722911e-07
1.963051120699202860e-07
5.575510834619142481e-07
1.033815743734695406e-06
1.471611031694349450e-07
2.005335466675567591e-07
2.779832226515022666e-07
3.569816251590754108e-07
4.743532061734301998e-07
5.884367128500873789e-07
5.979878114076837042e-07
1.306639594687164123e-06
1.828017053325214578e-07
1.779818198477077053e-07
2.244193541082126740e-07
4.882006654359679847e-07
6.643299950729826901e-07
5.332094832828388318e-07
9.277369185093128757e-07
7.329887428797377798e-07
