4.104950126283645111e-08
8.929507774158804699e-08
-4.508290105006774922e-09
-7.868224934500818534e-08
7.723311312717090660e-08
3.535285931382665296e-07
5.181997758267518013e-07
-6.187516847849410640e-07
-1.913445636606876445e-08
-5.567226212221471918e-08
1.407295091447589192e-07
-1.943404231975072956e-09
5.191315030927961285e-08
1.022631393941904413e-07
9.253399916873478277e-08
3.582302472226750042e-07
5.985166922836158067e-08
9.614208762362983996e-09
1.352325419162865264e-07
2.129252782827903256e-07
-2.676835229707832861e-08
3.627824220674060559e-07
3.230424680555738503e-07
3.276918878045906218e-07
-6.179382949527814293e-08
-6.498026721854766176e-08
6.168970169048491929e-08
2.276371440336119962e-07
8.309106327689480867e-08
3.659818295750528016e-07
8.364625878686452059e-08
-2.569506367285844544e-07
3.979428530361874194e-09
-3.698849683448535126e-08
6.971418757537898727e-08
1.547323345432461220e-07
1.417772494588214847e-07
1.401233421083159924e-07
-1.200821245682170470e-07
6.969827158848476083e-07
8.685906572614497542e-09
2.576873216230971523e-08
1.057585950832082030e-07
3.175607097517721251e-08
1.083086212768039306e-07
3.839331922426315910e-07
-4.933015105223636056e-08
-5.667328899191059394e-08
3.502472413372828686e-08
6.655947232948774209e-09
6.990027814573867558e-08
1.273655718624979517e-07
-9.726946844248691399e-09
1.682301195756962392e-07
-3.723705819110445325e-08
4.773081236282854158e-07
4.732702693636035289e-08
5.946955688597555822e-08
4.084894302358012908e-08
1.509082105947586475e-07
1.893419698994142016e-07
2.674499094063069513e-07
3.658789688430701101e-07
2.187247488403329767e-07
7.142608648328421830e-09
2.665061865299135633e-08
-1.429735585543971244e-08
2.121984430567504904e-07
2.125032720042117533e-07
3.595384288134534020e-07
-2.428891882932514808e-08
2.354786640695309884e-08
6.031848572108144785e-08
3.579335577577606131e-08
-1.453280349714879816e-09
9.841595851116151953e-09
2.490169726096659564e-07
2.634315472853687059e-07
2.359963270813556744e-07
-8.487855856419288337e-08
5.404926065031142455e-08
5.048918263963666686e-08
1.234257972751373061e-07
1.086436558830458459e-07
2.176299271374106582e-07
3.444889612799950251e-07
8.936073581490040184e-08
5.839992578115098608e-07
7.115227008269543043e-08
1.017446832854856294e-07
2.483582247008198650e-07
2.425014831341341661e-07
3.777245352281091059e-07
3.839800092792892694e-07
6.558363970685816451e-07
4.142531661278930716e-07
5.087516995735363005e-08
2.211069157545587393e-07
2.192236773241744092e-07
5.940456031998499994e-08
2.705979633973465671e-07
3.995356558363021028e-07
3.409231628829286619e-07
7.867556652407532697e-07
1.120510020966923141e-07
2.039366486702672316e-07
2.007853857935682289e-07
3.204611528389539955e-07
2.762583366118616204e-07
3.974516625670358792e-07
6.007780999203882205e-07
-1.678020591308708900e-08
1.421297023322293974e-07
2.326772527167420222e-07
3.379954941454498991e-07
3.690317451292962377e-07
3.882612292640519551e-07
7.702523298226135529e-07
7.108598338921170472e-07
1.346614553433211730e-06
