-1.311172112636757116e-07
4.511286726380601821e-08
2.909510611141032578e-07
-2.683670601492016139e-07
5.158744871913988047e-08
4.567109125668336055e-08
6.003270423841579691e-07
-7.336522921925070947e-07
6.960634152973064739e-08
3.664313374264996565e-08
1.189641885252748291e-07
1.829960785711059011e-07
-2.114187624647979005e-09
-6.579994050579263612e-08
-2.223862006460037074e-07
-7.382903051355363592e-07
3.069207914230362941e-08
7.906794818181583420e-08
1.395386150639787768e-07
-1.934433360261394848e-08
-5.630070252465036787e-08
2.671509962756760509e-07
4.469802850785535421e-07
1.067270912471869005e-06
-1.603634029475130715e-08
-7.394048029128410204e-08
4.020987641778832820e-08
1.968268659718100386e-07
-2.489475107814448927e-09
1.860719730421704169e-07
-1.119793368377160490e-07
3.980517547978481039e-08
1.829210802445604873e-08
7.837544828911414200e-09
4.493463717090704061e-08
7.800451981705870603e-09
1.109222863383621313e-07
3.225120508275547024e-07
3.186777948748075650e-07
4.535225265257654786e-07
-7.165681437537390482e-09
-2.376454842873962576e-08
8.904255763005217634e-08
-1.854344659137279351e-08
-5.339607929469526190e-08
6.514173610623692081e-08
4.214943314281650816e-07
3.190945277776847628e-07
2.743270350673807231e-08
7.771091302155713631e-09
8.046813174683908922e-08
7.700746064840595485e-08
1.650505216003626556e-07
3.902252848240559210e-08
-5.686054686714520488e-08
-4.360741975709358788e-07
1.329699255870936812e-08
1.035445145356640882e-07
9.512662966203238159e-08
1.559878056438670533e-07
1.661543953010076867e-07
1.916378366143116500e-07
2.383569146822010774e-07
2.732764191515159856e-07
5.669726746506480667e-08
1.171534444689338768e-07
1.299713660220179834e-07
3.202254337702291938e-08
-2.247508907820773224e-07
-9.509197968949531965e-08
2.260868381794694197e-07
-1.131992190802319207e-07
4.212159726207898074e-08
8.416755205353138954e-08
1.504038614062900470e-07
1.604757255614363823e-07
5.796788747617166175e-08
-3.106543915181093404e-08
5.681399808713333539e-07
1.407217248051886320e-07
5.134569455453513656e-08
6.752203152150141107e-08
1.574301296617573996e-07
2.275756094704915281e-07
2.756756211473459750e-07
3.982348911260713719e-07
1.745549672277192787e-07
6.334244002448121522e-07
7.465079723909700873e-08
1.070267876991473517e-07
1.477881304220715360e-07
2.221939153759357150e-07
1.489698534487699000e-07
5.020441683627138475e-07
2.187934096855010317e-07
-1.937795993816186837e-07
5.655794057423096831e-08
1.304963944264731803e-07
2.217679674268031372e-07
3.550885315290677938e-07
6.313014932995209197e-07
4.682105496535463904e-07
4.730609116754372522e-07
7.506382739839633263e-07
1.335954824662580747e-07
2.031741053409826425e-07
2.353739338384353733e-07
4.561790817505295844e-07
4.136509405956309448e-07
4.685201607166292742e-07
5.767909843415795236e-07
8.478656401608777563e-07
1.663566718296020246e-07
2.089647641488905346e-07
2.887390538317255094e-07
3.574880417216788419e-07
4.893135379129061682e-07
6.195200440684389177e-07
1.187259096421578788e-06
3.624142274350500529e-07
