-1.666533498142071769e-08
-1.850913975489260645e-07
2.114371528916627011e-07
1.236701690476125418e-07
4.602563669688387398e-07
1.283269806558431736e-07
-7.119077437565677559e-08
-4.812323725701202515e-07
5.182256617813594642e-09
-1.215203463871698730e-08
-8.518725408005967679e-08
7.343996481412349672e-08
-3.538451828923925292e-08
4.013434301027769999e-08
8.929356073420300775e-09
9.832850660502896244e-07
-2.043836663485277386e-09
-3.107336709332183932e-08
-3.988791949171019977e-08
-8.534481055602052414e-08
8.557952445249457900e-08
3.378232279110322651e-07
6.040819551430893201e-07
-1.808184731652244901e-07
-5.826638277219091244e-08
-4.481035527514716461e-08
1.960504426551697944e-10
7.369783839596428903e-08
2.555872394699174325e-07
-1.232381069278941490e-07
-2.974806020431827994e-07
-1.057709343327721533e-07
-1.435699636401464197e-08
6.385516902630912390e-08
4.791768986214213846e-08
6.681905412379027361e-08
-3.478933160262528716e-07
-5.094721548007532379e-07
-1.370130344648042757e-07
3.374233602532606002e-07
5.292791364291010160e-08
3.422977192854339025e-08
-2.373204159153741662e-08
1.732979464951646187e-07
-2.888165731041329841e-07
-5.060656032736345388e-08
6.920050143095413939e-07
4.291388540014674997e-07
2.538396097201361949e-08
2.115145352440828925e-08
2.824914680688832092e-08
1.726109754335078608e-07
2.008063626051043179e-07
6.770978342239565958e-08
1.452141242539601106e-07
4.810228339279407487e-07
4.169690870319702835e-08
7.044351535361827548e-08
8.874452927035145340e-08
8.545478283614825282e-08
1.639635716561914783e-07
2.196506624702917546e-07
4.525118628686730490e-07
3.681957272747800682e-07
4.598317227295969992e-08
5.392250060642536906e-08
1.217953077106223294e-07
2.472993910362866916e-07
3.370780942647321730e-07
2.316409378877777591e-07
-1.962842912094142148e-07
5.983552398308149201e-07
8.232311453142463827e-08
4.658200844412575375e-08
3.602052154132091423e-08
1.669561000858604427e-07
2.740655708297893573e-07
1.483409685549953441e-07
2.792339372158687626e-07
5.522148615459926705e-07
8.375590757588301590e-08
7.187716097394548232e-09
1.358931786568017039e-07
1.969423246464919958e-07
2.289390890120378880e-07
1.202758577539104050e-07
3.825787228758105193e-07
2.221071681757021806e-07
1.178878854275023158e-07
8.709633701803037285e-08
1.292675445738339879e-07
1.973862269508291759e-07
1.839626482285870721e-07
5.389721605563832943e-07
3.550077113004054316e-07
8.220913287330339837e-07
1.567380857282425331e-07
1.294702640797577460e-07
2.109640626027428175e-07
3.448675466425211657e-07
4.889704407575698816e-07
2.985228138175393550e-07
2.555665217524372979e-07
1.002254403191674029e-06
1.758961081823505468e-07
1.869336133537540698e-07
2.749906828238227507e-07
3.233029788654545833e-07
5.108510185138184828e-07
8.737300244187743170e-07
5.024007558384071191e-07
7.726406750349376495e-07
2.109474937746339488e-07
2.409466388461419519e-07
4.128371029915909837e-07
3.469401696615622582e-07
4.577864828019163415e-07
4.588162772560772467e-07
5.867029817089099778e-07
6.655612208617006633e-07
