-2.974803625938128882e-08
2.878765454941047929e-08
-1.113519811748380566e-07
-3.609615507662495973e-07
-1.036613686525429883e-07
7.528091889301650968e-07
4.786424891408934810e-07
-5.027159379899009055e-07
-2.700548225490114272e-08
4.437228050581102351e-08
-6.899283361808988514e-08
1.423718609317538917e-07
3.957126585455860921e-08
3.537239807441256490e-07
2.526973764664959745e-07
6.145210538677003736e-07
1.336505911763719619e-09
4.122768540642120387e-08
5.408856812146839922e-08
1.280049747552742109e-07
7.257532638783260782e-08
7.187228136950110007e-08
-3.406675383302382361e-08
-2.300909292125414769e-07
-5.942143893632513281e-09
5.453933799572866240e-09
5.243278339048406544e-08
-3.750118769145134782e-08
-2.185504230892157113e-07
-2.543505366181884511e-07
-2.855093432320046198e-07
6.956851407269458608e-07
6.919007692006425758e-08
1.054574253028329886e-07
8.516901166694249306e-08
2.293805863339867204e-07
2.498380813241167267e-07
-1.945507150824681382e-07
-1.660563963236161326e-07
-4.490377167449058963e-07
6.528865364194010046e-09
-2.353812806132362682e-08
4.260181980790474841e-08
-6.637989269625500267e-08
-1.666142011661082168e-07
1.467022039392622695e-08
2.244207465233547649e-08
5.913074364122117557e-08
5.656128813536187877e-08
-2.749898632437468418e-08
5.122498106276502989e-08
1.087885650204004900e-07
6.647253407699968168e-08
3.248390383341352212e-07
-2.048156617716801686e-07
-3.122403683031994208e-07
3.801799748038284356e-08
-3.785091754558333392e-09
6.015425513719438546e-08
1.387579124380427736e-07
1.688785832649204688e-07
-2.419656750082986166e-08
2.077070705069810728e-07
1.114434407128671193e-07
1.540359336929273253e-08
3.082160259831509135e-08
4.150375612178876017e-08
2.789147542855680666e-08
9.362436209017735901e-08
2.377484900731711494e-07
9.287706516047441790e-08
-4.898486723642593283e-08
7.518811093541421786e-08
2.976545084486792445e-08
2.080577755346753341e-08
2.162123745394319109e-07
-9.855490662728917619e-08
-2.514889609980150051e-09
5.354339062551719098e-07
2.204635602352213671e-08
3.056614615484172964e-08
7.973604321637553641e-08
1.071557652252196596e-07
2.236123092360599165e-07
2.469549822824348688e-07
3.850268286751155755e-07
5.998714460525788706e-07
6.930448141363639499e-07
9.633689340102743783e-08
1.423141560061583760e-07
1.244528965403245167e-07
2.818718978022993056e-07
1.937946171800354331e-07
2.920120308669409057e-07
5.494359609079936813e-07
4.703262476133668335e-07
1.011944716447436792e-07
8.620305530737896107e-08
3.375263120078660719e-07
3.085680523239395358e-07
3.572249491146357693e-07
3.416808998573335611e-07
4.109362596577590224e-07
9.121916130213074238e-07
1.242732540244749231e-07
1.919099855179899239e-07
2.935463099087771851e-07
4.067358420944137393e-07
4.413663454426943754e-07
5.396753107013541922e-07
6.490493891023738435e-07
4.131382741296304431e-07
1.891670893730959848e-07
2.382695410227694150e-07
1.987321427700713960e-07
4.083180198379142736e-07
1.263018057414319690e-07
6.436959117051308580e-07
1.512082959553179442e-06
-5.325610836921202132e-07
