-5.353834522673560590e-08
1.506926609551987525e-08
2.116401980364637210e-07
8.633437707845366240e-08
-1.183242959384947768e-07
-2.151703318987142093e-07
-2.664907722773750674e-07
-3.291453026561391224e-06
3.998663558627700313e-08
3.033731575335938843e-09
7.758475252833154983e-08
1.428575368585479685e-07
-2.158359261787773124e-07
-1.306345127668916212e-07
6.167267491443308708e-08
-1.482487792779973633e-07
1.802287717778205039e-08
-2.115231094118046343e-09
-4.507425824191715592e-08
7.375230485387620771e-08
-1.061477532627342770e-07
-8.724462156325202800e-08
-3.753769285803181446e-07
-4.961181866252943419e-07
3.365639898373408077e-08
6.144327488853564692e-08
2.416461527577430494e-08
4.177452350893048723e-08
1.833544942508914838e-07
8.621370747897088971e-08
-1.606401260589727846e-07
5.495774905746029075e-08
2.105727996042746556e-08
4.395437558926255210e-09
1.181183348696691019e-07
6.780491555177557897e-08
1.495580262645774742e-07
1.604974271188134951e-07
4.294935388067598519e-07
-3.383754534983445947e-07
1.082417812028911290e-08
8.239389543084130297e-08
-5.930144055457808411e-08
-1.416764128367730388e-07
4.496238300841134376e-07
-1.165118204979549336e-07
4.702422835737214918e-07
-8.342571518412847921e-08
2.772611359040087280e-08
7.188728185802953992e-08
5.545503542600692635e-08
1.781435999217991275e-08
9.658172468758707044e-08
1.546494566366334410e-07
2.207069857001950651e-07
-2.195147489455751751e-07
3.821806902872749695e-08
1.492279089051899400e-07
1.483667663968415194e-07
1.568465438184634373e-07
1.734656040662801883e-07
4.652467339517745744e-07
2.782873392521110134e-07
-5.013251221636960952e-08
6.415799793648938081e-08
3.699209406225545403e-08
5.363226091332553444e-08
3.723366330984711002e-08
2.161235246209237793e-07
-8.464809348276984079e-09
2.198446483253861859e-07
-5.829527337465859866e-08
3.932325682274421431e-08
5.503523151527690970e-08
6.727209428422826348e-08
2.032170482352887869e-07
2.617307874127309892e-07
1.451365415210350465e-07
3.084409540685805991e-07
1.363277357504934985e-07
6.202773218884506772e-08
1.068212798853339445e-07
1.360479299167804283e-07
2.549635810198404445e-07
1.770673174692812850e-07
2.893274826757514326e-07
6.369612948317686621e-07
4.194524533098414410e-07
6.183465606294584430e-08
1.702429705428222768e-07
1.222518650061025433e-07
1.966081038959276718e-07
2.459838441189580524e-07
2.824897343481341130e-07
2.457826593538701740e-07
5.576143932101486383e-07
6.934225948740115400e-08
2.739765994438043620e-07
1.781307987090399284e-07
3.362421385060599652e-07
4.500418545504023538e-07
3.113291100608715166e-07
7.557060625525309113e-07
5.898512077783064826e-07
1.440440130948006522e-07
2.770180410341115149e-07
2.116187813841647889e-07
3.672294611615087918e-07
2.295457891474154024e-07
4.453523552148000054e-07
5.164814031985685942e-07
7.832360215970474616e-07
2.059389447392742733e-07
3.426414790562274975e-07
2.773061702551573625e-07
4.290478684122676006e-07
6.609600162278854421e-07
8.504457595807279228e-07
7.597742764070144518e-07
1.083687958232552726e-06
