5.022424466539381764e-08
-6.082182605118432602e-08
-1.979147278212581033e-07
2.440287768003135239e-07
3.557510689560802358e-07
-6.302629994587193284e-07
4.415414326622563379e-07
-7.894576900310465778e-07
4.436006029116120379e-08
5.392124588544766380e-08
2.824469663066778907e-08
-3.233871173492926806e-08
-5.355753317843643935e-08
1.650032706447947903e-07
-7.506883904585723254e-08
4.919004565193665802e-07
3.387472551085573383e-08
6.420888759968642576e-08
-7.272065349597915466e-08
2.915217126678160642e-08
4.264304537286656148e-08
1.494104719126263321e-08
-2.560326079706653775e-07
-8.143759083923786390e-07
7.066081422223006561e-08
-1.177711555116326719e-08
6.888499686796177791e-08
9.158982674339671157e-08
2.102145571048516288e-07
7.193106937304468819e-09
4.324527543978798789e-07
7.296452716911347303e-08
7.555533031035649482e-09
-2.708402620129915459e-08
6.240747458997216884e-08
4.010474155575506639e-08
-1.286311248262255915e-07
2.643194729135545384e-07
3.702535050243902929e-07
4.340414510306682673e-07
4.074649191054810395e-08
3.625543614891773207e-08
-1.728736872618032391e-08
-2.194501068737782082e-07
2.166117503675459136e-07
2.146555123585460454e-08
3.585854299211512143e-07
4.447463716385120439e-07
4.131627341840976015e-08
5.725602965427907843e-08
3.920891606457190594e-08
5.758142741326036547e-08
-1.133966046488972360e-08
1.507049227087977064e-07
6.851874272738136111e-08
2.900665052507315234e-07
5.968691334691585548e-08
9.506566912453451889e-08
7.264338213665081297e-08
8.542741709947851906e-08
9.422568531887479921e-08
1.950377196024043948e-07
4.444703918173487813e-07
3.331159381840978895e-07
4.603841467839626906e-08
1.040363862681632361e-07
1.145947482267431369e-07
2.288418005683894100e-08
5.205748282683309313e-08
1.152712156541467495e-07
9.935545972741935110e-09
1.205801981600386320e-07
3.933830203620860866e-08
1.006649131333534101e-07
6.660899112230968305e-08
2.120551874152190104e-07
1.923373596182950770e-07
7.182072392122005604e-08
1.187122012840757384e-07
6.323045250990339479e-08
9.643940465305840929e-08
1.069667472179874259e-07
1.106355289726840189e-07
2.026925000396933271e-07
3.428456394981554146e-07
2.920500306935665394e-07
5.469951033334967090e-07
1.581132891399320371e-07
6.376312251565329554e-08
1.122422446466234351e-07
1.222004244948237026e-07
1.390427281884064143e-07
1.754933085369205541e-07
2.930261935466422200e-07
4.593589210892881869e-07
3.682063240183865896e-07
1.542778806253860127e-07
1.394364013715779791e-07
2.083837444481076859e-07
3.666327447806141252e-07
4.881267795867607724e-07
6.461857636881022237e-07
6.765396184785441137e-07
-3.122765438819220169e-07
1.336365043349535623e-07
2.259179494851716035e-07
1.532021633362642516e-07
3.810860153628514744e-07
3.605450190468324711e-07
6.197452332513527323e-07
8.200542855949254164e-07
2.642297986937240993e-07
1.856056583613617829e-07
2.650191547364344012e-07
4.938499635821868310e-07
4.073437597145788290e-07
5.737901910869333302e-07
6.759176579305124426e-07
7.810788185228547546e-07
1.101765498486310175e-06
