-2.262028497970422031e-09
5.620484708814038922e-08
2.678004443167585305e-07
1.840205166409574496e-07
-1.161699764656575072e-07
8.013485414303184266e-07
1.556837309007529900e-06
-4.426415888580438347e-07
-1.975288862883063825e-08
2.834647685230866620e-08
1.541032733705065821e-07
1.443698575099857253e-07
2.724194266979812304e-07
6.626473333443772669e-08
2.476180937013116827e-07
4.830921196372841676e-07
-1.438587643613332129e-08
-2.112383918199917952e-08
3.607242697516833659e-09
-2.307692420344479807e-08
1.668649471479800162e-07
5.883552264550453718e-08
4.578056164393134793e-09
1.966765871434592097e-07
-7.299336972742952511e-10
8.314061325073534681e-08
1.045174015686114515e-07
4.681765260159050406e-08
9.974645669133639179e-08
-3.528554500596210709e-07
1.972881958035787860e-07
2.591847048633237063e-07
-1.881968419667801721e-08
1.082269130965306894e-07
5.012632353130106086e-08
-1.020352658689131667e-07
2.932098205870851518e-07
-2.566346360705700450e-07
3.315053557624394957e-08
-8.826584862609550794e-07
-9.281999457277168413e-09
5.878447409190564008e-09
-4.447084852445355795e-08
1.491901127076372749e-07
2.682351822769451161e-07
1.959493309712267270e-07
1.339767820120307390e-07
-2.556608178450427375e-07
2.684272992923890813e-08
3.111707411913390396e-08
3.748591598823568710e-08
6.242023806036107878e-08
1.570914015600972664e-07
9.466392130228513233e-08
1.427706712600846423e-07
1.223536933666914516e-07
1.317633807638380350e-08
5.627598860937885186e-08
7.750402778826753088e-08
1.575074342511317642e-07
1.351508460618656859e-07
1.730358280095487346e-07
5.940819327085041535e-08
1.960400037691593964e-07
2.166101487554538886e-08
7.903916730312391635e-08
1.067017886172327466e-07
1.529551687696871489e-07
2.353133762155254406e-07
1.065027901679549372e-07
1.639216564861219492e-07
6.969828460396960788e-08
2.191893105079710891e-09
6.721234359360561951e-08
1.577219250472068472e-07
7.098294780801241649e-08
2.539030577783682633e-07
8.634231759461041058e-08
4.217638958555824018e-07
2.295597696282266631e-07
4.864532439349935367e-08
1.112061804930610032e-07
1.345975884463695678e-07
1.397231269019106174e-07
1.786238235430801158e-07
3.745035278283358143e-07
2.216176969867199848e-07
3.207066228763532505e-07
5.078543501533826203e-08
1.312745970270291752e-07
1.162348137932765487e-07
1.597004763720356774e-07
3.835941278546290836e-07
3.713724791913850453e-07
7.466764496962970777e-07
2.814555259406758277e-07
1.001312912163639340e-07
2.243839885786300063e-07
2.319868119599719536e-07
2.812922318855885033e-07
4.686109536146714560e-07
2.300528676285100896e-07
1.655011383793497324e-07
5.895086325048326987e-07
1.058001676956401857e-07
2.048940779190912540e-07
2.766100311781312868e-07
2.415832270601382569e-07
5.259988194118282420e-07
6.113524910376187598e-07
7.051105035536228688e-07
5.745789281952456237e-07
1.074915456444781316e-07
2.052883899222621651e-07
3.506594763295154005e-07
4.406481101299945615e-07
6.482233643567101817e-07
8.958069951070292080e-07
1.223495118062286240e-06
7.923428353857276606e-07
