6.186646296045263215e-08
-2.336800447967559430e-08
1.854117104949619290e-07
-2.465627170576010013e-08
-9.209629405114087219e-08
3.916529316881521527e-07
-4.765746110722542754e-07
1.307281508866792963e-06
1.453149419426906269e-08
-2.336658837571976868e-08
8.512276248337119413e-08
1.598636402863372237e-08
-1.125924060229120794e-07
-9.685352297185460898e-08
3.402025462297364184e-07
-2.604119968166643559e-07
8.417211226940541015e-09
-1.464612421623286446e-08
6.315812924476767350e-09
2.233685185282068922e-08
3.876166712777893986e-08
1.927454920682932302e-07
-1.940192026872480466e-07
5.332288047827906799e-08
1.049628774580948819e-08
-9.474783595394656368e-09
-7.226921932925279460e-08
2.822931467539997971e-08
-1.904927219959186855e-07
1.631992797136631469e-07
-4.776300891689978709e-07
-1.775068458562854019e-07
2.416872763806681415e-08
-1.832834209711557680e-08
-5.430450219573618738e-09
5.172059182307186983e-08
9.544789913554583826e-08
2.395254813371419765e-07
1.079155287451737216e-07
2.039881488688793770e-07
-2.481886985500093327e-08
3.287998103917346511e-08
3.761400014141548096e-08
4.009060121692155113e-08
1.743310841922502886e-07
1.271215778030222461e-08
-2.733082266954156119e-07
-5.495056808160315955e-07
2.175196019814329621e-08
6.566330258437918144e-08
-5.263027822591167236e-08
6.975042022484938324e-08
1.183517202935762098e-07
3.689301412206899254e-07
9.192261042783697369e-08
5.978005911020990677e-07
3.793064417041130584e-08
6.543510284420217908e-08
5.152980103079211423e-08
1.819785632790609544e-07
2.462852982337885650e-07
4.750323365115574912e-07
2.332914049839704385e-07
3.209016425123709136e-07
4.578037858212196202e-08
6.974125738620356865e-08
6.799306092141935227e-08
-3.211212564187327586e-09
6.354350688875380434e-08
1.447400601248268388e-07
-3.545952325853130818e-08
-2.633361250008241629e-07
5.793338292872545281e-08
1.080018613877063180e-07
-1.304662196293429110e-09
9.534633705679492609e-08
8.313782807284162846e-08
4.308758021071581079e-07
6.788102704106432156e-07
1.496692714850715941e-07
6.799254683991483935e-08
1.431235396642948536e-07
1.669074238060640542e-07
1.509794794063394746e-07
2.366080780514846894e-07
3.434917281357144599e-07
3.736926564451169315e-07
9.017895488264538371e-08
6.171889200212213877e-08
1.327665017768131781e-07
1.102655762137576846e-07
1.506251840536753326e-07
2.070467235643076055e-07
5.419585525141764800e-07
3.922240569087508351e-07
1.748269135832951140e-07
1.215338445639093240e-07
9.285782711576068867e-08
1.638499131554579190e-07
2.760484725632663778e-07
4.606704530539419273e-07
5.411787282932378540e-07
5.940213319361984434e-07
1.136299170716951329e-06
1.274985978373906580e-07
1.623500333298295559e-07
2.663909581428767494e-07
2.655449011128653119e-07
5.992539921969616279e-07
3.133608589943595951e-07
7.823601877964807661e-07
6.336040467334752850e-07
6.858350732584486517e-08
2.949050465893768149e-07
2.745531578161499644e-07
5.132515323263101971e-07
4.443192037800312829e-07
7.392134462238850154e-07
4.621142467351527033e-07
1.566766028018679179e-06
