-6.259485219135313021e-09
1.023186732190439472e-07
-1.936575417704836966e-07
2.865430572629994374e-07
-1.513633986558510380e-07
3.214893020977816006e-07
2.159571359164597574e-07
1.665728171214590513e-06
1.233661105198002470e-08
1.244361134734934322e-07
-8.669058875900866749e-08
1.268932693387311423e-07
-7.415921291017250097e-09
-2.031557953299487346e-07
2.486523317203254260e-07
-6.050754763109639164e-07
1.257652839097869142e-08
2.503243782088907922e-08
4.023849326902545382e-08
-2.003763220201481581e-08
-4.590053198116846399e-08
-7.551194453149757392e-08
3.667751419673121111e-07
-6.107666677968539102e-07
-2.796582487691884438e-09
1.020936723799765868e-07
8.239071138458257467e-08
1.684119393994441181e-07
-1.068601279243899015e-07
8.000742020299162901e-08
2.840503492115395447e-07
1.603220987280126249e-07
-1.692075618824927221e-08
2.099984748883256092e-08
5.724870970819678457e-08
6.706785792531709494e-08
1.360552982972657947e-07
1.243436988325855377e-08
5.436173800670869338e-07
1.448623754995578250e-07
1.051581924295606321e-08
2.550433665886678412e-08
3.421289763309329649e-08
6.959580660213710832e-08
-1.850425507640856116e-07
5.914645161477786625e-07
7.426591982175742926e-07
1.615691400062746222e-07
3.997805642969260149e-08
3.674103216297504332e-08
2.013309124999926463e-08
9.544250807131002802e-08
9.201508304365695531e-08
2.306177830926432106e-07
1.615660469822375511e-07
-5.526490784053362939e-08
1.483363552237252271e-08
4.572073586920466445e-08
1.245827273161923437e-08
-1.130952965982439748e-08
7.602059671292824906e-08
-9.948389613248737392e-08
5.373326655087703799e-07
6.427821198431788941e-07
3.610982827882321045e-08
3.639177173495545583e-08
8.101484820946830213e-08
1.420618952636771294e-07
7.154972336102216093e-08
4.870739680184421051e-08
7.707854749750738640e-07
3.414229186432976938e-07
7.656323023863210004e-08
1.114728143446942034e-07
1.649380630820368958e-07
8.998321014823582141e-08
5.700688716739026978e-08
2.104718217111887606e-07
-1.532755430035177134e-07
-7.975842084585811929e-08
9.273313610410216666e-08
1.070440581603025346e-07
1.512723809560243641e-07
2.020034090850512800e-07
1.099914850931596294e-07
4.637929205688870774e-07
5.281361827315790051e-07
1.080206309345688718e-08
1.055160182119464526e-07
1.368766367523148827e-07
2.594018394130915700e-07
1.687486607477392010e-07
2.702590881532816363e-07
2.958257388659058147e-07
3.790138403320496310e-07
7.110770352349551637e-08
1.842547670239321811e-07
2.023858751948906540e-07
1.700217103303086957e-07
2.124179892672301100e-07
3.730384402115948815e-07
5.690734944330003525e-07
5.639151145704763664e-07
1.148512910576499438e-06
1.331369042084588107e-07
1.696494439388350447e-07
2.942156474852633050e-07
3.435285152703223258e-07
3.692834031434995489e-07
3.744622341324915008e-07
6.865519561212585020e-07
9.190425834525501183e-07
1.750168919963894593e-07
1.574349072135466543e-07
2.579971499467028793e-07
3.601327021133838209e-07
5.088883407532456076e-07
9.501396121587828164e-07
1.283013071849822778e-06
1.651895377470632338e-07
