1.244430180146908175e-07
7.186863686441208767e-08
6.762741257213933589e-08
1.102707280397050279e-07
-1.273496340800450979e-07
2.407624546643275183e-07
2.295995146724356358e-07
-1.233113188578476578e-06
2.017639414108599787e-08
4.884766919878795094e-08
5.497230667977068369e-08
-1.372388696224819753e-07
1.298424181827069521e-07
1.435215199569973670e-07
3.867628981332656335e-07
-3.958614817038160058e-07
4.851377886013377644e-08
2.060484193396056752e-08
2.022203726868562969e-08
-2.019050578490251443e-08
1.225208596470355582e-07
-3.521628969495823211e-08
-1.341480558742571740e-07
8.703820719287813518e-08
8.747390032084317726e-08
9.320471378418478106e-08
6.294746317974555282e-08
-6.116878136575197290e-09
6.868821426897164114e-08
2.091668751507807115e-07
3.517322069431928874e-07
-4.104551247786331093e-08
9.415979852595571105e-08
1.858215423736166717e-08
1.898530587630179443e-07
4.944889935319049034e-09
2.109949450641739260e-08
8.071600739888568712e-08
4.971635007778190564e-07
1.180713565014660609e-06
4.382139409204100116e-08
-3.317455422022664826e-08
5.541111270821154125e-08
1.598271302439744079e-07
-2.717206442937184756e-08
3.884509301359476759e-07
-2.806293979283352743e-08
-4.909582309814397203e-08
5.761660493212680873e-08
3.238840107274694559e-08
7.656574958404825046e-08
4.473099974756387144e-08
2.415386967892818295e-07
9.947344348662622411e-08
1.465585259588823838e-07
2.795610982704409532e-07
3.147527349107120909e-08
5.062819497112035979e-08
8.239741470002184229e-08
9.197681458566784598e-09
2.332682379701249208e-07
2.891342016430989537e-07
3.091820558217880929e-07
1.277739775426782986e-07
6.489421911140508090e-08
7.859711764646694046e-08
1.099407120409596074e-07
1.002866548785784317e-08
-7.973709565534642180e-09
-7.500152091759447574e-08
1.488440145153265373e-07
3.161402816156989163e-07
2.842544919456544887e-08
7.204940913511177407e-08
9.491521294282213109e-08
-1.521851579440545326e-08
3.166692222864639747e-07
2.369375127984786667e-07
5.138699792389326534e-07
3.723617404538618980e-07
6.769511185035965989e-08
9.518320944175610045e-08
2.030985921266926899e-07
1.503417265023472848e-07
3.770223759468396962e-07
2.783126495062517760e-07
3.990314114228566649e-07
7.544932828170815667e-07
1.215566604836409289e-07
9.386045741447321717e-08
1.715674275789440060e-07
2.174098933444097058e-07
4.238241018638008045e-07
4.845723408647364872e-07
5.956261820230807622e-07
4.567004841609060467e-07
7.498025893449023387e-08
2.103325157493046639e-07
2.715981487940055369e-07
1.285770107321298942e-07
2.519093401315495886e-07
4.405780694574390596e-07
9.235969160324055431e-07
6.159476233056959507e-07
1.782787944410366338e-07
2.306199338089371159e-07
2.560659936692123155e-07
2.333298516294580568e-07
2.798299641298312118e-07
5.264974758911449495e-07
6.874762287288361048e-07
8.411348145305243242e-07
2.022910014825258693e-07
2.281617698290372668e-07
4.062119806571287610e-07
2.601466485672184458e-07
5.939283658240110386e-07
5.391969408079469045e-07
1.156024808185050251e-06
1.714925050983983678e-06
