-9.055939477527640919e-09
-2.122945203823117241e-08
8.457362207117504574e-08
1.459093795671004545e-07
3.306465882197058117e-07
3.157160098825860956e-07
1.088069041540706066e-06
-1.743464430077632950e-06
-2.173924784868442622e-08
3.385296734368124751e-08
-4.520720463557757891e-08
2.218863232695938180e-07
2.419300887435661834e-08
1.552781357501287344e-07
9.341307618397121691e-10
7.224899540692920049e-07
2.106630676578977528e-08
7.882774914112114401e-09
9.688760061323663896e-08
1.007898567139891431e-08
-9.158583755475877734e-08
-4.662788891639796066e-08
2.818833091803468334e-07
2.205953368243250781e-07
-2.031162167128454780e-08
4.742490168552355140e-08
6.023388734072688668e-08
-3.426497311143992687e-08
2.363231626001291131e-07
1.817754540549069030e-07
4.850651286643768010e-08
4.231998259961220004e-07
1.337164550552028582e-08
1.203012745355842011e-07
-2.337319222221371562e-08
-1.421053311383782346e-07
1.357932944540216619e-07
-1.252249033362742011e-07
1.038536186718515804e-07
2.511240546973200094e-07
3.506395139189187959e-08
6.324617415340657902e-08
1.121741790421108617e-07
1.285186589169494466e-07
-7.188972959377511221e-09
4.296099084662192466e-07
7.288963881513533747e-08
3.710628462068994335e-07
4.903342316566028075e-08
4.853203443519252336e-08
9.184050886103152689e-08
8.993991451047553859e-08
8.517893645446663803e-08
-4.316728461743500863e-08
4.187315563610224070e-07
1.503934990920516222e-07
6.482646151717313720e-08
8.008363923033477285e-08
7.700159273426614657e-08
1.820420484288851258e-07
2.530189482424981418e-07
2.593559554494092173e-07
2.343374413306454528e-07
3.161025804346610649e-07
5.804438225896678052e-08
6.313697541747833984e-08
-1.181898571003784986e-07
7.930184519040350179e-08
-1.131672326319825759e-07
-2.155506002086931427e-07
-2.620101342741613887e-08
3.150399707129324291e-07
8.025907687426793043e-08
1.110925933841351129e-07
5.022405965149665123e-08
1.513263217798008066e-07
2.377607500993674471e-07
4.511188336174224662e-07
2.802390597673441947e-07
5.778513458943571658e-08
5.402395194065218571e-08
6.263496867718490252e-08
1.323026435124323202e-07
1.239171718961836176e-07
1.885216251272082436e-07
2.173588105094831511e-07
5.857641869156750843e-07
3.729848664860786626e-07
8.692618306068399044e-08
1.014904000336814307e-07
1.201519823873543512e-07
2.047848652131865233e-07
2.762468914008490252e-07
4.328040881185712889e-07
5.184140988685834612e-07
2.358525597257754984e-07
1.323903440205323037e-07
1.781675883401526014e-07
3.032135913235981145e-07
3.675640941084884218e-07
4.016811264176944349e-07
3.407534150227798698e-07
5.206969552658205541e-07
8.133688706626814811e-07
1.889799948982728226e-07
2.589631861855391266e-07
2.044526152236172713e-07
3.322567611153064249e-07
3.671796402902256228e-07
4.491208972500762725e-07
6.966982475365502994e-07
1.367268786840462172e-06
1.922906968549353876e-07
2.719929894848219975e-07
2.993871040861460163e-07
4.532013163234582890e-07
6.757530845514838982e-07
7.798531220617159134e-07
8.538935126127443350e-07
4.970419635234173753e-07
