-1.090083735420717136e-07
6.834100709352587267e-08
5.810927177255106192e-08
3.231796004590504894e-10
-1.499141211252220989e-08
-2.869156656502159238e-07
-5.176921681942933720e-07
-6.429587745637114191e-07
6.021649277116919508e-08
-5.119573037500284415e-08
7.062000165187423685e-08
-3.615317982457003089e-08
-1.809232391358948211e-08
4.501300669047720028e-08
-3.741794414760002398e-07
3.523963926931617299e-07
5.266278739473428224e-08
-3.766187474873363839e-08
1.752177379100949339e-08
-7.221519016643907848e-08
-1.246379733890845996e-07
1.856259915915081122e-07
-1.063214691814577476e-07
9.229518286115259743e-07
7.891038149153105096e-08
1.168668813165956589e-08
4.086322791125774108e-08
-8.165505646396541063e-08
7.002265144567665118e-08
-1.624149886010004470e-07
-8.026827552682791305e-07
-7.520065307239723289e-07
5.757259331462740518e-08
2.202627170299532398e-08
-3.106778094021054855e-08
-1.451129945623572590e-07
1.181406610254539886e-07
-1.563712453599767535e-07
6.414532688073771008e-07
7.824361664094322472e-07
4.962532469788949030e-08
1.713802040327070942e-08
8.376461039018834509e-08
-1.062696555488308992e-08
2.152836180928853960e-07
-2.368011550144177552e-07
-4.484761409394811177e-08
-2.895349067290577564e-07
2.998118107337053360e-09
4.308354378413859407e-08
4.856766099045006384e-08
9.135190150784917281e-08
4.397394434579357998e-08
3.728525863219548317e-08
1.956568422388294617e-07
5.834554225564407729e-08
1.195778532643884932e-08
5.777816038542954550e-08
9.658616584881902716e-08
6.001876428856715189e-08
8.700754554072241888e-08
2.070539980310477694e-07
5.653839809877197026e-08
2.850188031536065061e-07
4.614030426262333212e-08
8.147596616517680160e-09
2.247415017759816049e-08
3.975093075472764490e-08
1.933805565967316478e-07
1.761240712012394265e-07
3.263279382952187975e-07
-1.682106242585048031e-07
4.787452572466027857e-08
8.040268307151310932e-08
7.448307835466437914e-08
6.168810799027666816e-08
1.263363502588991139e-08
3.646527674217842960e-07
2.841771423536727869e-07
1.126131522945112641e-07
5.487204989445627950e-08
1.121366487419946551e-07
2.055216698356214242e-08
2.222510226574147453e-07
2.424935950289792345e-07
4.656860735087101262e-07
3.047960958651417165e-07
2.420028976718116322e-07
8.149732133699590102e-08
1.141501503385107762e-07
8.463336701190671111e-08
1.753011860946844421e-07
2.100761825022349310e-07
3.910218499855090704e-07
4.045427600103423263e-07
5.941420344267441638e-07
1.361473193521747272e-07
1.842756823068667619e-07
4.207279269053471192e-08
1.306503585689322547e-07
4.189398947433497657e-07
4.262128067683577915e-07
6.427872447304388709e-07
-1.390734978323790327e-07
1.876416137136177731e-07
2.009045066784521283e-07
1.723917531407153370e-07
3.566364765648175281e-07
2.955959460629712729e-07
3.323900774907449379e-07
7.134290021287603199e-07
5.388943129802343324e-07
1.720685813131282209e-07
2.445574693013591734e-07
2.081569048966076399e-07
3.736662227704276485e-07
4.884049399229813908e-07
8.856668072828443390e-07
7.797000583258836700e-07
7.508622429448024878e-07
