3.636997491711200547e-08
-1.049533580985953516e-07
-6.674656905150306443e-08
-1.304476210052269405e-07
3.056297677245021335e-07
5.352310137980766971e-07
3.153653011550136454e-07
1.537252242287709204e-06
-5.243288239026846425e-09
5.879873010711713242e-08
2.823012127972802263e-08
7.087877478119206018e-09
8.623390250380441554e-08
-1.881673959313957317e-07
1.375637495874460583e-07
-1.555012669980324745e-07
-2.217476461520452540e-08
1.087761177694865532e-08
2.087823890776665202e-09
-1.065550108718258532e-07
1.187674642832271940e-07
1.432768116385484092e-07
-2.817774659355899129e-07
2.933383289858212292e-07
-1.131256260992634072e-08
-1.247235839745979042e-09
6.824314044097412970e-08
-2.184153776552356822e-08
-6.852310266320195281e-10
1.388927338918964006e-08
4.655259217964686143e-07
-5.412222421743133505e-07
4.659436295119984128e-09
3.180197237445616667e-08
-1.367908875778810657e-07
-8.793099051134816393e-08
-2.772986767598509062e-07
1.344644129479558024e-07
4.309062020935313092e-07
1.400148629288638233e-07
3.560324436917887622e-08
4.012624705855504430e-08
5.845395008524455453e-08
-7.386163114159421109e-08
-2.591874456486899418e-07
1.126144318583840558e-07
-2.407606885526437886e-08
-1.671686005076774401e-07
3.407597957760704323e-08
9.728934573422364282e-08
1.251589876898226480e-07
8.996045881906276785e-08
2.030796812419735930e-07
3.258047844712863877e-07
1.104783880027087548e-07
2.163799512930252680e-07
4.113022693743080241e-08
6.102264213084912188e-08
6.571397846523058471e-08
1.125298393108180128e-07
5.971617621547051093e-08
9.892231227838539599e-08
3.334998151178393617e-07
-4.211330002892805879e-07
7.145293312593941935e-08
9.625948055175466387e-08
1.821507734705383676e-07
2.075755012334737480e-08
9.003288394466002785e-08
3.873583913829435250e-07
7.478554318898376221e-07
4.016479393562455816e-07
6.062160558788157091e-08
1.037275619250029354e-07
1.227859377798838362e-07
7.345886712588054762e-08
1.445745202676159718e-07
2.171950120708187282e-07
4.484695416293001314e-08
-4.368083956320406921e-08
5.159182276855012272e-08
8.557007761137059959e-08
1.296216544468103659e-07
2.436196208722647932e-07
1.138550604024872019e-07
4.892540823443915273e-07
3.154620479873314690e-07
1.980453465394592521e-07
1.069545450052530711e-07
1.311301637496037957e-07
1.393353657986800157e-07
2.143755314947224367e-07
3.006531395551283341e-07
4.363415349914334375e-07
3.902821260650887190e-07
-2.667715280453834793e-07
1.328230528935747088e-07
1.586421239482320712e-07
2.497235796439104245e-07
4.198625543853876056e-07
2.354505234294860164e-07
5.955528245978191611e-07
7.521496295566164775e-07
1.074590475558085781e-06
1.481802161271420642e-07
1.837852189974382825e-07
2.649135413509722193e-07
3.054998891775213738e-07
2.870396834626965348e-07
5.485106551203652081e-07
1.160020963158522037e-06
1.338498439470082457e-06
1.795083317364495714e-07
2.455354972532580710e-07
1.863629118094841428e-07
4.888367699583164081e-07
5.146451708060039103e-07
8.814918826879194344e-07
8.106819075573529067e-07
9.064858120433301966e-07
