-3.361580801225044534e-08
4.968371722074480228e-08
6.420942327629807298e-08
2.214662573493991967e-07
3.270940031488074512e-07
-1.800928073930695151e-07
1.241766029422318375e-06
-2.180629585591855473e-07
-6.108157569935980459e-08
1.063184224857337717e-08
4.971588741474184128e-08
-1.437493588639265965e-07
3.113304227985378143e-08
3.482645035180493863e-08
-2.139433098049969864e-07
7.045917005904455553e-07
-1.703353518123963926e-08
6.229612346873891445e-08
1.242728245024344843e-08
9.447515342556082378e-09
-9.832334705672745198e-08
-1.526762189739940872e-07
5.583467401336230738e-08
2.143187552252544491e-07
-2.866592392707828737e-08
-5.773112177067708095e-08
7.719713695444844116e-08
1.646624596996286406e-07
3.656235570676461290e-08
1.513738508069123330e-07
-3.193921523537164864e-07
4.421442916001949620e-07
-5.478348072207641920e-08
-1.989540221688860576e-08
-2.761210900473298952e-08
8.711277317184301787e-09
-1.605294689763103430e-07
8.407806782594686776e-09
-7.142443486523142786e-07
5.979590801381754128e-08
2.092288910349708226e-08
-5.555162988475019704e-09
4.426639145977051910e-08
9.709100563333424789e-08
4.797907196497692949e-07
-3.312944634558697843e-07
2.103523425411123867e-07
-2.615980700467780828e-07
2.058487110261256953e-08
3.160930076648248138e-08
3.667194355365939752e-08
9.381849408848581834e-09
2.179634981085184839e-07
2.071301463466232754e-07
1.065164052740989873e-07
3.907354641961379171e-07
1.440052244655465562e-08
5.993782254674280688e-08
7.819197094064829914e-08
9.609814409857354945e-08
2.011712320995510574e-07
5.090275604725081602e-07
1.481380860686873513e-07
-1.292863319032848222e-07
2.330394477920456396e-08
5.323446778755918273e-08
9.794718170021853140e-08
1.162770553107838699e-07
1.147272250727117446e-07
1.279778457448932971e-07
1.201394484563317197e-07
-3.447115461094752141e-07
5.523681957822706669e-08
8.704562423585313121e-08
1.640570257140168876e-07
2.189309036785979135e-07
8.455098875789275831e-08
-3.534210154287010831e-08
4.794253655732202500e-07
4.042442764594374189e-07
1.169175384443949690e-07
6.012839513676304908e-08
8.441270156260381341e-08
1.001561954810988913e-07
1.184883817211859281e-07
3.588005143561370360e-07
4.980863965771121720e-07
2.591030509586807672e-07
9.354916822178025130e-08
1.177238495265699934e-07
2.319706802867003870e-07
2.295356850306873886e-07
3.310073296409293928e-07
3.644435421289583679e-07
5.885467517635430596e-07
4.850419898167225843e-07
1.424409645800795553e-07
9.193337835076768721e-08
1.317172858415830470e-07
3.724049933691220621e-07
3.866092238570921843e-07
9.325344569006560794e-07
9.798609187323125342e-07
7.545566836719340182e-07
2.083377958666501708e-07
1.649662908074375081e-07
2.290443655750343062e-07
3.242138078608196876e-07
3.729973356064113603e-07
5.189225074282094918e-07
8.197690835216839361e-07
7.283137234024050183e-07
1.903200650299444118e-07
2.079440408569241069e-07
3.312938006737239886e-07
3.738086808531798252e-07
6.259149810713824714e-07
7.429579058617534278e-07
5.597127819534403002e-07
1.043132671720705023e-06
