-1.913888071375916039e-08
-2.347963589782958781e-08
5.941623571226622804e-09
1.977825513973685971e-07
-2.335108824868912945e-07
2.012228746645117409e-07
-4.461954412908031309e-07
7.924763418494458013e-07
3.727536574931767977e-08
2.378933657878440571e-08
-8.993344366209363400e-08
7.273018563238933193e-10
-1.197326391253753468e-07
-1.169127777822036208e-07
2.038288425778916967e-07
2.432780181205534370e-07
1.780647364086404197e-08
-6.120272086873688168e-08
1.520536907457118521e-07
-1.294014764259021830e-07
-8.037038217719628199e-08
-1.068815592417634448e-07
-1.747160642995739887e-07
-7.669571543541178263e-07
-5.014504839140543684e-09
7.644192352278189505e-08
4.305259716940383232e-08
6.209799075895281809e-08
-1.172166685214341144e-08
4.103549762728260464e-07
2.228468523409243848e-07
-1.662638301434918591e-07
7.710629532859534480e-09
-1.423895539053473272e-08
-3.058260868435407985e-08
-5.823761697916092033e-08
2.146187029824230462e-08
9.744727564973561822e-08
4.346342798673087246e-07
2.985114878394283765e-07
2.753232459833579752e-08
4.158045197109362847e-08
-2.934597370523665224e-08
1.490894020230627433e-08
-6.232436874322509666e-08
2.510046701400466382e-07
-3.762068159691072750e-07
-1.151079811835544200e-07
3.999167623421145333e-08
9.654585327734608163e-08
7.009593837747145282e-08
1.173275422562889655e-07
8.485845518633633030e-08
-1.178316064135099103e-07
2.614331496670173433e-08
2.087851518576347739e-07
6.596264633162793682e-08
1.193112604400875803e-08
2.786669626084166168e-08
6.020805612993077464e-08
1.190294312251444163e-07
2.903328224527359862e-07
3.027777575182620637e-07
-3.683960106908688927e-07
4.287208595654040307e-08
4.603496186013961654e-08
6.441638285305056899e-08
-7.357985008733773885e-09
2.254910342677398701e-07
2.978129877290353554e-07
1.842864149662013570e-08
1.241410394585485475e-07
6.916188260933836600e-08
6.845383749747588636e-08
9.256988205882132606e-08
4.741778393274893784e-08
8.032002568145961064e-08
2.436045954215557808e-07
2.793701603461671629e-07
5.551675107960890849e-07
1.017134042676901140e-07
1.205272603905379553e-07
1.205925020273502902e-07
2.104105957178536768e-07
4.688293109430425255e-08
3.940153768644999699e-07
3.625420095013650990e-07
2.434922817066509288e-07
9.205246499711570922e-08
1.502273944229895255e-07
9.697090315301020949e-08
1.514497711631484844e-07
8.358372251083441342e-08
4.362364515171101576e-08
3.985451556726038026e-07
6.786953716654586230e-07
1.372252532305352144e-07
7.258037746430086832e-08
2.461147795365866863e-07
1.229845058078199178e-07
3.494361699875132134e-07
4.585186293796651102e-07
1.083538167533227934e-06
1.044790049859374369e-06
1.632722229552731890e-07
1.453678932204828258e-07
1.441916598233121127e-07
2.932998412277655364e-07
3.930791985452204165e-07
5.655304120143974637e-07
5.244232916296344309e-07
5.436596729164053828e-07
1.325899074022183380e-07
1.530965983401818868e-07
2.751835562880847877e-07
3.738774934365977544e-07
2.944404116412267482e-07
7.519997984341847136e-07
2.580679087307304157e-07
1.267893988161739426e-06
