-5.555668034498218903e-08
7.695112270744650128e-08
-1.806779020997808387e-08
-3.411338789238144028e-09
4.389627340111588378e-07
3.559865251326249720e-07
1.271692074032916581e-07
-1.445412007191112231e-06
-2.869547854214527095e-08
3.176657989617364042e-08
-1.914095776817430427e-08
1.789353419169192535e-08
1.625778853569415052e-07
2.230687003548178077e-07
-1.224954702497504276e-08
-3.914701627123925103e-07
1.132300925630578675e-08
6.037904364075445248e-09
-3.558263192957556009e-08
-3.206641864667341642e-08
-1.675695103998390245e-07
2.638477752610107003e-08
-3.626911948199968507e-08
-6.275637590840045122e-08
4.181096343590575763e-09
9.874389492946706712e-10
7.001863469131654996e-08
1.588344268199909587e-07
3.842400593198743234e-08
-4.176796561648989859e-07
1.440523877620824771e-07
2.967077544309425372e-07
3.319297274611972081e-08
-7.773056168331602902e-08
-1.187113349794691730e-07
-2.635994237307753485e-08
9.376777258889689353e-08
1.687436156695691142e-07
3.713409331874336060e-07
-2.464754342371448477e-07
2.344475734435429420e-08
7.179865335732895365e-08
9.403989092919732526e-08
-1.271888618679554687e-08
1.015191833278366107e-07
1.964228560074251356e-08
4.004997872993679013e-07
1.599360043843440038e-07
3.055062152337880105e-08
1.677878436572181243e-08
8.555651736904024906e-08
7.592081709327880841e-08
-4.031948706437709636e-09
2.352962727984140225e-07
8.117859777134751843e-08
1.383404770166111266e-07
3.180564514341207115e-08
1.726352124892040889e-08
1.313219783878463438e-07
9.251646750475014210e-08
1.817124328045518477e-07
9.964550724958753827e-08
2.282433185740840212e-07
2.085995128164679007e-09
5.950268948062592009e-08
4.245614291073275516e-08
7.742774242617732244e-08
9.369163343965665495e-08
1.081158108928550598e-07
2.335430011939538086e-07
-2.384208390782159881e-07
-7.173557377832133097e-07
6.577630414439938144e-08
1.458367554783702170e-07
1.544983743973013249e-07
9.680707446424563434e-08
1.353347205105976585e-07
1.660095896942429012e-07
3.378358094744809146e-07
-1.730763537655897409e-07
8.451085473538272335e-08
1.104359765424460960e-07
1.168323076810075798e-07
9.186995860219879642e-08
4.333340634027566469e-07
2.727294980142667478e-07
7.792889849513956177e-07
2.262243191164284576e-07
9.447403142967880648e-08
5.485656216832305446e-08
2.168820274188909473e-07
2.116261466444168351e-07
1.738471815276715389e-07
1.894307024286953406e-07
2.836263094441160608e-07
3.224044375482096529e-07
1.187300824355622067e-07
1.440608605912576147e-07
2.884403347156594619e-07
3.000256652539401253e-07
2.900021331614894100e-07
6.818139785063784969e-07
1.091352641287976683e-06
4.407231120459564652e-07
1.295968858941207517e-07
1.445366659619902156e-07
2.463437498047682414e-07
4.190578468258436934e-07
3.600577117911371018e-07
9.070218279786619086e-07
7.549899451100963087e-07
3.529713466390019490e-07
2.179372280743490129e-07
1.984774473862992667e-07
2.266114733761675555e-07
3.028341112328107670e-07
3.988439557400808400e-07
9.068993515976421246e-07
1.184434488020855645e-06
7.573939966942838673e-07
