-4.687588291749655714e-08
7.632808400008193118e-08
1.379317717057354476e-07
2.656157915349230086e-07
5.111636902498067162e-07
-1.203664208318571035e-07
8.873440069859000053e-07
-1.063743159007104111e-06
1.706957369649160087e-08
1.789030857165183467e-09
4.888016121018693774e-08
-9.351385205711568833e-08
-2.073225180893620370e-07
6.398973140180017298e-08
-6.406234254097443118e-08
-8.457746397064303771e-07
2.009365572471062674e-08
4.273274596236539441e-08
-4.859303711375855536e-08
4.873199518094690144e-08
8.365800180961034086e-08
-1.075660332528991820e-07
-7.951788799993655370e-08
-5.094462181906469907e-07
1.488835830048079784e-08
7.881084675294974265e-08
-5.077502577814725935e-08
-2.870433936535047862e-08
7.839128650811195246e-08
2.311893799853978619e-07
5.259467125303207162e-07
2.739580134561918727e-07
3.868445384057415525e-08
1.048475642175407391e-07
1.072988598910933098e-08
-3.263998938439464850e-08
-4.991136549463653950e-09
-3.615265982814542546e-07
2.610479096950893285e-07
-8.875676716911790387e-08
-5.132018125167519427e-09
1.668319505981618016e-08
-9.225371755043544629e-08
7.625927314839164162e-08
-1.301024634625377144e-07
3.754869391133243226e-07
-2.884821343194495409e-07
7.729783228696702782e-08
3.927463829495580777e-08
2.841350370403736382e-08
5.901089389001971095e-08
-3.838365985834111697e-08
-3.407297942008529539e-08
-9.477803186603968832e-08
4.277032710251267878e-08
-6.096324223861527234e-07
4.508478553379102202e-08
7.063492446498653088e-08
8.988222175936026412e-08
2.632836554425310228e-07
1.622396625268066296e-07
2.722202835215839424e-07
2.436153476895333277e-07
-1.168845565042734235e-07
5.112154786176759885e-08
-3.799052070112328175e-10
4.416013077411280209e-08
1.400140982814993137e-07
1.603169064717165877e-07
1.199173090888762127e-07
1.980192470155739884e-07
8.509129780075087788e-08
5.812904598757677822e-08
4.133854504632935478e-08
2.146697940270615080e-08
1.770019559360694057e-07
1.927096140182295379e-07
2.216678078682449665e-07
3.903859596575554846e-07
4.521788022080836078e-07
5.097257260399452993e-08
1.319204081491739672e-07
1.122282948909028865e-07
1.702714611477020927e-07
5.111383497896981369e-08
4.251423390812025291e-07
3.098737758876000454e-07
3.390328108106591967e-07
8.192901094181662409e-08
7.954416385381485861e-08
8.135084144091077557e-08
1.589546998028229125e-07
2.339223886447327330e-07
4.944901330715105272e-07
5.527753093875217366e-07
4.971877491601580560e-07
7.413233464359778748e-08
2.620712164122427635e-07
1.869137444827180943e-07
3.025542511558065568e-07
2.134567508560685090e-07
5.977941171352346997e-07
7.628255482165373613e-07
8.235536882566974345e-07
1.100686552762524209e-07
2.019550256552740803e-07
2.082880698343853466e-07
2.759484069190912254e-07
5.133685979879774727e-07
5.117130243576538704e-07
6.366957587512117576e-07
3.298118809913425894e-07
1.450891726144703090e-07
1.996711803610696110e-07
2.886904403228302306e-07
2.904951815844848709e-07
5.233702062089930582e-07
9.011970331264416707e-07
9.973236013367721729e-07
8.987873498360878344e-07
