-5.259355028449761118e-08
2.434946124032321849e-08
-4.120492091986549049e-08
5.346670678790453241e-08
1.699834868170199861e-09
-2.034954007731825585e-07
4.471726242875775747e-07
-9.195055767117506142e-07
4.307423298153634663e-08
9.411336497065228463e-08
3.900961284132236889e-08
-7.182320132172562115e-08
7.595205170234869899e-08
-8.405399077411783280e-08
-4.180896786193098634e-08
-1.476721474102496126e-07
1.772331611375483151e-08
3.331665824889393138e-08
4.497549010775320006e-08
5.272516950461521459e-09
9.969160899121499914e-08
5.458963695301989980e-07
-4.845021883841199522e-08
3.159814209373800395e-07
-3.366122310658865184e-09
1.598096538895754731e-08
6.580868895003960191e-08
-2.641616427778761399e-08
1.276278107908149822e-07
2.503307115824146703e-09
-3.811929762026817591e-08
4.092062976598522816e-07
5.528065722651352132e-08
1.091733062690021189e-07
1.834080313809950791e-07
4.716561510619684839e-08
1.924648275731029729e-07
4.921492984355066660e-07
-2.675955593058387665e-08
3.821711228960605714e-08
6.091417975173737271e-08
3.802533874002494559e-08
8.313965792285014029e-08
1.516439776497492599e-07
-1.096476201258129815e-07
-5.722615529584255442e-08
5.570430132190546726e-07
1.861727460519562472e-07
8.194573229019697377e-09
4.124508563670441640e-08
3.633064128249596093e-08
-1.244020432932669749e-08
2.376827593520418988e-08
7.697765557966843545e-08
-1.220874555497747376e-07
-1.046570453294554896e-07
7.549482235857722850e-08
5.790554247668762563e-08
9.011511743530372871e-08
1.252772923410133912e-07
3.012671319801406999e-07
4.141452541428249240e-08
1.415890656586391703e-07
3.236044169139022717e-07
7.283889225890399795e-08
1.070547710884303766e-07
6.947839162930069036e-08
6.083606541502713933e-08
1.650924218561570791e-07
2.004422890191176183e-07
9.461822968771484198e-08
1.121363283317288379e-07
8.888319878074138880e-08
6.833543316907152688e-08
7.978707489816171095e-08
7.194356223299174961e-08
3.673025306124354523e-07
2.626728994469169664e-07
3.568158505818985277e-07
4.637941893718152777e-07
6.808983780148244082e-08
1.095768950549741377e-07
1.605739491149873094e-07
1.530543548111093822e-07
3.923279095977872077e-07
2.938026060303659465e-07
4.445783056568738589e-08
1.266748385999196171e-07
1.280408875387438863e-07
1.069456954381018539e-07
1.033408067367376337e-07
1.235442780102477887e-07
3.157050661311980001e-07
4.841477428078936913e-07
1.107640330146368210e-07
4.001969929309601390e-07
1.522200183682626963e-07
1.683218977841136329e-07
2.824501478684096189e-07
3.428857818658738886e-07
3.570509303314397799e-07
4.763477145070682466e-07
7.193578397162185554e-07
1.049418665532780452e-06
1.503348663176350717e-07
1.893512769830405855e-07
2.103718078758002383e-07
3.329478934608407756e-07
3.919481528024005370e-07
2.883990689785586044e-07
5.273358232532325146e-07
2.406227640329310140e-07
2.276461906842919778e-07
2.735824847761164932e-07
1.970992598261986070e-07
3.944009378832950056e-07
4.192760739727842281e-07
6.542484482649643007e-07
1.118730004163067369e-06
1.381144951497489877e-06
