8.695456612961921594e-08
-7.747635714182319614e-08
-5.283184809632654955e-08
-7.948268421656490686e-09
-3.412488954936594608e-07
-2.181545242195611084e-07
-1.024348567372560640e-06
-5.047189837396088929e-07
3.255660413799114110e-08
-3.045864387974317293e-08
2.126588982977219356e-08
-1.469972001802677358e-07
2.308921881628422107e-09
1.051165955014152359e-07
3.317871347395477631e-07
-1.530764160943297851e-07
5.008089242251322488e-08
-1.472688859211022328e-08
-1.109181443940928128e-08
-1.386302696409097966e-08
-6.470951659937622957e-09
-6.630699334030328242e-08
7.360555897937472707e-09
5.266058356878772111e-07
7.860958899521999967e-08
-5.959168669596593237e-08
-7.852445264870388253e-09
6.753467982409606513e-08
-1.289352792984331619e-08
4.104725058135636877e-07
-2.918128275907422196e-07
3.468138847474664351e-08
5.485349045370720834e-08
3.405384392684556769e-08
9.533955690794074009e-09
1.889765508196936032e-07
8.731237990677308878e-08
-3.706856990721867234e-08
-3.925838966105581666e-07
-2.548891442471014209e-07
-2.572345429779444103e-09
-5.211435841587970494e-09
-2.166091421512613602e-08
7.030784978089254318e-08
2.375196023535825326e-07
4.236610068688714349e-07
7.459081797224157648e-08
-4.418388110071483685e-08
1.658893663705056461e-08
-1.093110067601432095e-08
-8.006683281936162257e-09
1.395147334674402934e-07
1.060241415800271773e-08
2.083522248322886485e-07
3.173942623345350940e-07
1.139569864569287154e-07
1.950975008607582597e-08
4.910752085470108153e-09
1.622042429525097437e-08
1.164509885371552587e-07
1.621118420273192464e-07
-9.404679822358578481e-08
5.561698261009619737e-07
3.310436062058199896e-07
4.926049810880146047e-08
6.628238751116998260e-08
2.269715550308732553e-08
1.520376299442496240e-07
2.360064837007029839e-07
-8.065267667307232843e-08
3.422807636044412091e-07
-1.131364314036414707e-07
7.273055044657421929e-08
5.067535230063543381e-08
8.347113992150467436e-08
8.931545346065545859e-08
1.590962128721027522e-07
2.935358200720951011e-07
2.285267305082317249e-07
4.170709641645699963e-07
7.655874145430874607e-08
5.345571083860178568e-08
4.309258437656868045e-08
1.088012057959862802e-07
1.897300874694412138e-07
3.212411875507153066e-07
4.531846888650848053e-07
1.248122227295784131e-07
1.039606452610859380e-07
8.789075156604611147e-08
1.858384444703562794e-07
1.690852540576728884e-07
1.917332315837251368e-07
3.246738838012306583e-07
3.277528042982935716e-07
7.727511728308629269e-07
9.225358311258633177e-08
1.677239114729678138e-07
1.427715638733841216e-07
3.700039742214212092e-07
4.480396713139420729e-07
4.126049715900095429e-07
1.668590180580370411e-08
5.966538889995127026e-07
1.305194756513346750e-07
1.894483940740378694e-07
1.658832470043789219e-07
4.235647380785565327e-07
4.344955497238544848e-07
4.945941153407537664e-07
9.002008260679916583e-07
9.431213016285389970e-07
2.220486710361854093e-07
2.606697164182506217e-07
2.465985004554282906e-07
3.070971973998458073e-07
3.780373941151834962e-07
3.444709620117260685e-07
6.945606444394413817e-07
8.735208426554699742e-07
