1.572029091380211689e-08
-1.263075287368872216e-07
6.085544155691633730e-08
-2.906913205111597022e-07
3.252249389003013825e-07
2.703960784739540760e-08
-4.235732146489235736e-07
-5.636779468215533916e-07
-1.817316193955578053e-08
3.129083437510151836e-08
5.405461658983085017e-08
8.046011129295290880e-08
-2.477405365280227161e-07
-6.307043723917345603e-09
-2.231107733215864765e-07
-2.303780252112872448e-07
-5.510828596772755308e-09
2.918054965206227170e-08
7.063824351234698437e-08
8.167425749643145186e-08
3.543014571478754957e-08
1.277085566070492695e-07
4.260499366708934513e-08
-4.666604766995574212e-07
2.547382075482359317e-08
5.581755233668894607e-08
-9.565898900167417016e-08
-3.453723288458189266e-08
1.488273604505221294e-07
3.300399823271412735e-07
-9.602415061176204357e-08
-3.155519027525959808e-07
5.712599579044793017e-08
1.028964651145903656e-07
-1.954809788928950712e-08
-3.702120332634439695e-08
-3.403954920590692816e-07
-1.286544855200995585e-07
-3.067588935556328973e-07
-2.420553086146907095e-07
2.416940043109682759e-08
6.563427690978723530e-08
1.172813702665684371e-07
-8.611087584019432664e-08
1.127719121899207983e-07
2.965565876991147471e-07
6.511383304089597059e-07
-3.378383946716638387e-07
6.622521860466264435e-08
8.775898062773516972e-08
6.854308047774221870e-08
1.326072524803271902e-07
9.948575897610837118e-08
1.237112878157483121e-07
6.402311525431610747e-08
2.267191848962479562e-07
3.917880550063817862e-08
5.846131749211365687e-09
4.205429076926073822e-08
1.178390428125440891e-07
5.814567116915910464e-08
2.870466366382288363e-08
2.014747880825596870e-07
4.766705142793857753e-07
2.376066290213394423e-08
8.193767144980276463e-08
8.015485818313988517e-08
2.054563770732913270e-07
2.402880834448340404e-07
1.617123864820286987e-07
2.698257479031827670e-07
3.311557911960903909e-07
7.032840219311082825e-08
1.125892650060385094e-07
1.027472332048712352e-08
8.735181677800150362e-08
2.755181353156867236e-07
1.918782253511376025e-07
5.814012589469375871e-07
1.967444108393667264e-07
6.823966248833643660e-08
1.072818536520148246e-07
1.493711757264706657e-07
1.473961137411965161e-07
2.345621528870584851e-07
3.720156328215775451e-07
4.325822674794927959e-07
3.465080275691063365e-07
8.004768527174348095e-08
1.105486758477606595e-07
1.648245973450242225e-07
2.172158626187988145e-07
2.082431382707916868e-07
4.154594421854870633e-07
3.361313697270278828e-07
6.345873556355881198e-07
1.087456511310623387e-07
1.392652359450727514e-07
2.231514994727076948e-07
1.066698903415360056e-07
2.662405590955110612e-07
1.250883803872776151e-07
9.995997186733452021e-07
9.571082446113288325e-07
1.507036149504823782e-07
1.772824230826216961e-07
2.166066310127976224e-07
3.287802861858338820e-07
4.310476616474061519e-07
3.790499252858899139e-07
4.844517134144867256e-07
7.556016508867081487e-07
1.332861239721633140e-07
2.325099971806709344e-07
2.618266913166187154e-07
3.459604868657900402e-07
6.497845167824514059e-07
7.202387277838725431e-07
9.291518668085244186e-07
1.256406357446980377e-06
