4.793245780697794247e-08
4.512007479154091395e-08
1.868499116184665364e-07
3.268756881946113267e-07
2.444205466086780178e-07
1.636585825271611876e-07
-7.041991526178636971e-07
-1.508591679766877624e-06
-3.729287795406134940e-08
-6.804921579062036945e-08
-2.371321408591629955e-08
6.894506573833200194e-08
-2.251323054854024231e-09
1.627822784625327011e-07
-2.345792126683096046e-07
2.095789027301117902e-07
-4.231228504067158745e-08
-7.129187576418549899e-08
2.882476256355049025e-08
-4.177487951149020193e-08
-2.282976295213526980e-07
1.250574517975629418e-07
5.230764536661911420e-07
6.408989570237603363e-07
2.142076213783356268e-08
9.374362603994195321e-09
-4.230652492772549140e-09
5.395057422095786929e-08
7.581194648186540377e-08
2.741728513207237231e-07
2.300946801205155307e-07
-2.815181542386403853e-07
-4.326857658171988011e-08
-7.737148764852151644e-08
-5.985883785971394154e-08
3.195887954686612929e-08
1.296295765137094159e-07
-1.059659194209696785e-07
7.328617109789569739e-07
-1.958083541683287028e-07
1.220058347536199609e-08
3.550059626242134036e-08
4.559686469619168311e-08
-1.399442122810828017e-08
-2.239924720585221712e-08
1.118304101151456931e-07
2.478645176029324758e-07
4.969986516252697627e-09
-5.664083306244100617e-09
2.603291400689126282e-08
1.086580696556296316e-07
1.193397036713154229e-07
6.479065446302141845e-08
1.064272663770489636e-07
2.845451086902103351e-07
-2.309456966806475039e-07
-1.026093330895287549e-08
6.386413250886241263e-08
7.825188871388181198e-08
1.865291180218626021e-07
2.984946223571696061e-07
3.222346484944008694e-07
3.283283890420528120e-07
-3.138146438619322402e-07
-2.637771760201167910e-10
6.709103498322310588e-08
7.809039881934556534e-08
1.917720272331135226e-07
9.875094319130796336e-08
2.228278660851811062e-07
3.367837938593657703e-07
2.516973533497095602e-08
5.275622268064192481e-08
2.979477420925738250e-08
1.336822117671684771e-07
7.740843059882711975e-08
5.079974679027412645e-08
2.167988952999177677e-07
2.811932677814313948e-07
8.070180331427392340e-08
4.423561601115696896e-08
8.244976827576653731e-08
1.377724544753877955e-07
1.912670253392951136e-07
2.943617805377868249e-07
2.744785050283748460e-07
4.534183645394468962e-07
1.982890161633422982e-08
1.033448879941767749e-07
5.688900580579110397e-08
1.608924666134721406e-07
1.446297593143841313e-07
2.257539218801981541e-07
3.007092466452372095e-07
1.652580772757806377e-07
-3.220999194245372307e-07
9.845738949495645105e-08
1.056008643422451745e-07
2.840528488451022551e-07
3.777333226883669093e-07
2.245195321075250336e-07
7.057459483557138109e-07
6.552916635706585216e-07
2.655624995724994207e-07
1.535665847748188235e-07
1.892996008227293875e-07
2.770255167915000641e-07
3.602083269638494149e-07
4.465414976512435093e-07
3.502333099547462819e-07
5.502538762233145441e-07
5.952704272226403038e-07
2.007609072982003449e-07
2.122108017891429962e-07
3.134227508454050358e-07
1.729057865580226764e-07
3.137715909825830281e-07
7.065514597724887894e-07
5.350445405414816503e-07
1.075767310021293707e-06
