3.234664265383327852e-08
5.936746325734653290e-08
8.985653155133975526e-08
8.173634466417113550e-08
5.141765192035314702e-07
-2.328751977579823278e-08
-3.701046751900454241e-07
-5.666596777955616795e-07
-5.419656391084746173e-09
3.027938692761737881e-08
1.221099066427060806e-08
-1.933060706846522974e-07
1.483019184073742694e-07
1.366014414914085252e-07
2.963639899344515244e-08
5.400340966563368541e-07
-3.001070936959051122e-08
-1.191698842164412012e-08
-3.847078523100917991e-08
1.663084476603945209e-07
-6.346027550903058282e-08
-1.626549245517550502e-07
-1.774662470313342154e-07
-4.452435962635721455e-10
-2.806497820827867157e-08
2.165077270306259167e-08
1.384764481030158849e-08
-5.071165035982636433e-08
5.742313876014335634e-08
-6.035020361637851475e-07
-9.795822361036057074e-08
-9.666497740388592422e-09
-1.478217931755546808e-08
5.105770042635759748e-09
-3.278711053170966259e-08
4.145061316488042666e-08
-9.684397391660756998e-08
-2.266862598009761749e-07
2.230828123174239487e-07
1.211446372823115391e-08
7.037562480858546690e-08
7.407733023748763170e-08
-1.591730674781788153e-10
-6.787068258939976066e-08
2.536681732987697734e-08
2.443936979083351541e-07
5.163776610691968821e-07
1.017486085965466815e-06
2.200473094943310031e-08
4.722170278267881364e-08
9.700153849506414458e-08
1.587251923391772395e-07
1.079830952655313380e-07
1.282174444700019712e-07
-4.971434445686217038e-08
-1.119731579899791604e-07
5.665837547124312798e-08
5.826409996008028705e-08
1.957555620484913876e-07
1.046512538617618375e-07
1.932312930523198709e-07
2.775651288061182106e-07
1.369299241240724711e-07
9.285248463811797372e-08
4.700639967025027146e-08
1.000334412954918556e-07
4.357842765173455442e-08
7.591122567868181994e-08
1.943876949655061040e-07
1.139307799527786798e-07
-1.648756794312989333e-08
5.848838458930967745e-07
5.267292768422355775e-08
9.766319368653849874e-08
9.393428887035869779e-08
1.317408305131791003e-07
4.403093528411432975e-07
2.496361988069552952e-07
6.987109072254787369e-07
5.281152529120275079e-07
9.460909650579532299e-08
1.228931441679761165e-07
1.966746442557929236e-07
2.349749016394095378e-07
3.706093443461034962e-07
3.262205957057760221e-07
4.322479414202852727e-07
2.994405630179645273e-07
1.026690316232171544e-07
1.351491068578194110e-07
1.050314056581107148e-07
2.156045676382235977e-07
3.648385579376791143e-07
3.756687733847229710e-07
7.682558037688254364e-07
3.034536075377520907e-08
1.375797404995111331e-07
1.739075098123123424e-07
1.591228279649733344e-07
2.288242019360853849e-07
4.179542739780675637e-07
2.301485389403136914e-07
-1.437900011162144518e-09
3.274538656263606169e-07
1.388486244433751221e-07
2.437725451927077105e-07
2.977037678952319595e-07
2.468738954599181717e-07
4.785468419117925692e-07
4.768559794813726572e-07
7.840373030250978332e-07
1.169660261811375984e-06
1.976738328359912109e-07
2.380921217606488225e-07
2.618766567330202008e-07
3.913563002899720451e-07
6.259083557343744280e-07
4.115873060809947362e-07
8.369568553178729081e-07
1.315422108972874388e-06
