-3.170547356076069954e-08
3.760195884455299988e-09
7.073247043473186345e-08
7.203555049635490749e-08
-4.559845418780690739e-07
4.050307623199854687e-07
-3.924018926176673580e-07
1.151624984313537198e-06
4.779828767012087604e-08
3.466886711518738009e-08
4.194650414528151522e-08
-3.317214130863917479e-08
3.817188957742355820e-08
1.383402523794245384e-07
4.775189277583168629e-07
-9.051915775992179448e-08
-3.435498477228173424e-09
2.489339324657523776e-08
3.783569674601472378e-08
9.105222395710918201e-08
-2.857143906295158379e-08
-1.103175718188247793e-07
1.606979819992910483e-07
3.934580224248042306e-07
-2.889483981273285094e-08
4.979418599095760776e-08
-2.476644377646578917e-08
-5.856024908203388320e-08
1.766357679102078105e-07
-5.438205486823530774e-08
-3.202726000360209795e-07
-2.389413181539989120e-07
-6.459512751759357874e-08
7.046278399567781687e-09
2.977212313840220541e-08
7.118179520633246725e-08
1.389784596401768470e-07
4.528268808849288543e-07
-5.917207951702512989e-08
-9.104876952880778364e-08
2.611555105127548972e-08
-3.782288259378713202e-08
6.114575384035820959e-08
4.184588610805662804e-08
-4.520173842560087536e-08
2.453938158294841426e-07
2.634725712924169741e-07
6.223644429693502642e-07
1.845908867967118962e-08
1.877775692255878502e-08
2.549240468569826810e-08
1.393001043009264705e-07
3.675971162289257980e-07
4.203685779065635853e-08
8.927690245264763191e-08
2.010150279706420492e-07
2.001716530249402690e-08
2.288265290789382167e-08
5.622124859043774660e-08
7.845098256336183133e-08
7.450986038579755902e-08
-2.430357384536018489e-07
2.086153663296394380e-07
5.937847106611248323e-07
1.757468204613903087e-08
4.070465071024085236e-08
3.735613959112214705e-09
2.901283421241611984e-08
1.222547757688574274e-07
6.519299356621464246e-07
4.117412171710836887e-07
-3.115581707385468708e-07
1.441734318234355144e-08
4.643977503671344072e-08
6.321071329329513762e-08
1.877434774596949173e-07
3.589931431478112527e-07
2.512415362539327799e-07
6.202169377749037349e-08
-6.285997472501650791e-08
7.297428132256278803e-08
6.126575536683337172e-08
1.324463900215977839e-07
2.337353877501237183e-07
2.278642649884297317e-07
4.095742670910521783e-07
5.945720761203740984e-07
-3.590485101162141616e-08
6.525098311277184667e-08
1.106425078296951806e-07
1.766914617163028964e-07
2.637537606308121142e-07
3.399652959835574251e-07
4.863628461816440147e-07
5.583628914519653293e-07
2.167186850394888799e-07
1.099496750066706897e-07
1.026497573982099495e-07
2.748910341368835821e-07
5.815769811334626447e-07
6.073773437117698059e-07
-1.223421909865296641e-07
3.254917385249554351e-08
8.542128840516566782e-07
1.136104904232882117e-07
9.523327156737496802e-08
1.625771666953716787e-07
2.918736209972182761e-07
5.098471020341973129e-07
4.652780455332071313e-07
4.968920879827144415e-07
-2.468159953521196560e-08
9.350415862037741801e-08
1.736787868144472929e-07
3.069192985586667670e-07
4.223125891792888128e-07
5.659852898583326430e-07
7.863853516136948650e-07
4.171900357652658526e-07
4.676722628241429453e-07
