-1.305743924727825909e-08
-5.522288282975560563e-08
1.082064350334940511e-07
-3.529416945486168474e-08
1.929316901384777477e-07
-7.521100832663239532e-08
4.257700193794871415e-08
-5.285651039006626778e-07
1.927342163350561774e-08
-5.701959507311764456e-09
8.148042511355894663e-08
5.972282339793786995e-08
2.359462700521447783e-08
1.019442027436875900e-07
3.666565957883587753e-07
-7.987081349099503865e-07
2.044829234258133001e-08
1.488007911757376509e-08
9.186082078477167137e-08
1.531810426645378662e-07
2.618778694165590099e-07
-3.109650049944926154e-08
-1.165352411991883787e-07
-8.885368873960664630e-08
7.342016302578293747e-09
-2.208944369615070273e-08
6.751402330169521144e-08
-5.432180166191346094e-08
1.822371421418650268e-07
-2.209493411833368618e-07
-1.135067842687150177e-07
-2.760042131121494579e-07
2.433623296815429931e-08
5.562010068814374409e-08
8.169032729808260101e-08
1.812843041388927717e-07
1.979355390132836488e-07
7.338350979675171776e-08
6.458442172714880513e-07
-4.523931240244144472e-07
2.181056309945152028e-08
2.010517285928310395e-08
4.016894672588842560e-08
-2.662017877023095450e-08
2.441911912712023314e-08
3.985851958546961185e-09
-2.691906269647318659e-07
-3.937479093970364508e-07
1.685464208275300409e-08
4.425542892770527738e-08
7.692089287014935951e-08
6.897916024948320147e-08
4.099253198421994650e-08
-2.620137904605893442e-08
3.160450145723744076e-07
7.383789979551949646e-07
3.810233726257326951e-08
7.692393051333409240e-08
6.464539131986792027e-08
1.141754457305792855e-07
1.654387549547325092e-07
1.512966428410644684e-08
-3.570453327642807849e-08
-2.849847699675972774e-07
2.549890653532685294e-08
5.903381937398633085e-10
2.847307522504692678e-08
-2.900344247187695980e-08
1.400657432516299297e-07
3.163772339323053947e-07
7.144641966723387884e-07
3.089991906708941936e-07
5.388446327323385655e-08
1.384185783639451441e-07
1.139404931303974812e-07
1.288408411461683607e-07
2.300627422556361885e-07
7.318228390917561935e-08
4.546576509349398478e-07
4.610003297466617543e-07
5.797919515796918812e-08
1.333797847936753288e-07
1.816187166620651801e-07
1.078322743413908031e-07
4.036712301981946743e-07
1.915076660226991358e-07
6.772944195715412393e-07
8.558968397162903440e-07
6.344143038402574972e-08
1.527992648827303786e-07
1.563700564598175078e-07
1.875042948389791103e-07
3.577969045174696661e-07
4.869432810485049530e-07
3.238229699847505194e-07
3.444223426942902307e-07
7.705486966887886199e-08
2.317596790515377782e-07
2.667752476553810236e-07
2.791408958970745562e-07
3.860175054365722296e-07
5.100546557186692759e-07
3.331906523327908446e-07
1.415121640234129067e-07
1.158396499881517143e-07
1.680431539995594312e-07
2.474192680134419029e-07
3.528767536974165891e-07
3.739118564168360840e-07
6.778628963768505497e-07
6.737803128749926139e-07
3.862595323079082973e-07
1.908782658280307743e-07
2.170505927910984961e-07
2.659968119653464552e-07
2.221783518436470873e-07
4.614528259290762641e-07
4.180093694574146888e-07
7.311522789703119065e-07
1.467706529117532823e-06
