-9.459405529781660645e-08
-4.803720489413485543e-08
-3.223412188109794508e-07
-1.244213624100643885e-07
2.930124866911173357e-07
3.045150394356912818e-07
2.775718613844489758e-07
1.754084447594124453e-06
-4.089856565048873056e-08
3.805027743464350759e-08
-5.045974061062034715e-08
-4.492521723971380481e-08
-7.402903623146075810e-08
2.010951650798872752e-08
-1.446171764727124189e-07
-5.135892702503067930e-07
1.741735211893136947e-08
-1.712585158392556092e-08
-1.123634135663480009e-09
-6.637634258192845109e-08
1.982327847942085147e-07
2.315714754118882915e-08
-2.499400919349210190e-07
2.271891058719402628e-07
-3.576425212885870149e-08
-2.363442874633440397e-08
6.142698949828986665e-08
-9.606418757185292911e-08
1.618042167139004910e-07
1.131688173173017949e-07
-7.020578008270686072e-08
-3.285934643061781363e-07
3.635247884181985026e-08
7.167451591031543966e-08
-1.890008838128388610e-08
1.402069145872858852e-07
5.617512418511462843e-08
-7.582375674683810105e-09
-7.492636538608644033e-07
-2.126883941035330803e-07
1.517570893717933122e-08
-1.933066822673862617e-08
-2.722038599834758316e-08
-1.309353346025583753e-09
4.591731861583501539e-08
1.103736194108738854e-07
6.672208292017026898e-07
5.553543476946953811e-08
4.815948726245280240e-08
3.305979204471399523e-08
1.954865415476158908e-09
8.106918447892107270e-08
7.987477698216699576e-08
-6.736985933616510754e-08
2.349448288151934836e-07
2.600214958386064965e-07
2.908298581457875575e-08
5.553745461077460875e-08
2.674379041806303433e-08
1.312897587061742818e-08
-1.697086044295651035e-08
4.347819082440291521e-08
3.780080071316627530e-07
-1.618275651076788205e-07
5.219068684250544344e-08
7.487436044223739226e-08
1.543137877707898800e-07
6.685581374362121914e-08
7.672226090812785271e-08
-2.830575617878695371e-08
2.929643583856333787e-07
5.341642273154486692e-07
4.600758239532395792e-08
1.021345143776565663e-07
6.562811687022058770e-08
1.286848053654666302e-07
2.187877829596198950e-07
2.726538848032948693e-07
3.824389670370660429e-07
3.407085637029473623e-07
8.263453486597607362e-08
6.207286235020940341e-08
8.967514110466690432e-08
1.190668771771217962e-07
2.074089553133589092e-07
2.295837574494479819e-07
7.166622632990395456e-07
1.207374586929056657e-06
7.606914129106983567e-08
7.003510562457802287e-08
1.116763402521275916e-07
1.647464262168000368e-07
3.176147690961367950e-07
4.650514642878034937e-07
3.270881089856649422e-07
2.287789222158771942e-07
8.444217666216306912e-08
4.027685021009542753e-08
2.109292520325558006e-07
2.656567704259391406e-07
4.086227149694248808e-07
4.861604739754187656e-07
7.901245335098596402e-07
9.880601791291225318e-07
1.240501338929394679e-07
1.030400090210520322e-07
1.912642494723424318e-07
1.556514705349018682e-07
2.948989014821176646e-07
5.299949725362925378e-07
6.149779256155216990e-07
6.678471450092678188e-07
2.062475506173808123e-07
1.927370179794973026e-07
1.840824099234429638e-07
2.686987932425677695e-07
4.323950769889661945e-07
8.790463050852759056e-07
8.839992081967362269e-07
1.022172863059117880e-06
