-1.678420519099081117e-09
-1.967173698834186660e-08
1.258745223865173006e-07
-5.385600144834922272e-08
4.842151508267100460e-07
1.586466150055624496e-07
-1.067657730112477919e-07
-1.281748562076199637e-06
1.746293215150096850e-08
3.320546463978492354e-08
-7.919521206500921970e-09
-1.841494477983232294e-08
1.316985823558683587e-07
-2.876952384222449178e-07
4.394371994089095228e-07
7.105383307101995778e-07
3.778871733520264890e-08
7.506833901064204895e-09
3.254959406975927103e-08
1.977084176846712002e-07
1.168424296939716347e-07
-1.678118104522424510e-07
4.649235690811093203e-07
7.455105799038153288e-07
1.928608045978695098e-08
-3.369934980911607815e-08
6.522442923558937315e-08
1.863395895513420347e-07
-1.213018348915359424e-07
-4.572517020657330140e-07
3.807395035409269435e-07
1.388792512190882677e-07
5.979887693765417514e-09
7.209229605979784899e-08
7.624820565792741356e-08
-1.146648667386850901e-07
2.278575053506750603e-08
5.676783985796697873e-08
1.042357559520583760e-06
7.694386439497901015e-07
-1.284839552240804716e-08
3.059056466402650177e-08
1.081370778305174977e-07
3.689648070889142497e-08
-7.901612252900660882e-09
3.665322250441467336e-07
-5.988424990609429023e-08
2.578947990457640052e-07
6.547230387699301168e-08
2.895460311614524975e-08
8.020309139791655002e-09
9.925234966714931765e-08
2.246464313020897086e-07
3.273089577011540867e-07
-1.650208719247577371e-07
-5.131442739498868775e-08
4.096714399199775392e-08
1.084266296021156201e-08
8.464880733811562792e-08
4.353973179188123749e-08
9.146394503614884161e-08
2.201583961405895614e-07
4.802517373669122564e-07
4.960786428691231725e-07
-8.940604111952913691e-09
3.073652755485592407e-08
1.146591871815088221e-07
1.227335919437303520e-07
1.996940460318621728e-07
4.812068645968609840e-07
-1.267286006874549585e-07
1.365716495277070427e-08
4.373048657747674022e-08
4.084356211102999623e-08
8.527196027412095616e-08
1.016376379341573203e-07
1.557669844285062812e-07
2.237433328572194784e-07
2.375758108653599956e-07
4.032214212604796776e-07
9.533675310443976391e-08
1.000754074392105467e-07
1.192530439769051603e-07
1.909755554393886561e-07
2.478297261198835129e-07
2.310289787062097195e-07
3.135853697491013541e-07
4.965211961077027266e-07
6.431574074522003847e-08
1.005591677646215162e-07
1.724685476111668609e-07
2.129503387433194998e-07
2.732110061562999646e-07
3.439243614506428252e-07
1.737755811780467979e-07
2.363459670831533604e-07
1.760939672638145271e-07
1.360169676237679058e-07
2.606090548982515061e-07
3.470606706659377075e-07
4.200089713408447740e-07
8.124043588147610730e-07
5.304354527801542928e-07
9.280787071758753844e-07
1.619126068496805362e-07
1.349436321490194153e-07
3.115419225524093511e-07
4.205495176535567904e-07
4.624524351120256730e-07
7.669940312002047858e-07
6.442158236630423789e-07
8.282561090426595441e-07
1.191998568145692870e-07
1.974276170426495115e-07
3.392230947870213939e-07
3.787818824184304167e-07
3.302097320405404502e-07
5.208349278360631474e-07
4.691097814695432344e-07
-3.061357876111023265e-08
