-8.815437059490806024e-08
1.313758309975216547e-07
2.940669665545188981e-07
2.449883932721139063e-07
-1.063654470359461924e-07
-2.120311283074131537e-07
1.050794872755780598e-06
-7.560679404137549599e-07
-1.747260629588463311e-09
8.503117259970754960e-08
-2.395214804191410773e-08
5.567610654717855487e-08
-5.181269899825245405e-08
-1.357709246502277743e-07
-2.466698032826332931e-07
2.435015447935467002e-07
-1.808677294430520031e-08
3.559918444898359032e-08
8.525808153937666849e-08
-6.808077846299259104e-08
-8.945166781140955617e-08
-4.607799980380158380e-08
-8.077191579514308649e-08
5.596354710694075037e-07
8.583447859079071026e-09
-1.491009379050524303e-08
-2.629991325511373004e-08
1.134238243129034938e-07
2.280590273890310984e-07
4.365853745860264364e-07
-1.354712508494758063e-07
-1.256539342952479387e-07
2.696309872310632890e-08
4.411675092991168368e-08
9.141164275268533863e-09
7.812723840271467967e-08
1.568557213243937190e-07
-9.957748574497608287e-08
1.125261982148518753e-06
2.557297548151470623e-07
4.165979602419869068e-08
2.204443582455127183e-08
3.309404219477531744e-08
6.611143718573044880e-08
1.090477418437018561e-08
4.101849506045426021e-07
3.693091816627619452e-07
6.515759318462181795e-07
6.133319478907187200e-08
6.905662786997170238e-08
4.159434498454011600e-08
8.785489531734306867e-08
6.465296938647500487e-08
-1.987883631662581543e-08
-1.453981689310872725e-07
7.466290261891752498e-08
5.419463511356877733e-08
4.869767566550226834e-08
8.414409835762248558e-08
7.812623662446689102e-08
-3.434017072967267746e-08
3.887832094219371924e-08
4.927920585326407424e-07
3.828851574385930421e-07
7.606681957602498807e-08
1.174713994192535669e-07
1.773169739156642486e-07
2.125003313667711292e-07
6.806763183103395993e-08
9.348248349673758297e-08
2.771771535733339904e-07
1.292116039354874019e-07
8.137578764245791561e-08
5.094323782912704901e-08
1.219410600557221939e-07
1.120453635669790147e-07
6.711612048755192832e-08
3.007626943295531298e-07
4.202881436983271023e-07
-1.308139309084525836e-07
8.085632257706457768e-08
1.156197867089603468e-07
1.290585235660545771e-07
1.913297835291346400e-07
1.318383037136317495e-07
3.445867035860736322e-07
5.655868200980416049e-07
1.990032293755332306e-07
9.915312914219895742e-08
8.597529219882359474e-08
2.051556863214053416e-07
2.324401932634196440e-07
2.793878644628248869e-07
2.276318703323217182e-07
9.773123815597768265e-08
1.891520583828490956e-07
1.520229864109651523e-07
9.821860986172776320e-08
1.261209809556260404e-07
4.473329025498719928e-07
2.630675864856559395e-07
3.546110801141687358e-07
1.009939923891932405e-06
7.146950469136454609e-07
1.549100889882733656e-07
1.871646224659941443e-07
3.353476078171584096e-07
3.866159488804668423e-07
4.118246329496014492e-07
5.323617473049188592e-07
7.696039671326708763e-07
5.822838663761724587e-07
2.361981915117353123e-07
3.388263879328341492e-07
4.354296474593003519e-07
4.689440459011195724e-07
6.360126860780880648e-07
2.393323219156224080e-07
1.506063230507827690e-06
1.824138140584926123e-06
