8.198091643647516224e-08
-4.257268155476842527e-08
-1.339681905461848173e-07
4.923543758392795516e-07
2.385586829624043902e-08
-4.631055452376635302e-07
2.336476185266953762e-07
3.308833923334326981e-07
3.154124350421416183e-08
-3.640712346280948422e-08
-2.454378525315148847e-08
-7.815491657506064739e-09
7.862869013692096609e-08
4.070875499481994694e-07
1.665422802725066390e-07
9.360889849026253941e-08
-5.905548353406704510e-09
-3.669448920752541921e-08
9.536499382513227021e-09
1.565444011614773230e-08
9.524255253297269561e-08
-1.047301974605378737e-07
-1.430399973230581855e-07
3.506093087248285049e-07
2.723944844013348704e-08
7.164203344912207232e-09
7.082004316698390848e-09
-5.476933092909394082e-08
9.332599472441812816e-08
-2.647667968083555491e-07
1.365373652673803767e-07
3.686617960036567178e-08
3.530405136801824235e-08
-2.367926190558166150e-08
8.536638078060878261e-11
1.252724802894031588e-07
2.241345111093900315e-07
4.760163023775850824e-09
8.845543518379914498e-08
2.648390628904977745e-07
-1.025578722103511131e-08
1.717338132803647137e-08
3.285650620515132261e-08
1.200364542294089834e-07
5.490300948832306194e-08
-1.154078412852679936e-07
-2.867940619804249696e-07
6.791758962313455690e-07
1.120381002553857400e-08
2.429762121669928957e-08
9.140915631178497123e-08
5.627854847421180455e-08
1.250992729153069607e-07
2.783746344621338161e-07
-7.824780964102410103e-08
-7.512120430981098286e-08
4.572639996098039869e-08
5.451026335686545364e-08
7.182925635837272117e-08
1.951822307026747310e-07
2.371646345995929866e-07
2.174126041493437229e-07
5.306154197712148974e-08
-6.016130046788258523e-08
5.598737886576873873e-08
8.952264054012359986e-08
7.137861237298738707e-08
1.067939873938818769e-07
1.542458344342587277e-07
2.416477997699392970e-07
4.008628790485449591e-07
-3.007645442497015744e-07
3.442510824263158212e-08
4.670684266112346786e-08
7.959265023093650966e-08
1.855276302752553469e-07
3.051386534258670716e-07
-1.399815693370016805e-09
2.530152303243506009e-07
1.358048477402166051e-07
7.221108652214090523e-08
8.391013236601610921e-08
1.123934657052330793e-07
1.811296693792020905e-07
2.409098413388976806e-07
1.625047825955706912e-07
7.708361870959082416e-07
5.221151326215703421e-07
6.827726310526250257e-08
1.363163711230532511e-07
1.624050325616671910e-07
1.792330143300501189e-07
2.011073405338224423e-07
4.491998911936847778e-07
1.607457036553411164e-07
-1.094955933464810200e-07
1.278718179966811893e-07
1.023765741305968971e-07
2.661724067341291197e-07
3.510814549560322949e-07
4.826389428784045722e-07
5.591581760487687555e-07
9.220231752610234960e-07
6.189093695230339662e-07
1.430269486505826050e-07
1.733532687341696683e-07
2.212112153248748220e-07
3.108580531746655494e-07
5.078907881945684212e-07
2.245189145008620491e-07
3.827343485913315771e-07
4.102676553618335730e-07
1.338667204289046954e-07
2.166722818963872639e-07
2.851752248018823882e-07
3.714427692583502192e-07
4.176935905910992187e-07
6.224943834642026707e-07
1.076139655749582779e-06
1.438397351631655645e-06
