6.523751775589208282e-08
1.588172918285091395e-08
1.354691410778608854e-08
1.238304603813929615e-07
4.742938272229096965e-07
3.756393645363559957e-07
9.236820605541876953e-07
-3.457197204197912143e-07
-1.206532650847266281e-08
2.319436588544423009e-08
8.994746399476404634e-08
1.619169377926804210e-07
8.526077264315226746e-08
1.173845619466632366e-07
-8.369619596041774417e-07
1.886940119027654080e-07
-1.915829542946759804e-08
6.154489060999298475e-08
1.373698103487621740e-08
1.357100754843061717e-07
3.801719239831927885e-08
-4.302042600077193245e-08
-1.117738672247976203e-07
-2.293792682726450808e-07
8.201904125364673377e-09
5.523952630715260746e-08
3.265848473339263381e-08
1.628155451888055075e-07
1.745102900559286181e-07
1.494836011119980304e-07
-4.706670524550556050e-07
4.300778933547305464e-07
2.247472022532928073e-08
1.665976619501169712e-08
5.282923668248385872e-08
2.481765661029723396e-07
1.984173691138196662e-07
1.529512146367034561e-07
-1.611242448107458894e-07
-3.172734860882325908e-07
2.372939529933310271e-08
1.068053493029174822e-08
-4.072907422370686478e-08
1.607762508649884477e-07
8.092794943439824841e-08
3.806718221879109491e-07
5.853982240899944487e-07
2.058510727931114432e-07
3.471982852309535499e-08
4.891535446512210858e-08
5.397073836676270839e-08
7.073445107860893052e-08
1.623416926091737937e-07
1.385688778135415081e-07
1.530037145536564483e-07
-4.182904423498200386e-07
2.492801425915498225e-08
6.862943852943558718e-08
1.343677392972911031e-07
4.030578592398750983e-08
2.035116469057715479e-07
3.047941644201038131e-07
2.826238162625736468e-07
-8.956466300409745910e-08
4.303052536053186545e-08
7.334627421603567556e-08
6.318240087949654179e-08
1.265954269973916052e-07
1.286769068127933720e-07
-7.637801995321865206e-09
2.014854014398694301e-07
-1.101441484904784161e-07
2.368680998539026779e-08
4.971903656667328203e-08
7.505572693862650351e-08
9.945019595478226124e-08
1.601409101219940482e-07
1.942039821950734321e-07
2.629170009522391487e-07
8.656168279906299887e-08
7.289489192083963320e-08
1.033586500461681067e-07
2.110966812348270817e-07
1.707274216029170023e-07
3.564480688618487960e-07
1.991041477631341597e-07
3.300749202645890551e-07
2.023872244417465446e-07
5.807601787614556114e-08
9.378010051544760847e-08
2.445978314513583143e-07
2.019214144424864299e-07
3.245729809098120226e-07
3.393604191960075274e-07
3.393051557079273068e-07
2.834365857190976755e-07
1.297784600647492766e-07
1.256335803654725189e-07
2.531912170156606600e-07
1.113610890736789945e-07
3.788732912635036159e-07
1.073982979527375623e-07
8.149883766651222515e-07
7.322656509594184184e-08
1.535698237652142079e-07
1.388763967120210698e-07
1.689450833715079807e-07
1.802531507829564741e-07
5.027049754335297953e-07
3.115774395597595682e-07
5.503440890360566042e-07
4.247081480879007395e-07
2.169944046401535413e-07
2.867682711863074852e-07
3.512258779493600083e-07
3.606399807173716440e-07
6.285653537094915262e-07
8.591527360038894024e-07
9.376980414834936325e-07
9.536323586736962580e-07
