-2.293119318341369270e-08
-7.664457963928775788e-08
3.617040044049768502e-08
-2.965834086281944156e-07
1.893274501397307138e-07
-2.194499686961608542e-07
3.541218171591617895e-08
-1.061829289799623654e-06
-1.656453430789552353e-08
-2.332408958521404039e-08
-4.998647011173684688e-08
4.410953276582932694e-08
1.003448853392020954e-08
3.425155860164462581e-07
-6.201717801296803726e-08
-4.533111321559717511e-07
4.781377153611268605e-08
-2.464268060379499063e-08
6.307198781734620574e-08
2.024053958880786767e-07
4.251627413105685149e-09
-1.092606750763307847e-07
-1.485506861353375913e-07
8.838293720767224366e-08
6.037797511954512321e-08
2.826073008669277398e-08
1.373639837555075727e-07
3.169674525043086008e-08
-1.039757693141345827e-08
1.862001186013834574e-07
5.038131712312355191e-07
3.469732391583979533e-07
4.978175036272021572e-08
9.679348818520064897e-09
2.286246246565686390e-08
9.231361475958828798e-08
1.077616078622990878e-07
-9.598950864722057816e-08
2.334734675576968179e-08
-9.281311842598947952e-07
3.509411766364068317e-08
4.747794353288187548e-08
3.174004520673461289e-08
9.518302284639408568e-08
2.177870672596247252e-07
5.665999439579977273e-08
1.143035162852778845e-07
2.247957806840428898e-07
4.894221279869943132e-08
4.104657130311435573e-09
6.343122944860748631e-08
-2.118686354139508005e-08
1.473692822885875843e-07
2.242983191997294229e-07
3.025593818639285103e-07
3.205131154600887884e-07
2.119075897399312745e-08
-4.910368483980491669e-09
1.564641625557036109e-07
8.817969711144152968e-08
3.250951058078086489e-07
1.272961265948318097e-08
-4.563883788052562945e-08
1.525576561989712205e-07
7.323245993298692679e-08
2.795275156381132048e-08
1.905315712842678378e-07
1.054944748996895615e-07
2.442413360500720327e-07
1.638049482658750395e-07
4.630917173379382809e-07
-7.729160964354406741e-08
4.722993032049441481e-08
5.360743523757573609e-08
6.013905049068572588e-08
1.827414349242837758e-07
1.322037622366988249e-07
-1.142370621513006306e-07
3.271568573808866884e-07
3.417294343128349845e-07
4.073833678069877146e-08
6.199283701271219996e-08
1.052229332173593187e-07
2.023647813555365463e-07
1.874797326045438415e-07
2.906366050726381908e-07
1.977505193900921935e-07
6.093114599112007684e-07
1.060730899575929996e-07
1.643900312771110224e-07
1.572176001407349777e-07
1.408989121876915641e-07
2.921895006457406601e-07
2.170349841081958122e-07
1.529035347794935122e-07
3.899093341705871895e-07
1.149724998413052069e-07
2.009062895550376107e-07
2.086086765700024058e-07
2.460921575953978730e-07
2.475295257653934942e-07
2.616731387206983415e-07
1.000658357848810907e-06
3.113250696568731794e-07
1.189564922845343626e-07
2.827889534617384319e-07
2.765706458168898022e-07
2.573125386898535043e-07
5.049369493870420874e-07
6.836157586809764731e-07
8.626059191257787669e-07
3.026187984731531072e-07
1.937577717504463859e-07
2.524385416088382339e-07
2.701160107857200089e-07
3.109167080356675022e-07
6.252335893480521281e-07
5.390902483216869583e-07
1.171790482086875445e-06
2.938816739275408505e-07
