-2.860825502645788709e-08
-4.658515140431992282e-08
-2.222657634873005167e-07
9.994291734652631420e-08
2.297936554459272635e-07
1.164861330101397993e-07
-2.544694620743596548e-08
1.838967627359032997e-06
-1.537938879044339358e-09
-2.542129334322465277e-09
5.382918114992804105e-08
1.372329928716417619e-07
-3.448829905352310224e-08
-1.965637654968544989e-07
1.813120515111830624e-07
7.024187396303847273e-07
4.322952729437657524e-08
-6.756780749870462502e-08
8.679709615043877926e-08
5.985142952713429745e-08
-7.666656326203244526e-08
2.320710780262643533e-07
2.040671770515957186e-07
1.056184729030181240e-07
-2.263721570951975407e-08
-1.110397497401401519e-07
2.291257567228425827e-08
1.994278409310954411e-07
6.091931713392664533e-08
2.947505277578973093e-07
-2.692194017633342028e-07
-1.492094010977875136e-07
4.542035803958441128e-08
-6.323265646290294057e-08
6.532736072905788952e-08
2.040381405797519608e-07
2.224582722341778224e-07
-2.704910858243727518e-07
1.533018263358292234e-07
6.122783800529854848e-07
1.583904879358696078e-08
4.055337167667588265e-08
5.218951994865253054e-08
5.489034308183905015e-08
-2.273099771911572155e-08
2.008155388331953221e-07
1.532890184023098949e-07
1.027577051490672915e-07
2.103912525037374507e-08
-2.324542033477350233e-08
6.249646227103423868e-08
1.113997343997891017e-07
6.152139918242088367e-08
1.044138421872306578e-07
7.959423576087116439e-09
1.949356166255804210e-07
1.482803225914207625e-08
-1.042980881418522770e-08
5.639208147757510463e-08
1.211235038829892215e-07
2.008461188038862555e-07
1.081701668989665904e-07
1.725336630384559543e-07
4.111023800980750593e-07
3.579057820090168697e-08
3.562463514010897959e-08
7.092750334000101884e-08
8.369908575022856055e-08
8.411976570031811508e-08
2.892327287676580714e-07
4.246901068872697524e-07
4.781138962757166712e-07
5.430444341250229247e-08
1.109289050248765104e-07
1.468332126570413165e-07
2.583143031968137501e-07
1.232498304556723198e-07
2.065889903503933779e-07
4.645174524999219175e-08
2.671034792821166283e-07
6.710575334067703141e-08
1.341136561855745974e-07
1.821684570812152500e-07
2.587778348201134688e-07
1.780715184579272730e-07
4.033628509175708289e-07
3.285658575327449088e-08
-1.539698838644872729e-07
9.012749674060023617e-08
1.055446477938289944e-07
1.609192850029425806e-07
2.370217510432056549e-07
3.125866935974534088e-07
2.861873966263041294e-07
5.670751981738368539e-07
7.549539231069392962e-08
1.164858030257355096e-07
8.201919346238963469e-08
2.296780164051350965e-07
3.456873365155592476e-07
2.725896616414550554e-07
3.861449663313705686e-07
1.403923099442757521e-06
2.183730364352119197e-06
1.739831039964747650e-07
1.940604892281637089e-07
2.624311840998880097e-07
4.107577980487852461e-07
3.877142474214659883e-07
3.880501231568207454e-07
3.850217934908354578e-07
2.860430898606739044e-07
2.142099656900508910e-07
2.251530320093794487e-07
3.107836301527347774e-07
5.870400054178731292e-07
1.905485321723480611e-07
5.362670141969449456e-07
7.000658702607267418e-07
9.010714264507132648e-07
