-3.632714549702161713e-08
-5.323729782499909994e-08
9.606101114832104351e-08
-1.899431631656518822e-07
-2.371688447488000094e-07
5.441685995601895097e-07
-3.526023993006031401e-09
1.641477399989721093e-06
6.981925590742198249e-09
4.334232500284968978e-08
9.788251430503219571e-08
-3.081469847537071694e-08
8.056805824917112210e-08
3.878079503859459085e-07
1.189018778696026087e-07
-6.922105153672991529e-07
6.650928205975248086e-09
2.470306703655450864e-08
1.978718918821547333e-09
-7.459464886936972973e-08
-1.677326310198310484e-07
3.426744660916006425e-08
6.324840377851300220e-09
-2.142509153047167543e-07
2.096006531083805760e-08
7.826736112211923602e-08
9.880222271006681792e-08
-9.929232327510173665e-08
-1.915078245673150272e-07
-6.194707337559483575e-08
-1.531336396363941843e-07
5.280001691466309793e-07
1.490893728987073290e-08
2.219481259385158408e-08
1.862267921978728295e-07
1.004398892871048474e-07
2.718723020253696934e-07
-9.313999668843155769e-08
3.221434461238190691e-07
1.315482411842105368e-07
3.240214230356494191e-08
5.021340382998080467e-08
8.902225472864183823e-08
-1.292193292073186621e-07
3.164200891701692259e-08
4.980859848732919469e-07
5.471987644619755739e-07
7.698251447705126981e-07
4.685703499694325186e-08
2.986688001867207386e-08
5.157561796229185547e-08
7.731043410388718292e-08
1.674626713480241789e-07
2.155499033670725406e-07
1.328947324406771829e-07
-1.158772226808225148e-07
4.152159729356526790e-08
6.134308137823443451e-09
5.446748563142857838e-08
7.246058297442849774e-08
-1.005701518533974189e-07
3.072118940428268834e-07
5.536547668075348630e-07
-3.197413529302178930e-08
5.069572036897353685e-08
3.442584717235066510e-08
1.142094574639774150e-07
1.432247403058346892e-07
3.087179131001790904e-07
2.122467994543667305e-07
3.704511772802668636e-07
6.225117344366079739e-07
7.402115501142049691e-09
5.684331725208891649e-08
1.414582002754908547e-07
1.889215868569205047e-07
1.895294623328802799e-07
2.171485755659531118e-07
6.044513255797404031e-07
-2.328393353332247026e-07
6.923432747443063621e-08
1.180709074117362230e-07
1.798030900636355945e-07
2.319613068136450194e-07
2.800589576153243940e-07
3.424362732687989386e-07
3.212332802702026749e-07
1.673498718691346655e-07
5.554904885207185897e-08
9.575382403880412298e-08
1.695541037757079164e-07
2.093288358291731169e-07
1.950395768080459020e-07
1.155173529356609371e-07
5.054432616411267309e-07
2.132521499549510002e-07
1.090782253739360499e-07
1.724300716302218502e-07
2.691697133713595054e-07
3.238178348958617778e-07
1.971461583087451253e-07
5.911471645967431076e-07
3.266304471596007942e-07
9.703711598332995210e-07
1.580143056793106788e-07
2.333529780706338771e-07
2.927947878434757966e-07
4.175395783974293112e-07
3.990935628221814368e-07
5.980347588743972104e-07
6.923799372766209426e-07
9.206024561338606800e-07
1.925517771301789330e-07
2.928483038020621849e-07
2.258366712620667101e-07
2.507330998880664404e-07
5.181018476774616003e-07
1.007879784079320672e-06
1.197347845221199242e-06
1.370530664813177150e-06
