-6.070619930273113211e-08
-5.195013852070528178e-08
5.645836986957233207e-08
3.801067181036340837e-08
5.033888063202080999e-09
-1.091753129751448575e-07
-5.258245329217589829e-08
1.116847745189537728e-06
1.606070230674327901e-08
5.647428380314388964e-08
2.972778152156458012e-08
1.699018410335012786e-07
-1.807048402267902702e-07
2.575936625585862153e-07
-1.292712496239022839e-07
8.496345073744886277e-08
2.542769833891091936e-08
5.161566497685653815e-10
-1.632595598792569682e-08
2.276069274256806505e-09
8.472220445396826900e-08
1.223651967942621267e-07
-1.017603396976885365e-07
3.777902621317380227e-07
1.291027235442517582e-08
-8.122270923335849216e-08
2.378415538731932418e-08
3.269735690456150520e-08
-1.045309053769850339e-07
1.179697433810724444e-07
3.738260963667286644e-07
8.289588711171176709e-07
1.443244633579639796e-08
3.771728938048982272e-08
6.147973191034910564e-08
1.336600636313128038e-07
-1.753879018713224840e-07
5.646165478030821585e-07
9.549509610615075654e-07
1.699349754314132903e-07
1.955913243203049713e-08
7.101487655510329127e-09
1.399678699737578651e-07
6.870956487133776804e-08
5.925168093360827481e-08
4.680021679440435590e-07
1.154464790266357756e-07
2.610895019974434534e-07
1.508469600057639744e-08
3.142916679570422273e-08
7.050960626322953145e-08
7.245238054642969714e-08
2.074444979177369488e-07
2.012049980403796489e-07
3.628939081347825071e-07
1.325061809498679086e-07
3.419856999405396366e-08
3.637750449510745740e-08
6.018948781897808138e-08
7.466850577922528257e-08
1.922563867342453174e-07
1.287747146507410108e-07
2.445003547497709723e-07
3.738691434811710551e-07
3.963257369668397159e-08
3.750541019417504614e-08
6.504068832332356648e-08
1.404523846212800148e-07
2.406485505515031605e-08
1.325445807321728561e-07
3.413572715293241577e-07
3.224485836520488485e-07
8.493425906179995850e-08
7.377774235439427496e-09
2.596832275852024235e-08
8.764816992480041462e-08
2.039915017206940467e-07
1.353791157745237020e-07
3.456914183241416443e-07
3.966447248606054001e-07
6.158921868371176656e-08
7.415162676222068415e-08
9.681428094130029529e-08
1.815670324617377873e-07
3.403446310285589395e-07
4.136025997788515620e-07
6.567618476635996932e-07
3.976406530714613562e-07
1.005640964338500942e-07
8.742321146810219601e-08
8.117634954492029694e-08
1.952066523495869786e-07
2.220724902295295793e-07
3.411751393055002043e-07
3.641794071180264068e-07
7.006626935312327041e-07
1.579355285613740775e-07
1.489016272667630897e-07
2.203479782713902911e-07
2.677309249406843436e-07
3.128249101981794928e-07
6.515006009873643730e-07
8.028548950108327453e-07
6.020691259436051254e-07
1.707939452047388215e-07
1.792848821518353434e-07
3.313800391526979407e-07
3.546321215533889229e-07
4.416368536773076571e-07
6.156551820855468747e-07
9.362892521464562464e-07
1.123748179121457430e-06
2.247921572608480106e-07
2.445726818105551656e-07
4.132661888861131250e-07
4.391148057126450613e-07
3.950182499318339689e-07
6.062772106542009641e-07
9.746409578792911134e-07
1.105836916121218611e-06
