3.636194500979372312e-08
-1.774761293438565175e-08
-3.644427927949039089e-08
1.844248141998308406e-08
-2.658170487088555818e-07
2.928391142858970016e-07
4.453449043723701801e-07
1.618111828905913426e-07
2.247885948451984310e-08
1.669272918135463003e-08
1.211623181667777685e-07
2.284065493223981240e-07
1.034227996108140379e-07
2.207803444412041357e-07
2.178873342235452476e-07
7.423145814993932241e-09
-1.757344721415842856e-09
2.881183157528791908e-09
5.356871507714414102e-08
-1.016676833661719551e-07
-1.531220975974662772e-07
-3.623661464178512300e-07
-1.728445785978171547e-07
8.954877229872565803e-07
-2.835764921288803864e-08
2.660510062210614178e-08
9.148489816141756217e-08
1.095861145676632727e-07
3.367631999807961024e-08
-6.545695005547435066e-08
1.207476593795032628e-07
7.274027806296847576e-07
7.671697193912974974e-09
-3.320907835792927140e-08
-5.847052804492506881e-09
-4.701918419180561949e-08
-2.586058164886337997e-07
3.926002008694279616e-07
1.528085570050695548e-07
6.169047220462456182e-07
-6.676329694929777151e-09
2.261182834480701798e-08
5.533673477508014772e-08
1.767128538678831248e-08
2.115216402185234600e-07
-9.778451131798953374e-08
-5.770648038073071677e-08
1.108464580859020110e-07
2.894872640939323356e-08
2.154414329998761734e-08
6.027704494123693922e-08
6.241804914400784583e-08
9.197866910890693990e-08
1.520421441380015976e-07
-4.138244757077037198e-08
1.429202462311269994e-07
6.339417277592362506e-08
7.234490247186030221e-08
5.752744572835243046e-08
1.416579557622703131e-07
2.014484353366976162e-07
8.658260611525634416e-08
1.824818224088546198e-07
-1.830366319323756837e-07
5.567143464647011900e-08
7.722488098001713961e-08
9.094328437115090532e-08
1.395055654029914514e-07
2.108172947705290461e-07
3.165306528571170057e-07
-5.219152595815159232e-08
2.843647606917692092e-07
3.327207529712485346e-08
2.717550449655459472e-08
1.954208676374010616e-08
9.873537640903644981e-08
-3.651940037466711023e-08
1.704788903991977065e-07
2.911646817093897305e-07
-2.002873796633496940e-07
5.243146477784369338e-08
3.845863354960817972e-08
1.479273826047369304e-07
1.376373605616711861e-07
2.842739853249697954e-07
3.218811699415973199e-07
3.484580231308819030e-07
2.565770558844456476e-07
5.430683029624513770e-08
6.282164711060784688e-08
1.597404943594256909e-07
2.293402692865232780e-07
2.437449670926056912e-07
4.658499928852321512e-07
4.500073887683181676e-07
2.077709665910153303e-07
1.227743588633699229e-07
2.301016899681209805e-07
2.721239809716025514e-07
1.444474459981169659e-07
3.238037610017362179e-07
4.252539415430539737e-07
4.388268667765232575e-07
8.157560217458905554e-07
9.818919950680861200e-08
1.411481974705717356e-07
2.100677755885770990e-07
2.321381723031465794e-07
4.410879575704375561e-07
8.493698037103488436e-07
4.365667907637248747e-07
6.652921097467624286e-07
1.907247609145284617e-07
1.845852559868255775e-07
1.848634212473145600e-07
3.493637682375933336e-07
3.406987734509207120e-07
7.071246380762412084e-07
6.897055016107638915e-07
1.287659650841998533e-06
