-3.625686299090723798e-08
6.326370433780292157e-08
8.824501935561796499e-08
-3.136875041561291332e-07
-8.462230492204120141e-08
-6.288021370778713805e-07
1.960843791500110396e-07
-1.983238868539255359e-06
9.751430755304128518e-09
8.065568084045905339e-08
7.527063250571592703e-08
9.380541030951795238e-08
-2.674395656551527753e-09
-2.441610945806375204e-07
4.260660523930482238e-08
3.760508161981360721e-08
-3.833018802571714466e-08
7.639621862154003280e-08
2.171880016555469710e-08
6.530445083643529933e-08
-9.326268472932329114e-08
-8.793717937805227404e-08
3.682407170241087820e-08
-6.171627072925917835e-08
-1.150291268936771071e-08
8.016528766397765172e-08
-1.194798394986401104e-08
-4.703104929611637733e-09
2.782905398245150021e-08
1.477180483689145478e-07
-3.752250894519358370e-07
1.352990812399635890e-07
-1.069828388851746627e-08
1.136589105275633704e-07
1.669762577807294365e-07
-2.823874577869048472e-08
-3.355782785465105859e-08
-1.135071902570822547e-07
-5.170392380152165150e-08
-3.841669209494870640e-07
6.390922437688650123e-08
7.958058323415487233e-08
1.531847409181300752e-07
6.939705629509476508e-08
4.428283308623476528e-07
3.984837659641223924e-07
4.690712086193411129e-07
-3.173109710662202440e-07
1.720818713529974344e-08
3.595277995645806662e-08
5.381267910207216234e-08
2.822797120101817708e-08
3.258985773327793129e-08
1.538047697353091185e-07
1.373949296471169732e-07
-3.796123534127791744e-07
7.599154530624461684e-09
7.039405058776856083e-08
1.366096810737034184e-07
2.745454647091425116e-08
1.601396104848090132e-07
2.175579948203301539e-07
6.606395459377072508e-08
1.745452783486168258e-07
-2.041289505992833060e-08
7.600930367405883025e-08
1.278816521694487176e-07
1.474321653350103278e-07
1.002183193209760516e-07
1.858765042406593895e-07
4.392418244385226749e-07
-1.977802802914013813e-07
4.760660798090381907e-08
6.904955045672312487e-08
5.575183167775788376e-08
1.972589707564079162e-07
2.564682765545300368e-07
1.801594768240245132e-07
2.964066029526331278e-07
4.930879762154074601e-07
7.528754182349940224e-08
9.439276130796591666e-08
1.051669030242061603e-07
1.424394674862018574e-07
2.463003009099963522e-07
3.496081889309234179e-07
3.682755764472418720e-07
-2.387184402354441518e-07
9.113274866651290032e-08
1.410678068850975366e-07
1.929840007967610417e-07
2.815519036107129761e-07
4.538204627672365193e-07
1.254576878921580058e-07
3.885578835623805142e-07
4.175459576302905320e-07
1.072796920989450945e-07
9.691629613305183690e-08
2.061630367462355396e-07
3.377891692639457489e-07
3.363954693933124926e-07
5.815548225846588651e-07
9.536843088719047039e-08
9.623253811627100944e-07
1.127179277868890325e-07
1.390465245181066361e-07
2.662339560784842989e-07
3.127499102562991293e-07
5.566393558490823729e-07
7.831305109887089444e-07
7.943405853227469845e-07
1.070607175633940474e-06
1.294475383623250670e-07
2.314190328747482618e-07
3.719902899755417955e-07
3.494121194456785221e-07
6.928149450116767323e-07
3.740451364685991428e-07
9.688481714314128119e-07
1.582713963200793652e-06
