-2.827013517060277968e-08
-3.015882829516434065e-09
-1.191340673185233035e-07
-3.243827958889573438e-07
2.448849374946985502e-07
-5.377216589643225053e-07
7.282366049747635876e-07
-1.665716853916712665e-06
-3.576281453261455310e-09
7.114093129131825425e-09
5.911341439106603356e-09
4.477885974580452764e-08
-1.564531623375301193e-07
-3.871150437315191530e-07
1.166216689692415742e-07
-9.331802245834686543e-07
7.755894683424710653e-08
5.022372014502060720e-08
1.143180772941430367e-08
1.176206553078949517e-07
4.536033674613945660e-08
-1.297390118789870085e-08
2.329793328038760871e-07
1.468872869077263938e-07
4.207802452191752430e-08
3.851540206433306576e-08
1.066959911257553935e-07
8.568357893935453503e-09
3.405720660925054361e-07
-1.570759530188999633e-07
5.823582096111723314e-07
4.937027817023029258e-07
2.881908135262504127e-08
-4.417703752068874946e-08
1.241956245968055396e-07
-1.024037219071145977e-07
-3.793370641860201460e-08
-2.663417211872672162e-07
6.271591922698890421e-07
-2.828226055795512325e-07
3.022999623714094765e-08
3.205700629425698507e-08
1.344897041385328938e-07
1.287896385011708537e-07
7.689650201268117877e-08
-2.718366227903553848e-07
7.560246406803146943e-08
-2.550566768045095323e-07
3.070027442440841746e-08
2.140132458346801636e-08
4.248617267371930184e-08
8.345454953286924141e-08
1.825390332263106117e-07
4.267639560888406221e-07
-1.714368670052132189e-07
-6.431098921794881591e-08
6.963411465256685165e-08
1.936236073496026492e-08
4.561799047583645011e-08
1.462689544914656846e-07
2.198787426863095806e-08
-6.117496125193907870e-08
3.124258609233338501e-08
5.270055889538966773e-07
8.883582596730080227e-08
3.912521305146243931e-08
2.050572727569669167e-07
1.403255562092631287e-07
2.266978712930638621e-07
2.051955742170965790e-07
1.784093537256286973e-07
6.604344410006144774e-07
7.958372364863872728e-08
8.138367872373135966e-08
1.188357946065373575e-07
-7.513300226755906917e-09
1.403983116077150914e-07
2.224900418805121815e-07
5.523677908698413666e-07
3.961266015837679531e-07
1.056879294288603188e-07
1.073829433647355580e-07
1.259602077555352645e-07
2.786480226357912899e-07
1.436424580635941787e-07
2.722257348807770258e-07
7.265679773904444369e-07
3.644309287771846711e-07
1.257467495573757740e-07
7.031036691109800941e-08
1.855467412271551259e-07
2.303224269229676241e-07
1.544275948026241955e-07
3.590457807223541117e-07
2.415306455975018353e-07
6.918826204012487718e-07
1.026067940123029624e-07
2.419382454738014259e-07
1.881371092408505735e-07
1.771885866051779288e-07
3.462307130954832081e-07
4.164363162570914590e-07
7.827214387399480630e-07
1.047649576631542880e-06
1.465722032152021328e-07
2.238141754676653076e-07
2.629788871957255200e-07
3.240947129240190626e-07
4.160616864415826899e-07
5.893079603248902724e-07
5.269708353306495528e-07
9.844025745274407131e-07
2.541961463845867687e-07
1.806438770563429276e-07
2.999626494350977116e-07
4.384988319609183901e-07
6.545631338170177415e-07
1.118403225119985296e-06
9.466138132073196703e-07
-3.269634179864677704e-07
