1.096564469261328569e-07
5.399561386493558577e-08
-6.289810691678706256e-08
-3.919617820700792340e-09
7.894979216703800947e-08
-2.835570504306122526e-07
-2.174240390514958555e-07
-2.344147413577551608e-06
2.790516323737713848e-08
-2.807996344733481057e-08
-6.703384505456262998e-08
-1.106886566316893149e-07
-9.462840361642597558e-08
-5.567988045265254859e-08
1.180204099853847499e-07
7.047132175747988195e-08
2.260737082959946141e-08
6.453877092792213787e-08
-9.382462369887782914e-09
4.852225313868257420e-08
-3.103019932211659895e-08
-2.869495067772440697e-07
-2.628265132803262903e-08
2.033010235310424681e-07
3.553079030507407806e-08
1.218371028048560704e-08
2.701388341058771873e-08
1.750337438294742438e-07
2.335026054371089103e-07
-7.833679116512680146e-09
5.970095147706829402e-07
-4.350578690686987975e-07
9.153544473365459750e-08
3.158886392952650359e-08
1.002435453580287811e-08
1.055155802618397763e-07
7.893687441147074552e-09
1.376823979079797066e-07
-1.128890699150024424e-07
4.735775115602855140e-07
-4.153663207885642329e-10
1.659027219422800887e-08
-4.462113571387801767e-08
1.615637924759964545e-07
-2.211311059647306704e-08
-8.261144293303541812e-08
-3.130953727341543306e-07
-6.099715344686535437e-07
2.277285115061444584e-09
-1.421861057735239842e-08
4.071906770817543522e-08
1.645504816505381901e-08
-7.670313627427145110e-08
8.133639710004686514e-08
-1.053880085155116298e-07
-1.661891711837032797e-08
5.217338800712584135e-08
3.446756641615785699e-08
7.924757025879108906e-08
6.704043641234049936e-08
1.134821449862958605e-07
2.612914432921233721e-07
2.346168560547596175e-07
-4.743356004242508228e-07
3.202011186307995054e-08
5.937302608965489054e-10
3.836318515767204006e-08
-3.010851769886237711e-08
1.715279618801664309e-07
3.599303558231271744e-07
-3.125248841553930948e-07
1.877759230674342107e-07
5.052802257398480393e-08
7.118241841476843908e-08
4.750234762962266362e-08
1.882491682707157345e-07
8.972916596594690875e-08
1.024198027970840592e-07
1.822981939778182167e-07
-3.444146390219463504e-07
8.824536668485640400e-08
8.668290390801321972e-08
1.130344787598308839e-07
1.643972674712237800e-07
1.321063992212254678e-07
1.395980146506241931e-07
4.810140790533618751e-07
4.598389396395203931e-07
9.953931258047943011e-08
8.721111436866567969e-08
1.100056310010950786e-07
2.289630224209430393e-07
2.200098514437331234e-07
5.561598806566056602e-07
2.618376021328502396e-07
4.889014121717001732e-07
1.050827445336197716e-07
2.329466512432960851e-07
1.991118485629238504e-07
3.497734373759340951e-07
3.543166417323952471e-07
2.717822436034931866e-07
9.601796150805528256e-07
-1.436672642034255933e-07
1.406452696358748559e-07
2.198521688625363794e-07
2.009052015783860182e-07
3.642881721641237785e-07
4.261626215181601011e-07
6.699807466580430363e-07
4.785262538815469963e-07
1.375631088767974617e-06
2.203969557830506000e-07
2.525703958904792735e-07
3.532842275930782605e-07
4.237142949252755901e-07
6.635506070099189287e-07
6.010496441856529240e-07
5.237794580690216328e-07
1.051060222761166360e-06
