-5.085914601803450858e-08
-1.408799952072518726e-07
-1.050631029229235708e-07
-2.711404841828012377e-07
3.588135395233728649e-07
1.844764468767553005e-07
-1.830706737001545288e-06
-1.495905496957748173e-06
3.377300357816925464e-09
-3.743516115538153611e-08
-6.024252720203474554e-08
-9.940586679978804401e-08
1.530459940551418821e-07
1.418609291546516753e-08
2.741841869504924913e-07
6.240944043629387018e-07
3.189932556809034769e-09
1.575736979438412739e-08
1.833895435322519787e-08
2.187589571725985370e-07
-7.335013797504368565e-08
-2.386759057122137161e-07
-2.361018400883487996e-07
4.806918781730006112e-08
7.833398290288513454e-09
1.915094722551097166e-08
-1.699282714926083043e-08
1.362791530250526651e-07
1.855156944207265391e-07
1.342322156764114408e-07
-3.169349319327570357e-07
2.932139717549864807e-07
-9.115995693164659833e-09
-3.458966774449225413e-08
4.739498952331136928e-08
2.691626067042878577e-08
-1.513361145633699935e-07
1.234624129338179012e-08
-2.508045412314316399e-07
-4.137083363410641316e-07
2.849746084795135073e-08
3.624705294149321147e-08
-4.433782791152292978e-09
3.292962795206441194e-08
1.981082772555841071e-07
5.170064312333244691e-08
7.647809974874027293e-09
-2.372090430713616926e-07
3.419723284796053396e-08
3.790747801564899002e-08
4.904866199957392535e-08
1.226815537727395876e-07
7.638970915390666837e-08
4.426474169119585057e-07
4.730538583768231303e-07
2.929493658248330728e-07
1.939860222954529944e-08
-2.675570654992147385e-09
4.403494058734670536e-08
2.255229718362858474e-09
2.544921723863572858e-07
3.946736672351877908e-07
-9.292656298000705640e-08
3.050689066732367883e-07
4.874243942409603437e-08
3.050015864896613037e-08
2.424184543746395621e-08
5.138091051519757919e-08
3.364876132924690824e-07
1.379054371812843340e-07
1.390971262300606851e-07
-1.787623187955722398e-07
8.758130315020025883e-08
1.216231026504667519e-07
1.056696158138356074e-07
1.500299277238171297e-07
2.887063012872102621e-07
2.423831316503405738e-07
4.296516972508894658e-07
4.379408661633612962e-07
6.338237855256456309e-08
5.349509741974641409e-08
1.243059288169409421e-07
1.433512417545187631e-07
3.297052762844264857e-07
2.332442569440316891e-07
1.564005762083936061e-07
5.866817195401795905e-07
9.992743380837889097e-08
8.139263883923214776e-08
1.143868361951131174e-07
2.529926743179495957e-07
2.656168306534768736e-07
5.132846475620689582e-07
3.474483189827390513e-07
6.707561597103522124e-07
9.199405956463642298e-08
1.297307087591943717e-07
1.973251763683633575e-07
2.079948731757604416e-07
8.835202407492689703e-08
4.376681035526255517e-07
4.071959653906815269e-07
5.281170161925492983e-07
1.255609574455871857e-07
1.450337476094695959e-07
1.732850594848918806e-07
3.701662698915006985e-07
5.158838163801917541e-07
4.558087833574052699e-07
4.946659081085558494e-07
8.450931978529811921e-07
1.777507943355394844e-07
1.938186503677001234e-07
2.828860649636540084e-07
5.847651161704144324e-07
5.988479851985142300e-07
4.487256804343530108e-07
1.447286735590886319e-06
3.773234328807344844e-07
