9.816234783198751516e-08
7.465694505652165203e-08
-1.593989945576433615e-07
1.506514156509014229e-07
1.334765517782680437e-07
4.972696076600200987e-07
1.921800454436380412e-08
1.389977034647120622e-06
-1.149681893653295998e-08
-4.432199403668109547e-10
1.741544181684712730e-07
3.081775657044691814e-08
-7.356657417097754716e-08
-2.685349063358423087e-08
-2.819095284815642201e-07
2.451146550112994335e-08
-2.138182870266433136e-08
2.325895424856860315e-09
2.066167297458325935e-08
4.877657832028744844e-08
-3.670985929454251939e-08
1.061253983313170897e-07
-1.976524693241307719e-07
-5.401174255288059759e-07
-1.423808528724545124e-10
7.191428919548987793e-08
1.519194070823856465e-07
-1.997607318094339900e-07
-1.858007130050891080e-07
-7.008182152525466401e-08
1.470049164529331055e-08
1.099726094069362662e-07
-1.736399991211224108e-09
5.282996372225480528e-08
-2.629495834520856689e-08
1.975554945705344899e-07
-9.468950166716651929e-09
-8.178098243225802282e-08
-3.914636604003597854e-07
-5.321144169690294579e-08
5.624894764735363447e-08
1.740201823506502171e-08
3.600473553566596059e-08
2.554242801079563555e-08
-1.397184439080001286e-07
4.554600498245843862e-08
-2.444711500539638411e-07
6.533548319154347872e-07
4.606642195684108314e-08
2.171176392709534517e-08
8.955022553128018750e-08
8.762747758567123445e-08
4.106900856159864443e-08
1.473773593294461480e-08
1.466922342787628867e-07
4.160452111085731219e-07
2.169396950433315994e-08
1.105462652496217985e-07
7.744496613058500356e-08
9.371111725046723098e-08
2.453607790779558715e-07
2.651989436263402032e-07
3.100269184086307375e-07
5.888507428614933088e-07
3.827941114715432934e-08
6.415328898175735375e-08
7.595739815732875754e-08
1.983071034995051823e-09
1.494594361298768673e-07
-5.670873971359382648e-08
2.132693495733750754e-07
-9.350117638846785282e-08
1.637319980694670044e-08
1.159508463000156828e-07
7.646513433491113617e-08
9.933233985585611017e-08
1.046372517641404070e-07
1.927645294782112486e-07
2.848525881411589712e-07
4.109883529028986946e-07
7.611376552933229984e-08
6.762468091968747851e-08
1.906210571278517536e-07
1.521778960186600774e-07
2.512795417012208180e-07
3.219223526852872633e-07
3.600876363892463589e-07
6.732686426732674636e-07
6.847578406467812013e-08
1.187293688143255529e-07
1.210354318585988380e-07
1.061180827990226871e-07
4.198273660519350265e-07
3.790017448076653100e-07
2.476629307295039194e-07
6.722034010823458427e-07
1.151346477087062548e-07
2.042656654431600279e-07
1.643096885090718571e-07
2.603546245944632505e-07
3.459962495042961000e-07
6.343881123542656922e-07
5.124131650956376036e-07
1.183770063888359614e-06
1.126007690268290533e-07
1.810569891939591540e-07
2.870707163840172021e-07
1.894305484969461822e-07
2.843162990186848212e-07
5.103925776639359600e-07
8.269399693695707570e-07
6.075588463897769460e-07
1.890510736199154256e-07
2.089595752424041336e-07
1.783169539870806695e-07
4.713209859289691847e-07
4.113725147498217529e-07
5.648582000262948398e-07
4.819639610031866748e-07
1.271666214778828884e-06
