-4.770812774717515138e-08
3.829412700623038668e-08
-1.750312420399954186e-07
-1.115920044286765972e-07
1.431866578766035525e-07
1.316618197343174357e-07
8.625718429900777394e-08
1.278289164964379812e-06
3.005767678588547286e-08
2.906616524458595821e-08
-1.351255213090537794e-08
4.078160694288035102e-08
1.960682600021986818e-07
1.521415674916511465e-07
3.290621799309500626e-07
4.096509516589799607e-07
-5.938800417414587454e-09
-2.600666037041980307e-08
-5.964299535280766056e-09
-5.913789966890357359e-09
-4.517146396363273666e-08
-2.286282228292171036e-07
-2.883180380726853334e-07
2.219192997147896797e-07
2.743633431224890440e-08
6.464446897341935203e-08
9.931241641809097259e-08
1.081723523904572315e-09
2.831005417490322321e-07
-4.297208989629700667e-08
4.952021065881892642e-07
-2.131176180457659117e-07
5.995694995891484168e-08
1.493882266676785514e-07
5.596921365817171980e-08
-9.682001585876937380e-08
2.399150692072456160e-07
-2.291829674309694182e-07
3.603645381065076461e-07
8.119298508371981307e-07
-8.555413242007856745e-10
1.392289827407012185e-08
-2.358923944828069325e-09
1.336636966370694747e-07
-1.696442229292650150e-07
-2.289225486854374502e-07
1.155242454133679979e-07
2.591757833355034749e-07
2.231275827538809790e-08
5.009716935099300923e-08
7.256149682391714978e-08
7.607562700215523163e-08
3.084425269827491245e-08
3.048706337409194617e-08
5.324105611237784444e-08
-4.860223718268053556e-08
5.215454236103461090e-08
7.377530613511383404e-08
4.477617971974474441e-08
2.795217169857519916e-08
7.069036900363073546e-08
2.431667059857733820e-07
7.967602811621867544e-07
1.707045203503344133e-07
6.964558867989352232e-08
8.905517262273802819e-08
4.978221924299584809e-09
1.010984358174040254e-07
1.309286971220601542e-07
2.466917775891001732e-07
1.948919204675652012e-07
-9.090374371700351535e-08
5.475535898542711072e-09
8.992702731745129965e-09
1.306819731227485602e-07
1.791347237828158822e-07
1.097577040455794326e-07
1.828096146613774699e-07
4.038998213331422365e-07
-1.415026540504317416e-08
5.514948988367417649e-08
8.382088421561678559e-08
1.443430751089653276e-07
1.354622339817339205e-07
3.000686959337430654e-07
7.838239758393144192e-08
7.263771972637350569e-08
3.725687809715193961e-07
6.642971023836380652e-08
9.857116358382457797e-08
1.809848841082000731e-07
2.376915078829991774e-07
4.208035998246573959e-07
3.307505724776530797e-07
4.401624948318319745e-07
1.383846602565514615e-06
1.598299086905131762e-07
1.797276374414298836e-07
1.224793864785470578e-07
2.574715463783203690e-08
4.743161880236316541e-07
1.475176679667393434e-07
6.727667606242308381e-07
6.719173268565412481e-07
1.809266849606472314e-07
2.003303030124916533e-07
2.457504759326197663e-07
2.984748687994943102e-07
4.379006810587096062e-07
7.119867159735432537e-07
7.633231267037683282e-07
5.363029644261381563e-07
1.448121696803048522e-07
2.541025511262370472e-07
2.498599902177106604e-07
3.682208561967302636e-07
7.050837290476851876e-07
7.879194405191344338e-07
1.024124709790056241e-06
2.526833079531069251e-07
