4.659110153044199457e-08
-3.048288970393092304e-08
1.034105576258860316e-07
-4.799501739133338674e-08
2.872761071974014804e-07
3.885043278073481212e-07
-2.291808895599483222e-07
-1.417598309651914350e-06
2.114101355067300477e-08
-1.035743066814464233e-08
1.492119698366309853e-08
-1.278877520360596091e-07
1.754247171160290910e-07
1.387970326000517244e-07
1.208064766384394202e-07
2.137150077121959732e-07
1.956230360137866282e-08
4.262315342010758593e-08
1.077986132189351308e-07
3.785069725422036105e-08
-5.182254022204560996e-08
-1.464901487981872482e-07
4.201573125376843538e-07
-3.353679078925721873e-07
3.635866174253918696e-08
4.370966738408384279e-08
4.661834237722127655e-08
1.012608308227384158e-07
-2.279906574527401754e-08
-1.385390957548778482e-07
2.494027198422919050e-07
-3.478354421775470057e-07
1.669249297715479333e-08
7.404824304223274223e-09
5.580002944013992140e-08
2.485368669228033011e-08
-1.852622619699069897e-07
-3.450524788582131189e-07
4.737621952948532774e-07
-9.908408559405290545e-07
4.761789885752543939e-08
-4.243233153642226173e-09
1.578879091268848852e-08
1.781126627536828420e-07
1.024159631527122253e-07
2.507079360006062938e-08
7.315672614182021849e-08
-7.660445133024205756e-07
5.610259107132249175e-08
3.830663845123574983e-08
7.180569629068043599e-08
1.290214422328276947e-07
6.384154923842048019e-08
1.041907013001362619e-07
3.340031593219197661e-07
-7.495977127942102264e-09
5.534813529692029952e-08
-4.957200061483501344e-09
3.055493866077687209e-09
1.890559787862113976e-08
1.450016334868485803e-07
4.862007060941943711e-08
4.639135128253581790e-07
2.535818820925619830e-07
4.501653039428971537e-08
3.299087237488331560e-09
1.105196999952444229e-07
1.633106894595062509e-07
1.799723512530063536e-07
1.715529970382253165e-07
4.852938722009477042e-07
4.355136378173239265e-07
4.801021971794209342e-08
7.720345351375836658e-08
7.256133162327301459e-08
1.730310266394775004e-07
1.832232373282953442e-07
2.120734129388018813e-07
1.686924017777253613e-07
3.402799255693874780e-07
4.057290128536793470e-08
5.840455069890782373e-08
5.695490764334967696e-08
2.712382862352146588e-07
2.162213179923169114e-07
4.575815286867390386e-07
2.674613234099488808e-07
1.499118870328469712e-07
8.526562104545425521e-08
6.091098683434935426e-08
1.506356048068226447e-07
2.961306056977771290e-07
3.572436150174100994e-07
3.430163376452885564e-07
5.471780897093916383e-07
7.018938704916700184e-07
6.857953028887371616e-08
1.057771744336767702e-07
1.502221109264433271e-07
1.998888504490385119e-07
3.318940870813346895e-07
4.592753415433049924e-07
8.598233432065164622e-07
5.649515806735270365e-07
1.055292696035175804e-07
1.720964817279408882e-07
2.000818647624752504e-07
4.929454363529453326e-07
5.032416686192261500e-07
6.378534001730835687e-07
6.532452015061793836e-07
1.217642839687389331e-06
1.500472289199729132e-07
2.467218040849978581e-07
4.831546783345468965e-07
5.142740842250854567e-07
5.918010839535428966e-07
9.624372908713506781e-07
4.607377049500910929e-07
6.803462739492658078e-07
