-4.605033077535848641e-08
-9.654370743341036443e-08
-1.967374157813923871e-07
-3.261899140527071449e-07
-1.257752146285911523e-07
4.526364404818018021e-08
-1.274103990909543636e-06
-5.485493933116359881e-08
-2.008439103812475306e-08
1.598755532491024254e-08
-4.814562557480937868e-09
9.125901923088283742e-08
2.995864094584484115e-08
1.118751458185034986e-07
-2.293123823572061734e-07
5.481796258570813971e-07
3.441313801102467924e-08
3.840541344140098676e-08
1.175440388144177475e-08
4.221574427574105764e-08
-1.344006494431343498e-07
2.687808257209971747e-07
-8.648083292779415528e-09
-6.014526892315093404e-07
-1.786478026846453583e-08
2.116246789645747306e-08
7.517560695904999506e-08
-5.569419909777472986e-08
1.447002551735357863e-07
3.168340589296632500e-07
-4.000088952841931675e-07
-4.691207430397133282e-08
2.663882629956378504e-08
-5.211661008025626340e-08
1.462728018465031762e-07
-6.976033808918837970e-08
8.739507111287292605e-08
1.527447534155936579e-07
-4.179950819671100661e-08
-8.107229261674197373e-07
2.887430620228554570e-08
7.068053527307641110e-08
6.846915077657275377e-08
1.539157765875512013e-07
2.794740621088141586e-07
1.942497409212355668e-08
-3.958186946078984276e-07
-3.806080745002425110e-08
4.080242361372848473e-08
1.133128551095784359e-07
8.063560786673841307e-08
7.247164110168758588e-08
2.642327690575523321e-08
9.085838538271252653e-08
1.794928653465353843e-07
-4.862811745060279195e-08
2.921293717614201813e-08
4.401696278087233282e-08
1.315315525176743822e-07
3.487705537903103403e-08
-4.553771426126695725e-08
6.537142845473318564e-08
2.975152992055295538e-07
8.335415931429310325e-07
3.974375348743607369e-08
9.694793100449289120e-08
1.131557413732177756e-07
4.039877517949563302e-08
1.004141474924820208e-07
1.348192048140355181e-07
3.016509782575920419e-07
-1.122690425111842293e-08
4.909591273939457792e-08
6.225441507769112526e-08
3.695400670598681072e-08
9.283981614089423995e-08
1.683128717425050201e-07
1.763835066602230148e-07
2.471346272533173452e-07
2.197612135308012532e-07
6.766869655413699199e-08
1.288802190657077606e-07
1.829079283023478705e-07
1.791876860238188067e-07
2.177317821633091802e-07
2.499930245903083137e-07
5.519088217972205095e-07
4.320314082097009627e-07
7.628186817567835758e-08
8.148877659837450497e-08
7.542623120355308895e-08
1.985525849462807416e-07
2.472538548079332164e-07
2.947664899449361992e-07
7.378676399582106679e-07
5.585928477979105738e-07
9.458974128807684715e-08
1.175829687109873902e-07
2.858478568683110371e-07
2.175302495011835910e-07
4.538463471065348686e-07
5.037080309397377943e-07
7.812892329169362968e-07
1.511949426531643424e-06
1.332508188943918379e-07
1.409413417052909145e-07
2.342518944274585498e-07
2.901359310105355936e-07
2.888730663010955660e-07
9.040621647672449039e-07
4.478984730864101192e-07
1.127142781803840881e-06
1.544355503683940074e-07
2.204754465712238496e-07
2.125624260831929866e-07
3.915582903754512560e-07
6.185314071237277857e-07
2.714950764201706881e-07
1.015685759008355959e-06
1.408758941299468915e-06
