-3.320532759834334128e-09
2.996447924259656370e-07
-2.465509410208849933e-07
-9.254454143126048735e-08
1.133995217624224183e-08
-1.427325547978438995e-07
-6.048971545119548358e-07
4.267810194114117421e-07
-5.506299820053071665e-08
-3.370577143421130418e-08
-7.374038993771206485e-08
-5.124429814586325029e-08
-2.767939659593602783e-07
2.042590236160757097e-07
-2.834647852385375194e-07
2.559709404698991544e-07
9.492040886776238785e-09
-1.624507167161470393e-08
-8.610853183193952130e-08
-1.115903817620489680e-07
-8.662217138906963347e-08
1.212018967772817384e-07
1.216391819443695958e-07
2.810582281535478375e-07
-1.642106665482480638e-08
1.559977497428811485e-09
-3.004868592499162512e-08
-9.915249098859832217e-08
7.748490573626429955e-08
-2.675873035659899430e-07
4.019503914868227218e-07
-2.175858165377498726e-08
3.819781585769539757e-08
1.530985827231051175e-08
1.097097378084163247e-07
6.900513500044297327e-08
-1.652146190331191025e-07
2.861213330295897611e-07
6.339447859050160756e-07
3.632774935563957923e-07
8.895446379693625464e-09
-1.060700833821140122e-08
-3.597022600321256740e-08
1.831175311956486810e-07
1.269634114562250268e-07
3.997762888923528413e-07
6.543973946037015108e-08
2.906935124557994127e-08
1.735820160081893567e-09
3.562342569448320076e-08
2.823531104876905774e-08
4.799968993960876121e-08
1.602661629392958978e-07
1.157799272272987983e-08
2.552055843446837943e-07
-1.595717758718593495e-07
1.175557816446262423e-08
5.308722696689993805e-08
1.307163138039037381e-07
1.008901731930940819e-07
2.389200168053587441e-07
5.381717321192632353e-07
1.289669390872109190e-07
-2.340528334442610131e-07
5.843395671211923832e-08
-2.479442294044628084e-08
4.013042843483278099e-08
1.143364839420723773e-07
8.954130274256244915e-08
2.997595250371492269e-07
2.692651001961830891e-07
1.665415470450761102e-07
5.456539412748041643e-08
1.200236140294740129e-07
1.421063081324470423e-07
1.448971631248415782e-07
2.799740414093600444e-08
4.031685865450702368e-07
1.060807405526739023e-07
1.054091329899976994e-07
6.971605673197379664e-08
1.183887129687411292e-07
1.626994342568524769e-07
2.369234300502627049e-07
2.000909793395284632e-07
1.666966630348279786e-07
8.102739958585867961e-07
4.833232201022156448e-07
7.650740640614041509e-08
1.391048209753397075e-07
1.394075332929391186e-07
1.842454932685556156e-07
2.925880705193814805e-07
3.508094559979656796e-07
5.756352035627848378e-07
3.318552624204930691e-07
1.646632645989030379e-07
1.874829004731305483e-07
2.532780134752226940e-07
7.730416149104592746e-08
4.903988160999135087e-07
3.358573203057886453e-07
1.323172888558458778e-06
1.158955421148842121e-06
1.461403709548473267e-07
1.956670193023576126e-07
1.628371954735665753e-07
2.848378011954080843e-07
3.044322227374366187e-07
2.251308557025341916e-07
7.731391517397479566e-07
1.038472464606871947e-06
1.792700750722343583e-07
2.285535534735201797e-07
1.954281940602357789e-07
4.326584816785674709e-07
2.994869809979822062e-07
1.075596490366275359e-06
5.818502720104348301e-07
1.133540540592683906e-06
