8.032201409558182558e-08
-3.515911033894996747e-08
1.220806711335489757e-07
3.250411879822014281e-07
7.439990799070866693e-07
-3.010217658653565215e-07
7.811689301145782355e-07
6.421136319384415268e-07
2.125200438658869778e-08
1.355180931074459799e-08
2.999901638165803895e-08
1.288444521192212743e-07
-1.531014376344993966e-07
9.826034116448857116e-08
3.967111864605437489e-07
-6.824159125711448263e-07
5.632088125201081443e-08
5.540259541789358417e-09
-3.391635829368883443e-08
1.390320175348245233e-07
2.343644963419602432e-07
-3.412006916970967103e-08
3.363822976305006404e-07
-3.667870883061090671e-07
5.224512121634054394e-08
-1.763745236804173773e-08
2.098346277916437782e-09
-6.176677555754191872e-08
9.736654630786245785e-08
4.000665384167375068e-07
-1.986336994712893407e-07
4.441786076183505954e-07
2.463762235875222258e-08
1.001947295488883624e-07
1.214784091093793487e-07
2.210609865073755930e-07
9.456080267077054452e-08
4.991629843018841067e-08
4.101879577530942368e-07
4.519836801102124428e-07
7.749356105082410894e-08
-4.295863781775990003e-08
3.681851709362905850e-08
-1.156666084189087270e-08
-6.464381227643030015e-08
-1.115783162902972788e-07
3.409906098732879746e-07
-1.465812791930313049e-07
2.483589285925322740e-08
3.770489627139503977e-08
8.334445699161932216e-08
8.269778186774256211e-08
2.164297978563157314e-07
2.240909423078570027e-07
-2.091737850551476733e-07
-4.559574588643004070e-07
7.054862837769684094e-08
9.542852993044392032e-08
1.684957518519381404e-07
1.561292157947355122e-07
2.460809040673944817e-07
-5.964730609023860502e-08
1.272436827952586231e-07
5.290661752310430135e-07
4.148370550660651935e-08
5.430579475302589281e-08
6.316932097291101397e-08
8.277374631133441333e-08
1.225453847078437617e-07
1.419527248730260114e-07
3.314091881848690636e-07
3.240939366373564226e-07
7.341505362557409834e-08
9.680951829219986050e-08
1.193563622201713285e-07
2.044414798315183886e-07
2.495168392893865781e-07
4.397178805869928881e-07
2.002402736413373051e-07
4.605860501512321097e-07
1.194181429038198128e-07
1.246266239986781595e-07
9.847909343740937348e-08
3.043277340598393953e-07
3.389161865591190389e-07
1.892456998204745660e-07
6.010586642255806841e-07
3.837806235361648638e-07
1.238142725222318706e-07
1.389704209608739847e-07
1.614861895117566255e-07
2.301500722797423214e-07
3.050195178298264879e-07
3.421840609424678000e-07
4.658983791329391797e-07
7.113514301061520480e-07
1.294210400254380844e-07
1.704907436719364490e-07
2.870587004888149583e-07
3.863173482977067190e-07
4.764620652193754910e-07
6.368716415540470383e-07
7.898682613038276573e-07
8.338932093786402497e-07
1.592745486359938447e-07
1.811701063973962947e-07
2.902940918868287301e-07
3.077126691882498839e-07
3.728442889103743746e-07
5.093960119069566944e-07
7.468723338355192378e-07
8.025321942719760771e-07
1.168252105901406224e-07
2.638471999609146483e-07
2.748742388998775262e-07
6.190480865530976582e-07
3.638520169016784570e-07
6.950213757356850110e-07
9.842352183136638130e-07
1.158753952818235798e-06
