-6.251996631861508510e-08
-9.953159313886263443e-08
1.781060788806088157e-07
2.873739010051373354e-07
3.684397085047068401e-07
8.339392476126326031e-07
4.552884017333124932e-07
-3.902142285429450579e-08
2.040020527784991468e-08
-3.493855225477319255e-08
3.048558390045499287e-08
1.313994187495363102e-07
1.240441445555577284e-07
-3.925572496011209284e-08
-2.889925660826869722e-07
-1.903339374392899860e-08
-2.117524208748809461e-08
-1.535982922010360409e-08
-3.925868583200280077e-08
-1.430344690251703544e-08
-1.283262197805227629e-07
-1.596498207431941318e-07
1.237871297639300816e-07
3.654284453674717789e-07
-9.561437651284543760e-09
6.567974453207044362e-08
9.775069729857339542e-08
7.794911207193698754e-08
1.908107110862943247e-07
-2.389923914453957474e-07
2.050926470746689310e-07
-1.815572394191718125e-07
2.033829753988500511e-08
1.692821213055106977e-08
7.244749098488373868e-08
1.242847787755975365e-08
-2.356875384906263159e-07
-2.087204355671962061e-07
-3.336476843347919854e-07
-4.927879018387474994e-07
-2.875501594910559543e-08
2.660826968176454271e-08
-2.396809565111746294e-08
1.909699301652583842e-07
1.587193946999163539e-07
-3.484486675203438360e-07
3.180896529167914240e-07
-5.764474558176122996e-07
-8.318744321433168964e-09
5.669415685105929329e-09
1.738532375739362781e-08
9.502029449382176427e-08
6.045078698582363116e-08
1.902688834806761036e-07
1.710283703313178175e-07
4.242535910588332215e-07
3.149658293745337672e-08
4.125670101044091598e-08
3.307707024310115062e-08
4.211662517408652137e-08
-1.568366707918686667e-08
1.391998777670228036e-08
2.447089693575235456e-07
8.694048287711267581e-07
2.738827080870361800e-08
2.617640050126989021e-08
8.300591145251258559e-08
2.107418213874095845e-07
1.301085130279281297e-07
-8.096292608780733101e-09
4.462245675754679686e-07
-2.129443440818609513e-08
3.932253338230862597e-08
5.884518353395078694e-08
8.876786622269293733e-08
2.426352603175059778e-07
1.695757777713032727e-07
2.468704346040762361e-07
3.794662096098197376e-09
3.715977001203864505e-07
6.685601867637100107e-08
9.650576799289706912e-08
9.746850057401625230e-08
6.448437418320493188e-08
1.501945940705966878e-07
3.925825033318107171e-07
2.881294194592597122e-07
2.456113876971075224e-07
6.804279253577537381e-08
8.964525313122484321e-08
1.543869392172655740e-07
2.309315610016973632e-07
4.688714825926283667e-07
3.179677510000157517e-07
4.996465631708226998e-07
5.907185024880388946e-07
8.273913464001173587e-08
2.060383579220799669e-07
2.885896471199017045e-07
2.686354292928005931e-07
3.580276270938384442e-07
4.695342879693172242e-07
5.346162337696928561e-07
7.771886019709157448e-08
1.297148130461731726e-07
1.670789311486253487e-07
3.153312436242700727e-07
3.720908499076480556e-07
4.105094929071882724e-07
9.094756093232907393e-07
8.637132157706901444e-07
8.429517277059608066e-07
1.757821881282264142e-07
1.970375491773521546e-07
3.311397127714377979e-07
4.511202901367233719e-07
5.042393389410804463e-07
9.734746628917461935e-07
1.093094672969597036e-06
9.286355339691351072e-07
