3.170399637192509566e-08
2.920268240056083988e-08
1.230829398824305152e-07
-2.332085409673753447e-07
-4.490543295388127400e-07
1.424152918471599412e-07
4.959253029741287313e-07
5.439450961322747781e-07
-3.907818216646536618e-08
1.871805076636000269e-08
-5.258371701483282607e-08
8.252870801391249987e-08
-1.207710991923248179e-08
3.045962050904565666e-07
5.497302427489509963e-07
3.164228586398642674e-07
-1.471442465936271423e-08
4.103395253843945541e-08
8.435076263118937356e-08
-5.005713562960834741e-08
2.963621401531422023e-07
-6.281748962853469688e-08
1.476576848364179598e-07
-5.479640488640483679e-07
-1.434483039056025880e-08
5.858431707545394855e-08
-8.964413710011374817e-09
7.893293819365605371e-08
7.909937527285454746e-08
2.519261291629024685e-08
1.463933774451812971e-07
5.459653197884972776e-07
5.393048010748270529e-08
8.247820380109210462e-08
1.043770551006461189e-07
-7.101410417026351868e-08
1.276439977809438537e-07
-2.007521541470076761e-07
-4.811540295454444785e-07
-9.633597339119295440e-07
1.626451056922592973e-08
6.505124021682354847e-08
7.568443126358215406e-08
7.517971881695521590e-08
-1.177727458513989322e-07
4.765774361538972175e-09
-2.651727769988680992e-07
-2.530985208305102342e-07
3.891252995605146541e-08
1.155084683306457246e-08
6.199520900079284671e-08
-2.045925804856686505e-08
1.280411740855460635e-07
2.036992886312175969e-07
-3.602044607511734230e-07
-7.314021591604674749e-08
5.241090787544296707e-08
5.059467191768476785e-09
1.192070234098033219e-07
1.288004023827772769e-07
2.317077617371996467e-07
-3.316546552542336371e-08
5.464852330858923547e-08
5.453816772882053153e-08
7.678788004243640417e-08
9.909154509093265500e-08
1.768688003582973814e-07
1.554417610499100431e-07
1.229873321213817550e-07
1.232269602005895079e-07
-5.316733039844998430e-08
-2.777447337612752164e-07
5.327011789665724676e-08
1.510395011741069317e-07
1.695711384567471655e-07
1.450746178503091457e-07
5.362241647208928906e-08
2.640983885750614326e-07
1.178635882755307288e-07
5.859073284063014608e-07
6.187751284353206402e-08
9.700400401685529480e-08
2.032641017320049287e-07
1.594688236605722526e-07
2.733442827967874885e-07
4.544377006398691292e-08
3.617678773344161426e-07
1.068990999465750082e-06
8.126344942232098457e-08
8.371430736218094483e-08
8.118051392123693549e-08
2.121731810285063362e-07
3.124662994412147105e-07
2.069930427826294054e-07
6.372021535954891391e-07
3.592354400959835054e-07
1.118909529773854982e-07
2.150659219092680640e-07
2.390080274370014603e-07
3.785898326491706334e-07
3.021662051134339738e-07
7.842042421879465293e-07
6.244418253137950032e-07
4.900231993349702439e-07
1.330398650819314775e-07
1.813861137127931210e-07
2.545314223592502444e-07
4.000998480850706627e-07
4.659908933166250078e-07
6.368337871078498912e-07
7.362906669618882505e-07
5.251216685952923156e-07
2.155695668392400899e-07
2.232659668896241640e-07
1.854691526842850163e-07
5.074087082852426203e-07
4.951935995378342719e-07
6.815647782549471671e-07
9.010527591231155915e-07
4.891366787750389231e-07
