-3.116222681100232690e-08
1.358862828941557465e-08
1.363429977020484959e-07
2.571092557376029094e-07
3.761255172182639899e-07
4.980734871151131099e-08
4.698238770698878838e-07
-1.334371544038254753e-06
1.852125989332666020e-08
5.924006135463975063e-09
5.569652967338040444e-08
4.382032154439252648e-08
1.425487685045094136e-07
-1.676279106594063764e-07
-3.400532311140099451e-07
3.369974414386717939e-07
1.638748185667106805e-08
-1.797023328055715083e-09
4.067604622459821853e-08
5.894447887851173736e-08
1.079832712225951749e-07
2.455918013631819984e-08
3.977827139888297040e-07
-5.068292256531358698e-07
1.528601432982093803e-08
4.587437013360751934e-08
6.553552294340663397e-08
5.607650491412611650e-08
1.646855088141871388e-07
-6.340625669596889036e-09
3.529993023641262890e-07
-9.588433680602568817e-09
3.316962746425948179e-08
-6.149268409105540522e-08
2.841751652973022100e-08
-1.666795403941841792e-08
9.009130494709709198e-08
6.216805200782078218e-08
3.689552764686474009e-07
-7.725971819838522347e-07
4.862916157272322642e-08
-6.452370939024600462e-08
1.074831389823050433e-07
-1.896079055348014480e-07
2.665012084788531613e-08
6.537727508051316371e-07
5.980774124968349589e-07
1.584495173183685971e-07
2.047038929151866639e-08
6.375505158794968648e-08
2.508898428507590861e-08
-7.900863567684914128e-08
1.607181970611025185e-07
-5.248747775216787298e-08
3.091513411175539120e-07
8.208199575821854020e-08
4.871758965062438135e-08
-3.545394340349898014e-09
1.142426229202186102e-07
4.531211551169009803e-08
9.956152674764002619e-08
3.675175435301276195e-07
3.268061798782900073e-08
3.359966089731428339e-07
5.880056796732501536e-08
3.096422547319669715e-08
4.031972330212257775e-09
9.265737315943317049e-08
4.981083939930831843e-08
3.942269757416244505e-07
3.827329371232748456e-07
7.431496312522221311e-08
7.267252827575489801e-08
7.905856685335171446e-08
1.621838033924615376e-08
5.832689712744824367e-08
2.114814724081223954e-07
9.239147921588165980e-08
3.367362739627605868e-07
4.483982468031095328e-07
7.822755175849253032e-08
7.998406205304217922e-08
7.387813893887764873e-08
8.462516971384774584e-08
2.614713499229034830e-07
3.792199535555009541e-07
3.564990998771925182e-07
9.460630380440019833e-08
8.917912046397786694e-08
1.542420324355064063e-07
1.266372285681228955e-07
2.108716452838949705e-07
2.704503528731915972e-07
3.567382193552401139e-07
5.383299670713319959e-07
3.541844436367891351e-07
6.131447128134130877e-08
8.940394767082941210e-08
1.929062406339722558e-07
2.260656260674389376e-07
3.456434117914883403e-07
4.533972469066406004e-07
8.362030369449009721e-07
8.430043394035465948e-07
1.729149721165558773e-07
1.656955316453709160e-07
2.573436711070678521e-07
3.228830875882484121e-07
4.197199646790480802e-07
4.275772809317853180e-07
8.148476092214610286e-07
1.068341351959694656e-06
2.150055399962316682e-07
2.867640502135869103e-07
2.786121733713941151e-07
3.731220712581584274e-07
6.013619592090963749e-07
3.672714659745101879e-07
5.210339217370930306e-07
7.881023870792749776e-07
