1.097410289173239884e-07
-1.849291180545343691e-08
-2.563919376843060268e-07
1.318115634081574823e-07
-1.308479781343227307e-07
-3.323538894260592206e-07
-4.277569852991455493e-07
6.143103650410737926e-07
-6.834583473991529996e-09
-3.194192237393153286e-08
5.310997288500372180e-08
8.545584520424030450e-08
-5.015266212158911520e-08
1.628133284090847416e-07
1.027677729477434219e-07
-2.173259131708398738e-07
3.215615540496533373e-08
5.721355673630458780e-08
-2.625839722379103807e-08
-4.787089176614105658e-08
1.742316352924976498e-07
-1.661606926811587722e-07
1.653343758105702969e-07
1.923973779742677415e-07
6.691699791460594556e-08
3.285509243574121867e-08
3.498295289008887694e-08
1.379213011179730958e-07
-4.750261972902446220e-08
2.909630158015891376e-07
1.853239224878631784e-08
1.765336376440190728e-07
3.642736120925525294e-08
8.499555376672093140e-08
2.278725627058950214e-08
-1.327718012648999577e-07
-1.551129869411896553e-07
2.830098330630000548e-08
2.960427346243885774e-08
-1.796968652581102199e-07
2.014843750689275872e-08
5.842310158893204454e-08
-8.170420238373246747e-08
5.730701497143702966e-08
2.584625288703025948e-07
7.091162921664688498e-09
5.875842394539125645e-07
4.956371692043389271e-08
1.720597026091213021e-08
5.627253597016564145e-08
9.199405502618381077e-09
-1.157940777023808949e-08
1.643622963395027577e-07
1.820536945418227551e-07
5.408116778979565468e-07
4.526743776383699130e-07
3.290337928380201395e-08
4.824071711847406234e-08
1.050857495746090542e-08
8.861356387901471924e-08
1.157257978588534954e-07
4.144201252945155309e-07
3.932340451963604918e-07
6.086079023256700412e-07
1.132794852612423554e-08
-2.209631242629300295e-08
1.963812960458850504e-08
1.551536901439468450e-07
1.493176889361280223e-07
-6.372551717287338205e-09
9.587498738072436488e-08
4.204599677321549314e-07
7.147322020945621118e-08
5.017472058433077513e-08
1.275357366157785860e-09
1.412716892905809849e-07
1.463070614311918336e-07
1.032071576109565991e-07
2.722156314353103671e-07
8.242040590806124320e-07
1.023333831835890248e-07
1.106402286505420260e-07
1.030815321630717021e-07
1.743536961172152083e-07
3.008841475896448736e-07
1.319504276633422332e-07
4.943400485177005885e-07
3.353784542780641675e-07
9.316867191525823808e-08
1.052596340295414520e-07
5.053088604243832368e-08
1.583292094928164527e-07
3.234727576810822715e-07
2.437772314646056090e-07
1.959896844818371953e-08
5.892278203666252107e-07
8.954249575362274047e-08
1.545176824295890833e-07
1.393459874313473346e-07
2.742392523835733503e-07
4.935811538860212950e-07
7.252325561376998141e-07
1.040661787031819666e-06
3.433144002063140332e-07
1.629403469736180107e-07
1.987358544941094568e-07
2.588676033173704619e-07
3.013645238887539148e-07
5.187057519632402654e-07
5.723715656924978165e-07
6.740206005104637728e-07
1.003637147560597725e-06
1.931620763432201893e-07
1.657962867613882710e-07
2.953674443105131428e-07
4.742505189588242775e-07
7.328769649494147530e-07
1.056589837512670349e-06
7.666170597974041658e-07
6.773020695731791993e-07
