-2.414752378760902896e-08
3.451383714232953839e-08
1.169241349370694046e-07
1.529739213345889546e-07
3.648918075020697506e-07
-4.142278230086134797e-09
5.690765899692224914e-08
4.533711347676307289e-07
1.881229544146889825e-08
5.805657111441382956e-08
-1.243218505463711364e-08
7.833387481091887506e-08
3.858984860861373695e-07
-1.540355354644267069e-07
4.620529356176641451e-07
5.660415251992703553e-07
-1.478361480358695775e-08
-1.816722222930066414e-08
6.415424219249437592e-08
1.287126268166176244e-07
2.823852419851487346e-07
1.953485236928633701e-07
3.586777282935823574e-08
2.661275063803765766e-07
-1.525761259118783546e-08
1.843034007489297512e-08
5.292125567831978638e-08
2.548166007358021055e-08
-1.499463034340737852e-07
1.267617065014325060e-08
-1.765983010160004102e-07
2.914241310076445798e-07
-9.822447718384887489e-08
-3.750117052586222787e-08
1.504541527550589341e-07
3.426841738292195983e-08
2.078818112042601796e-07
1.852271876610393202e-07
3.249019633025485002e-07
1.092921182775043930e-07
2.506048124009284733e-08
2.468139455988276716e-08
2.946704990289355334e-08
1.362281281623854623e-07
4.637069356550188369e-08
1.989929441016932363e-07
-3.669893437728986434e-07
7.101198446858530316e-07
2.654239581260425142e-08
7.639234223210866319e-08
4.950311542692191358e-08
1.382501271370269498e-07
8.063586362171745932e-08
9.246385773117047096e-08
1.118539375457211330e-07
9.479312857771620941e-08
4.147937725194949500e-08
1.342674844570776686e-07
1.718860262869252870e-07
7.958144209595768086e-08
1.468612596632789106e-07
-1.088497788436829458e-07
-1.553674882540017693e-07
2.256322491122415220e-07
2.779507257042947272e-08
5.548353123798218010e-08
1.300988883161931606e-07
7.825247180697159040e-08
2.535568380545166485e-07
1.776408195739365028e-07
-2.416232622107106059e-07
4.056217259502812995e-07
2.083581392768035578e-08
9.771525155126984312e-08
9.879122787120903168e-08
1.273544436029524186e-07
1.534973229051233582e-07
3.570587595782201003e-08
2.505890909547183671e-07
2.505522029532540791e-08
5.217045126736705306e-08
7.623666906356156416e-08
1.528767508822080214e-07
1.326849167932384271e-07
2.649193020675322710e-07
3.759555200402764042e-07
4.230699043780799439e-07
3.447491836149647804e-07
5.060508363985693915e-08
1.123813049573471532e-07
1.175498474883140884e-07
1.315921414552052070e-07
1.343954824567296759e-07
3.086322957485104607e-08
4.396375632258047285e-07
4.421766569009097475e-07
1.483809021390493246e-07
1.785595584992348831e-07
3.054633003092219671e-07
2.046091830528502284e-07
3.700642236285522724e-07
5.000592807798261516e-07
4.285154327266661522e-07
1.039496182691265155e-06
1.355945164909453871e-07
1.891564447238025169e-07
2.590571138196372559e-07
1.491665796051533814e-07
3.509856224889654876e-07
5.818500900469825828e-07
6.038243351747379392e-07
1.141948157118628357e-06
1.799769296675692227e-07
1.466157599178155930e-07
1.735303987681291884e-07
3.624173461405998391e-07
7.301637799698615309e-07
1.022675638058393924e-06
6.550270182815890545e-07
1.068200528110046526e-06
