-7.826357749972065238e-09
4.227339029829640607e-08
3.711786522313177359e-08
2.407765396077943755e-07
-4.234886393795330854e-08
-4.554604775264665123e-08
9.462258984663354906e-08
-1.518543775315570621e-06
3.941514667497765876e-08
4.481705464940160624e-08
1.654796852732037793e-08
-4.570683333856987858e-08
1.661697022617956388e-07
-2.632479419300406146e-07
4.490759327432133452e-07
-1.779121862841803727e-07
5.185019217782816100e-08
-3.241110157034996652e-08
-6.153131599909444736e-09
-1.524218268944835649e-07
6.113855177626886500e-08
4.647389476191602490e-08
4.323057519417293018e-07
4.437947135975218984e-07
5.509011100178700587e-08
4.404731484627088044e-08
8.661615457496875943e-08
9.432165139810259379e-08
4.779667854854756718e-08
3.674701564806171660e-07
3.389193035211151894e-07
3.140847569519326951e-07
2.601922094821423257e-08
1.646371601667387320e-08
4.350305224126770586e-08
1.906277612709686304e-07
6.121446765692210124e-08
-6.779777650982262343e-08
-2.498282537631849672e-07
-7.715774387594327486e-07
-1.404074167812256025e-10
1.651619987457920750e-08
6.614513607353139805e-08
5.555860361279492312e-08
1.355760391762358505e-07
9.730366454122704858e-08
3.421808829763445778e-07
-2.176457211585856204e-08
-3.848091977416823127e-09
5.094161075878572813e-08
3.383870597102614125e-08
1.131886027654555556e-07
7.294035451029198517e-08
-3.589915054996537445e-08
4.266660487136400870e-08
1.485486730018290028e-07
3.241855542815292129e-08
4.429953649891768954e-08
3.871406821714418873e-08
6.271214532576807335e-08
2.289250488916502313e-07
3.000838439302218416e-07
-2.308592348746170165e-08
-1.905933307340863686e-07
1.698833613089770646e-08
1.328090552145748159e-08
3.700415934813730377e-08
1.436744365100195942e-07
1.134409178950769007e-07
1.014734158189473677e-07
4.667709976763134107e-07
2.274202666038792950e-07
6.067412841471899652e-08
3.518403287926722567e-08
1.409989952161432065e-07
4.785654465368125574e-08
2.024794475492316243e-07
-9.760738674004689484e-09
3.980305658954987525e-07
7.813599471592037828e-07
9.820354361689321571e-08
1.269655017176983913e-07
1.426767567121013293e-07
1.794760803419280210e-07
3.029809689599474102e-07
2.529695629548085401e-07
1.274581679083953219e-08
2.492577075580575891e-07
1.177214650312569105e-07
9.513022739313221901e-08
1.526649338189374924e-07
2.246300962497237867e-07
1.342314176210079856e-07
4.653618608207603709e-07
1.894438062639795881e-07
6.588450162102797140e-07
1.197549940679398054e-07
1.775600302753533243e-07
1.641214860690986520e-07
3.165272311764281255e-07
1.349218113952471441e-07
4.197925574693354372e-07
4.893022923771116380e-07
1.464516254023925721e-06
1.550133586878161788e-07
2.454711696819439949e-07
3.393772718585222204e-07
3.108908885732480148e-07
5.218220973596307409e-07
6.622913504747631946e-07
2.772643780178396075e-07
8.050657650887181633e-07
2.532070154117886675e-07
2.389254655147256660e-07
3.777581438916530045e-07
4.826402420008553084e-07
5.533330423397886060e-07
6.187316000057349055e-07
1.022840059583168547e-06
4.396564948708246154e-07
