5.801669962979427755e-08
-4.270938801727726860e-08
1.670517457287975842e-07
-2.227125633413104572e-08
-2.078713925143533605e-07
4.004064009733488405e-07
-4.071544786270713893e-07
-7.725238760337915487e-07
-7.788197234910639923e-09
3.229399847036484409e-10
5.610434534116551325e-08
1.041509465858499542e-08
3.916473310817834093e-08
-5.659803149131817377e-08
1.536146183376147200e-08
-1.110119372565852461e-06
-2.017450464011099168e-08
3.318937523407955413e-09
3.607614383555716704e-08
8.734908566898960040e-08
7.084492447792378114e-08
-2.191080132021937524e-07
2.213537102783613026e-07
-3.066229821263871556e-07
9.462793629117571987e-09
1.331180709049857342e-08
-1.588462039410339773e-08
-1.320647578850544732e-08
6.413501049505609031e-08
-1.102693495758393102e-07
1.660512776016192936e-08
-3.052845634642868428e-07
-1.208026468273359036e-08
2.818332475424203540e-08
3.427966995523049768e-08
-2.918246246955011818e-08
3.330941635005102734e-08
-2.425650061311814985e-07
1.705340948121448848e-07
-3.414839889338657608e-07
-4.274735539216881945e-08
4.531149275868643070e-08
8.257646550243458996e-08
-9.302781958773969408e-08
-6.616550173057907392e-08
4.255350283266847267e-07
4.924257569030706155e-07
2.592762846720639417e-07
2.775503230020050999e-08
6.862165692509661557e-08
6.340411932413283868e-09
6.538340654486843646e-08
-2.317367647636363564e-08
4.221049333696278954e-08
1.946575754320046060e-07
9.132173101648300212e-08
2.184371786099890197e-08
6.673817440969244031e-08
7.573671118971401479e-08
5.927506465581794637e-08
1.072534721831026680e-07
3.835378801764806292e-07
1.973813711608011399e-07
3.761468413346960351e-07
1.828847012591982759e-08
4.402351938545606049e-08
-9.668267352159685173e-09
-8.099697098914602184e-08
2.806879931546532140e-08
3.582034861630977930e-08
1.761970290169470369e-07
1.480407184301851158e-08
6.667631569940389131e-08
1.025826918844867757e-07
7.184508588966480015e-08
1.249409331829691242e-07
2.503545401811420917e-07
-5.775612379088278972e-09
3.785554834008719435e-07
-1.514879807418189812e-07
3.115374835072663244e-08
1.063597635036592186e-07
4.378885922226111509e-08
8.630661241372079095e-08
4.231172365974086042e-07
5.009981243348144658e-07
4.452103591697021307e-07
2.939412090503089282e-07
7.332972816623094530e-08
1.336156737906235988e-07
7.343207767549055771e-08
1.798962632406777543e-08
1.337575082438397298e-07
4.619221477230962006e-07
3.980744369230850329e-07
3.235495983039276833e-07
8.692523738440364726e-08
1.251179405238129995e-07
1.068771512952552407e-07
-3.645847953558108830e-08
3.306451057900085096e-07
5.644372843140433795e-07
6.680875481149550183e-07
8.116982938484364255e-07
1.221701333796206265e-07
1.738185117174439498e-07
2.158631619708209432e-07
2.851125188609145123e-07
5.254413898863870325e-07
5.231467840600313458e-07
7.512471049162569105e-07
1.066517974091154357e-06
1.609027725422671726e-07
1.005915807228844301e-07
5.284442363101820354e-08
3.190379584951408196e-07
5.732791785308252165e-07
9.065532354184262393e-07
7.418813679122588308e-07
7.500968914753075339e-07
