2.561779219976055249e-08
-3.519160178183579917e-08
-1.770382056102150580e-08
1.718246763518387798e-07
1.332449412688372434e-07
-9.044583427306732335e-08
-4.229045807001809386e-07
9.259498856043748520e-07
4.759070730429833168e-09
1.609800571595680019e-08
5.787448150289164367e-08
8.757664525839790903e-08
2.439070450090056470e-07
3.889900001416598459e-07
2.046035190142050064e-07
1.265534761163339811e-07
-4.329680553474450705e-08
-4.796844958142902846e-08
6.115707717871876151e-08
1.457210975806022735e-08
1.555421958411342926e-08
-1.609454622603252775e-07
-1.005133814826562616e-07
1.737905870447951603e-07
-3.650377295724199944e-08
-1.252435703202984763e-08
3.619358907003448838e-08
7.366622484280593317e-08
-6.660312560225671206e-08
1.530913878508979107e-07
2.236122897688294329e-07
-5.007081434145941746e-07
1.603705693664705239e-08
-5.414460776002020718e-09
8.703655448796452113e-08
-1.002123528355128002e-07
-1.005607824577469011e-07
-2.409892132684725387e-07
-7.478393714424151812e-08
-2.987278791528175660e-07
2.463037326890364148e-08
4.984960100122843094e-08
4.933407821527805109e-08
3.304267728372167931e-08
4.568365658500847409e-07
1.802710121275824887e-07
3.296515706763017783e-07
-8.172479163686768341e-08
2.226921756550768909e-08
5.460211445135244932e-08
8.450788324714531840e-08
8.684435253550779469e-09
1.606385233855515604e-07
1.779982685033388431e-07
1.415823004314531259e-07
-2.681481977918232339e-08
9.235424873593907776e-09
4.103560537053341876e-08
4.991874493800723351e-08
4.004212166941407991e-09
2.408965741738331899e-07
9.540301367254169004e-08
3.026287762928722403e-07
3.499775542511446690e-07
4.607739864326351235e-08
1.186536725910070344e-07
1.081444832515442980e-07
1.621136046960314419e-07
3.578964382560777449e-07
1.343087919193602946e-07
2.161128727867280229e-07
5.528638238695400815e-07
1.396234786045723924e-08
1.594760843381356767e-08
1.715156369068983658e-07
1.365555786402531199e-07
3.472927435718911614e-07
3.006525666897348786e-07
2.604775307808308114e-07
6.837482018736856368e-07
5.410949940628420563e-08
6.280659811483372450e-08
1.746518025915734394e-07
2.808249467624390697e-07
3.790454001443683870e-07
4.848144267720745809e-07
3.705531222343778699e-07
9.356022207173753837e-07
7.675369862844483559e-08
1.286566130559463782e-07
1.777280821314318208e-07
1.916411834315946706e-07
3.122435403712334433e-07
2.777719516208002558e-07
7.808384294059419841e-07
8.978134507253424618e-08
5.890898573707102430e-08
1.204090283088565075e-08
2.243544439405611779e-07
4.616815738535422141e-07
3.896925607701370856e-07
6.307319642521066128e-07
1.018497704596348045e-06
6.613093211696532438e-07
1.201419104347101820e-07
1.570603848188524471e-07
2.590019148690970284e-07
4.157438952694844155e-07
4.969675665863267353e-07
4.777846487582399724e-07
5.822782209270072555e-07
5.203135502777057258e-07
1.999064946875709569e-07
3.406854427634503813e-07
4.235219237807393421e-07
3.090420925324094263e-07
4.216715393053732851e-07
7.986544435606595697e-07
8.652033611590724775e-07
2.024412411697144397e-07
