1.353133646142295009e-07
4.418852422749315756e-08
5.581479931662956398e-08
1.255753054664036898e-07
2.142938784877375394e-07
-7.662487785173893069e-07
-5.010614063901186325e-07
-3.788807376863953080e-07
1.921495493868556058e-08
2.800185837828389774e-08
9.485807041213153416e-08
7.818915308735504917e-08
8.613472785964938292e-08
2.333960270347520144e-07
3.210210366369802755e-08
-1.219621089569539969e-06
4.821521535118261709e-08
6.156925534261444986e-08
3.693550089367081304e-08
8.008868080176112792e-08
-7.239561437344857905e-08
1.996899482953827623e-07
-3.488068072507627500e-07
-1.895422216435364036e-07
3.029942203451564735e-08
9.292799910694663773e-08
6.856816523641480867e-08
-2.490113939083943847e-08
2.751342731480899315e-08
-3.457657741408543543e-07
2.448805007325592704e-07
5.105320950975973421e-07
9.055462195095624758e-08
-3.570052668523107682e-09
1.315904013771729531e-08
3.417735291142715994e-08
-2.143851509493829014e-08
-1.389059651239922218e-07
1.016023240545918785e-07
-5.945585267835358617e-07
-2.491934538122759980e-09
6.761210712327284855e-08
5.412490775750407612e-08
4.357473658622563972e-09
1.215960286933347639e-07
4.087787879590266166e-07
-1.564890681563236372e-08
-4.759609713006944564e-08
1.739728624142347341e-08
3.934279631146201335e-08
7.180399091845708386e-08
7.417004074347620255e-08
1.330088766622644858e-07
3.162931153474161540e-08
7.665738238994833837e-08
2.448787624963963685e-07
2.934609418432561936e-08
4.720814552236094850e-08
6.378969536235897050e-08
1.993371693626254037e-07
2.911354986279997290e-08
1.950354256825468571e-07
4.001883615628399691e-07
6.004284772997021387e-07
2.356484817615351204e-08
7.336312716736444992e-08
5.003534132381062783e-08
2.301200745142205756e-07
2.634659192619300982e-07
3.838618232848724727e-09
2.531722226625987196e-07
4.287840642057002345e-07
4.274741048307518890e-08
7.178348411884797077e-08
8.205840548182420278e-08
6.781340358456765801e-08
1.682300666896163403e-07
3.258704656443679119e-07
7.057007423189421213e-07
1.026736695286852230e-08
6.846922813542415279e-08
4.010958097055560805e-08
1.790168195740635298e-07
2.527419585969802789e-07
2.287669184848323350e-07
4.279491390032364243e-07
1.938771552544522337e-07
6.989570506895944562e-07
8.757873082883066537e-08
9.704633337317575497e-08
2.247912811009530705e-07
1.801499754182457818e-07
3.149848383278915418e-07
3.481602809873482153e-07
4.722375876228439003e-07
2.590133683616940033e-07
7.330653666832815312e-08
5.660368674618369014e-08
1.914461116306290108e-07
4.290637227598843814e-07
5.228287792445910289e-07
6.788989241259608788e-08
4.857164373317822530e-07
3.825429467805698476e-07
1.604322447592521455e-07
1.666853193529841253e-07
2.125424270945091160e-07
3.077624681079190949e-07
3.127902861693337601e-07
6.163822037767051402e-07
7.678531756760671420e-07
3.035695857161863561e-07
1.662366408981444763e-07
1.581598249710058854e-07
3.264009411756636053e-07
3.220269656293754777e-07
3.981704545221698488e-07
6.159813648270333997e-07
1.586618350768424742e-06
1.698855303504175730e-06
