7.931832116557193467e-08
2.543228904720066134e-08
2.119075099454945317e-07
-1.445846309030256915e-07
6.280724255096612007e-07
-7.297107527752431088e-07
-8.328137585784936759e-07
-2.327617302381532426e-07
7.586082326121729129e-09
-9.176443638543343923e-09
3.690480736623810721e-08
-7.913204103873607395e-08
-5.979826903066602076e-08
-1.699498204692607976e-07
-3.735781290802247965e-07
-1.227987552824158280e-06
3.596084801061286430e-08
6.600951166170061616e-09
1.976596536655155433e-08
1.200728105648206720e-07
-1.714583167839749779e-07
1.282127073230478648e-07
1.049518018967153125e-07
-8.425225697135936050e-07
1.155075020665356634e-08
-3.898323304931810679e-08
-5.578342557138311824e-10
8.996135076053614604e-08
1.458804399259885520e-07
1.123691245525965706e-07
4.276730677065700549e-08
4.251330040334410068e-07
2.434765325537930791e-08
-2.980092747260478233e-08
4.384274955386798884e-08
-9.758884647957107435e-09
-2.123783921314911880e-07
2.020610453000314873e-07
-1.529169895232916660e-07
-3.219270393031881682e-07
3.348712466024127177e-08
3.234336713322806695e-08
1.628978333245792769e-07
4.659843998871483386e-08
4.407845574530575488e-08
-2.507470023439271627e-07
-2.256528733360029667e-07
1.445447737512452458e-07
3.710923055436925221e-08
4.331260758041661756e-08
5.403823739908464536e-08
1.093221535556627490e-07
5.163207445287094219e-08
-3.162058398827390298e-08
2.129047698166283775e-07
2.005434922221464433e-07
3.956769100943409889e-08
4.720878582374888209e-08
9.261176849372822698e-08
1.583421908324606226e-07
-3.954008250405223558e-08
5.193672143748464137e-07
1.277174394297547479e-07
-1.918096093173604080e-07
2.118322294259560782e-08
-1.829826482162255532e-08
1.010859274339016229e-07
4.571959492133288213e-08
3.039339510385955671e-07
2.478385240773803446e-07
5.233265273202603148e-07
8.254279405634123214e-07
2.141908122896632401e-08
7.898598576930252224e-08
3.224391057345944884e-08
-2.162270776661545763e-10
2.188902722284213376e-07
1.871180816841109751e-07
1.017465382492317779e-07
4.392041488765063859e-07
6.806932795177167536e-08
7.383839563813891862e-08
1.654548220202941263e-07
1.648468814709364076e-07
2.392438866939030271e-07
2.520592091542635308e-07
1.804548358495628698e-07
2.049012818357101580e-07
6.015283716654979915e-08
7.502116585401724698e-08
2.022853503219735950e-07
1.807656335814672445e-07
3.064355494141248737e-07
4.246839264071481071e-07
2.505407541506685275e-07
1.661448170720279308e-07
1.354313014633155576e-07
1.630255181196098587e-07
1.790498878762209803e-07
8.306873790850936750e-08
3.529797404013240365e-07
5.858891055299802002e-07
4.162408227066481328e-07
1.574526792389452952e-07
1.724072762913112124e-07
2.145509449794705805e-07
1.948243527927287694e-07
1.748566324183573321e-07
4.916921895104346840e-07
5.803267632503997406e-07
7.258174803407182497e-07
9.753981490090865142e-07
2.020443982458415128e-07
1.097419791275120165e-07
2.348730520565103770e-07
2.386974277326487945e-07
5.821649946865859317e-07
4.785248036836555700e-07
7.156571925851529343e-07
9.876159752050079230e-07
