8.403734233562175384e-08
-3.035081277570413524e-08
8.852851467379010133e-08
-1.359651643811194831e-07
3.778944856817890165e-07
-1.503132067058780666e-07
1.775794386034854436e-08
7.762436674904873276e-07
5.263150940920535242e-08
6.232572326765488011e-08
6.444787550533172579e-09
-7.926152962680189020e-08
3.541683767325907884e-08
1.704515676623455799e-07
4.183991759563078335e-07
4.059421557475473157e-07
2.457897755962641684e-08
-3.007187455537940543e-09
4.364817325293317050e-08
1.492364945309308052e-07
4.266627016021254947e-08
-2.440093648791646607e-07
-4.067318098311297853e-07
6.985734482342870916e-07
6.117294185484775161e-08
-2.425337839050000971e-08
1.806765862866867093e-09
-6.973464396965942650e-08
5.261243319380399436e-08
-3.333908677666279391e-07
-7.641325710033605863e-08
5.296767320640593741e-07
3.116178942562059640e-08
7.718893274770812548e-08
1.128633397004756490e-07
2.187399440868196535e-07
4.196991159890212906e-08
-1.292043749133217757e-08
-1.838481187167610774e-07
-4.123783348148793474e-07
9.727337644755102125e-08
1.085952569277906330e-07
1.269646826490574819e-07
2.993907180277470193e-08
2.033267695794162896e-07
-5.448659551560220650e-08
-2.961894611006371599e-07
8.454798954603103283e-07
5.647830794764342129e-08
9.786715347623131559e-08
4.113355520726800600e-08
1.598269788215694613e-08
1.144151814253018774e-07
4.074628994024248285e-07
3.089862316319767900e-07
6.475939328521919735e-07
5.103298729185331192e-08
9.547439574599001838e-08
6.689713363410830583e-08
6.044997621107037421e-08
7.467303921032240237e-08
8.113867905650668931e-08
-2.259217680849029912e-08
1.642925211397080893e-07
9.961837145733980438e-08
1.228163095107340950e-07
1.995137684824431541e-07
2.989360173144299124e-08
2.269666442546414792e-07
3.272242250563821804e-07
3.079683178780309191e-07
7.145246507374666432e-07
4.606051297980303366e-08
1.007849614762287398e-07
9.025323396966656834e-08
3.225749746397409563e-07
1.071236780517487204e-07
3.049463028196503507e-07
-6.105027807322603470e-08
-1.029389948392163660e-07
8.011811741771176087e-08
1.031649105473778256e-07
1.236980108286414898e-07
2.363321488672952549e-07
2.594544535864679480e-07
2.488923341375070078e-07
5.162176257033826314e-07
4.496958935756116034e-07
4.962119371918362400e-08
9.107771286744456610e-08
1.616922099118527590e-07
2.838504913134704544e-07
2.154058105801929410e-07
4.589913168557872629e-07
2.148066976292376536e-07
6.441726036479062445e-07
1.229006195273673625e-07
1.654893130401559569e-07
1.303863499385516105e-07
2.770824057724295998e-07
2.845708095846441461e-07
7.617807426884850830e-08
-3.317035768972569063e-08
1.069565325458287596e-06
1.359768977790515098e-07
2.037544554798841824e-07
2.168605805236682569e-07
3.174568615152859095e-07
3.287832793880121278e-07
4.282083515093184707e-07
3.710235013394299684e-07
1.208698133936919734e-06
1.101494022373053378e-07
3.137310187802042491e-07
3.336130830985891766e-07
6.044553654657229300e-07
7.250574981837005206e-07
5.704117313624618785e-07
4.082327513669935119e-07
1.150701598557742106e-06
