6.053790438447715359e-08
-5.411088824130322377e-09
-2.267419685524171761e-07
1.824521067790121903e-07
1.300653561651460547e-07
-7.388135920441024543e-07
7.141019599677575698e-07
7.907897241642304841e-07
5.067295581178673047e-08
3.052399314525004721e-08
3.787743606721943187e-08
1.072208905680605309e-07
-2.913979009104947809e-09
1.725152513427736309e-07
4.403253553169277116e-07
5.762299629473998267e-07
5.711751788365891383e-08
7.683607893044047248e-08
8.957150006516466900e-08
1.315923324375742473e-07
-5.281326335364493653e-08
-6.159328070656944478e-08
2.709476805209709255e-07
-9.884537827267966946e-08
7.813158207273967584e-08
1.098036920504866473e-07
-5.191921384720353337e-08
5.378105148608717795e-08
-1.893792626238295107e-09
-2.878809196612226709e-07
1.003327861407903428e-07
-2.430857040327483802e-07
4.311484980030472775e-08
7.426325301836130450e-08
-7.918610556967072707e-08
9.151884219826285433e-08
-1.089726237680188698e-07
1.280480656422765565e-07
3.696060476819913761e-07
3.765780919833752464e-07
5.655555036983029705e-08
-9.839399055552580831e-09
1.319338735386373150e-07
1.578395931352181644e-07
-1.370097195603331466e-08
-9.981140327231990037e-08
2.790142727837188162e-07
1.774043368598228729e-07
2.216114706542679975e-08
2.174885867451847097e-08
6.719061992444059194e-08
1.444044953011218501e-07
3.540228093550328689e-08
2.120795774631898869e-07
4.012795095085530457e-07
9.188653850085619246e-08
4.390450355078268968e-08
7.977709784432810115e-08
1.323449414548356055e-07
6.311539473061911421e-08
1.101039415976684482e-07
1.281155760998381102e-07
-3.283284787072232908e-08
1.096989490332308450e-07
4.978086097011150235e-08
6.436040634626164814e-08
9.765867034305502251e-08
1.864604153002503232e-07
2.032199850157788352e-07
-1.176550789469172384e-07
-5.798433985859604265e-08
5.090416896842512637e-07
3.481806540760818112e-08
3.195182388492423856e-09
1.040157053693542075e-07
1.136224447648827347e-07
5.787797902446076348e-08
2.200698908832628320e-07
2.755085921400106663e-07
2.493117629438860689e-09
7.089632681661171235e-08
5.551384340858085705e-08
1.053526369227438294e-07
2.788299999518390460e-07
3.140873009484297543e-07
4.027431343642791235e-07
7.335255400870906031e-07
5.079249085939548294e-07
1.027189628477138188e-07
9.312946414083009531e-08
1.499821910646798897e-07
2.669704420807144342e-07
2.991506878315026305e-07
5.326042849645630770e-07
4.738052505303923449e-07
-2.675112000804706214e-09
6.801430115389876226e-08
1.514545605461673678e-07
3.216952725544449805e-07
3.439051638543554317e-07
4.678704571792054737e-07
2.263378256748195011e-07
5.605735236294586292e-07
1.012095172137812128e-06
1.454008659489411548e-07
1.833604135605656217e-07
1.869936134380815352e-07
3.525526899393488221e-07
6.355886683849488149e-07
4.949251565208735967e-07
6.270836280965344452e-07
3.687957287724808478e-07
2.082508614029423363e-07
2.717339248297282284e-07
1.630008965868590333e-07
3.103082202907506028e-07
4.050918129698763802e-07
7.847064659193137941e-07
6.209026920613583047e-07
1.001669570477853661e-06
