1.642545830823534601e-08
1.401235129397435567e-07
2.370227534980323657e-07
-4.354762687797886632e-08
-1.038477003020626840e-07
-4.434390842689393844e-08
5.087535407187294022e-07
-8.149440830112123388e-07
-4.467972009819681129e-10
-4.441363043114461185e-08
5.075181019665691232e-08
1.821233330732152376e-07
3.047596469960807659e-08
1.054165240776337500e-07
-2.106787401562981589e-08
5.585761356820877582e-07
-1.893808301548137063e-08
-2.442687952597344866e-08
-4.212823366334546496e-08
1.494814653994073281e-07
2.841805666317051906e-07
8.290519951975756888e-08
5.082553851672246468e-07
7.715267584386120760e-08
-2.639564054293382350e-08
1.423499378184189275e-08
-1.408328595925514730e-08
7.018045565921638113e-08
1.936564822736534475e-09
-2.215138365234943878e-07
-4.250660213877950820e-07
-8.319352991323492858e-07
1.833210830612697122e-09
3.022242641574406725e-08
1.605865005738287898e-07
7.103336169679911810e-08
-1.107367785520534947e-07
-2.717673199527878893e-07
1.239623805567944449e-07
-4.718243216742119183e-07
-2.405701383927493523e-08
9.371358344404256747e-08
9.213129459268859444e-08
1.084278854464256737e-07
1.878482783072670299e-08
4.756049845474546366e-08
1.460402257602413441e-07
-2.041325946907279476e-07
1.333909942106337323e-08
9.083425207732052136e-08
2.780402057852345842e-08
9.070532123892327530e-08
5.103625971818226327e-08
2.658435854073139888e-07
1.111327587467455985e-07
3.803214390315617040e-07
1.635349084941788593e-08
6.245168295877401692e-08
-2.578695910420442977e-08
1.177479713534618765e-07
2.679085014922754684e-07
6.592202912105515520e-08
-3.054212767291060170e-08
2.978750631989881587e-07
2.951791161631033901e-09
8.139227785374182288e-08
7.619768710046542108e-08
1.294363944773528505e-07
1.410785391212990463e-07
4.389961419840308693e-08
-1.359871250246749322e-07
7.176598442028987473e-07
5.721303467947618688e-08
8.224265131193521734e-08
1.688133866545027702e-07
1.484016156218049947e-07
2.108295174852612157e-07
2.958003931162633036e-07
4.113781925775643187e-07
1.972726757338955056e-07
1.029920867178711242e-07
8.207129407077221192e-08
1.492495497606896064e-07
1.541470004497415770e-07
2.287329578370716185e-07
1.181731148516402494e-07
2.245010471791531773e-07
2.926715891709612455e-07
8.078945666567146327e-08
1.001368204207093675e-07
1.665369544642849067e-07
1.685044626891669630e-07
3.124337824139917539e-07
1.307678889203159225e-07
5.516917510243187240e-07
4.675414391516259337e-07
1.672360491893347024e-07
2.032545927911275600e-07
1.702640080048230298e-07
3.028376669038864152e-07
3.593430942179708402e-07
7.708816945837562431e-07
4.936955472787150005e-08
-4.391269887534816736e-07
1.475337411647559183e-07
2.003514195137572228e-07
2.647653638024692423e-07
2.684236167842544175e-07
3.990917112665565255e-07
4.529801475930886325e-07
4.886721215334763441e-07
3.740343601428083868e-07
2.058771420271693197e-07
2.465641429185472466e-07
2.089017531661338435e-07
2.420050659538130702e-07
5.901060018221360356e-07
1.022629608278907409e-06
2.670666944565078182e-07
7.453590688040592131e-07
