-9.495552154943090198e-08
8.926410221275235956e-08
1.502356597253025634e-07
1.303394855738498654e-07
5.448471647244669169e-08
-2.704570665200464119e-07
2.696271291700802728e-07
6.859724428124912200e-07
4.888220954714726950e-08
3.906335220815070049e-08
2.251360946745214546e-08
6.010997802267002936e-08
2.214825305808258588e-07
-3.096856190739042654e-07
1.909459579919224568e-07
8.612377665094760478e-08
-1.104356216358167837e-08
-6.480405770110099989e-08
7.616546895949681812e-08
1.381052689739340975e-07
-9.223834932278456655e-08
2.712347750056574762e-07
3.159309991475436846e-07
7.647230113898853463e-07
5.630925366784111167e-09
4.144174055851307548e-09
3.537733611308349855e-08
1.589908183068341372e-07
9.939153443926052440e-08
7.568643487109878741e-08
3.340560852417846558e-07
1.879594742747698595e-07
-6.069895148562345788e-08
-3.527033719973008679e-08
3.096993420508305886e-08
-2.048729244424032965e-09
-5.254248022015824508e-08
-7.197046886218675599e-08
2.926211137584754903e-07
-3.120264981557074967e-07
1.698787104832059082e-09
2.965487485570934666e-08
-1.569902851954028708e-08
-3.575899758154113576e-08
-1.451876155974227362e-09
1.142137041243954351e-07
4.921216397572859470e-07
-2.523412652425856879e-08
2.569416703955120948e-08
4.634098755858301432e-08
8.161462943492855922e-08
5.450924913331409724e-08
4.960918891504341770e-08
1.953948660250017927e-07
2.727783931852012446e-07
-1.820112606923974920e-07
4.373143007779726410e-08
7.552978327883593628e-08
1.111070450786888658e-07
6.477481594336945858e-08
-5.746318321199534504e-08
8.573077568961832561e-08
3.024984046396693255e-07
2.379201998257999848e-08
3.476502594390592695e-08
9.403253842873138812e-08
7.751091149925374572e-08
-1.013191806625215898e-09
-7.381171177254366218e-09
3.994155156752900248e-07
3.587303611864231333e-07
7.031468677006657172e-07
5.565571915790118737e-08
8.507170396755572047e-08
1.037751573725296446e-07
1.515254964182119839e-07
8.573585150313773913e-08
2.550336813825012723e-07
5.631436091073362941e-07
9.827292111561232162e-08
9.088254607457542911e-08
1.084785575307561478e-07
9.760290714118872974e-08
1.802143538793756943e-07
1.802772573829974609e-07
2.713276523986233277e-07
3.564513402963075131e-07
-8.098638409131936124e-08
1.099382003814597913e-07
6.195187544576122079e-08
1.873664629132361359e-07
1.953994132368755737e-07
2.549644108482001166e-07
2.926869393453816772e-07
5.011753225816237655e-07
4.788415557698535759e-07
1.371593130763351003e-07
1.809384646133415510e-07
3.106825108530223960e-07
2.142756327106566137e-07
2.525347459364845557e-07
3.384867278497093012e-07
6.599856812036303986e-07
7.037012030373284817e-07
1.496027617023789894e-07
1.698140669268477657e-07
2.320716572989250094e-07
3.051415722549407469e-07
3.218271478306203515e-07
7.567340374393531379e-07
8.875549912456971293e-07
8.761754164907376925e-07
2.078178203012709820e-07
2.371798049338870843e-07
3.173645508138315508e-07
3.398883666905942305e-07
4.397008521027876799e-07
7.030806731779780064e-07
1.060993302459460463e-06
1.059859022011439407e-06
