-3.857374642846910532e-08
-1.938424702014051720e-08
-1.727513704905676828e-11
4.884472420199368368e-08
4.121969207903192832e-08
4.076220827633012805e-07
7.239965837711735936e-07
-7.816859645418232901e-08
-9.544161613833916987e-09
2.317923800864839009e-08
1.457455092527211266e-07
8.637884099985067177e-08
1.831023339116537370e-07
2.066293609743633330e-07
-1.521575394349062613e-07
3.380536170427418958e-07
-2.677455230920945945e-08
2.071728899907157476e-08
1.013917771089321534e-09
-1.391775343390285975e-07
5.771219568406481423e-08
1.561446368390893955e-07
2.930756766210867093e-07
-4.109118503318822845e-07
3.966841655722928842e-08
1.298421577514225608e-07
4.119819149695210667e-08
-2.068921609212831626e-09
-1.136663363588075585e-07
-1.163917872184655557e-07
1.356203151257453470e-07
9.281647364640097789e-07
1.011211364008275014e-08
-1.101313885095613096e-07
4.775000980516106496e-09
-1.978683929084911975e-07
-6.197067623574958027e-08
1.153454041759184212e-07
2.899384955126776044e-07
-5.058232632475228169e-07
-8.536225074696222554e-10
1.900134635023092196e-09
2.592642990063596597e-08
-6.203096785092640777e-09
-1.006192898973472060e-07
-1.354766741234302744e-07
5.908409519888411890e-08
-2.160448278067346213e-08
4.310547480332617298e-08
9.264422907626199184e-08
5.354418999395374043e-08
1.512631004515297736e-07
5.075526849778921233e-08
1.169004494296996773e-07
1.429004222738226549e-07
3.780359095387809274e-07
2.682575498889896101e-08
7.553137462213788781e-08
2.099633491729242983e-08
7.420373943415766925e-08
1.403328898136287316e-08
1.025298215360799043e-07
2.640471340077325290e-07
2.362528949167255251e-07
6.076728048113984779e-08
2.497644730471181277e-08
2.475353400090319010e-08
5.105478578318883530e-09
3.843651422674872079e-08
4.395749458352371692e-08
3.222873954867328548e-07
-3.046108446710897684e-07
1.230421407614455379e-08
1.090008767771112622e-07
1.749222321673727351e-07
2.684096920711013225e-07
2.183726430757144435e-07
2.396519538965871233e-07
2.434727938821745602e-07
2.609677526021261670e-07
8.301153012849830428e-08
1.196854230256825437e-07
1.267169829539963968e-07
3.098785208492548181e-07
3.452177731696863073e-07
3.537977238784982133e-07
3.022257914287303903e-07
2.149058100188449523e-07
8.301907157696594496e-08
1.416922568817869189e-07
1.119750049684521388e-07
1.167267583496284323e-07
2.600231113906634313e-07
4.307938276150732597e-07
6.477810398923356620e-07
2.810100108820347139e-08
9.345492092647829790e-08
1.429185259087524612e-07
2.268036244557563043e-07
1.444113575557191590e-07
5.103056233526291061e-07
4.043761878070458030e-07
4.766259836865011326e-07
2.101581442236692814e-07
1.313951116111301937e-07
1.852571392881056612e-07
2.254346387622780534e-07
3.031993453322454656e-07
4.611935040561718578e-07
7.580775045772677976e-07
8.382280285827904339e-07
1.231924262490037079e-06
2.205154034896838741e-07
3.071379722922007290e-07
3.887193298154924087e-07
4.157995615626380882e-07
6.012160960964354481e-07
1.067704643960100377e-06
1.260821781874311205e-06
1.236543639540319298e-06
