-1.130871157947017619e-07
-6.960307503147043585e-08
3.841768855072364353e-08
-2.029118546025588674e-07
3.167151017115183793e-07
-5.329474019907675693e-07
-8.689296385943085937e-07
4.863767121710318628e-07
2.962363965820779183e-08
-7.494339095728996542e-08
1.248258892515622306e-08
-1.928990311109853033e-08
-3.317216014493528373e-08
1.081626783939455579e-07
-1.496543251736393312e-07
1.936810989998546155e-07
4.155872679321161396e-09
3.658692143989220125e-08
-4.421384780580694274e-08
1.610282253902867093e-07
8.143587679738640296e-08
1.690045841738667440e-07
3.217988222101271670e-08
1.865903703700493691e-07
3.040801045035012660e-08
3.445495094852183146e-10
7.418011180516004440e-08
4.893056150585314397e-08
-3.135765183534086828e-08
-9.765868991084352382e-08
-3.677337400174995806e-07
4.330063996622807126e-07
-3.511698031040846136e-08
-4.235072222918178121e-08
1.303861767825284934e-07
-3.631640391175674496e-08
2.401329486038027450e-07
-2.336363586027355594e-07
-4.269257122571088390e-08
2.120482875225779060e-07
4.933898861811252469e-08
7.939896049573039555e-08
8.955471407832327551e-08
2.188018864221995354e-07
1.925216418912804956e-08
-3.172201848094942041e-07
4.225475853571550517e-07
5.734419159885842131e-07
2.465798271904378976e-08
3.179070428260986431e-08
1.017152720135672463e-07
2.691409237359578770e-08
1.806142431386175902e-07
-3.412981927271666397e-08
1.696640334767769693e-07
7.847569321024189181e-07
3.278675191480668487e-08
1.762594085775124513e-08
9.062164448986831791e-08
6.693485494294484031e-08
8.575180467288748927e-08
1.798862513629003715e-07
6.480494441986556207e-08
-3.468971531910471283e-07
5.048571811017054698e-08
7.383620669439326220e-08
2.403621664965660891e-08
1.575186296790494261e-08
9.651449995793073267e-08
1.028841985990990320e-07
7.007790884874298538e-08
3.569427530203817827e-08
1.986288272777913165e-08
5.278097457042791900e-08
2.562428780435986464e-08
-2.046031659499926728e-08
1.764798177065228345e-07
2.196391302444104510e-07
6.015381914494163333e-07
3.606617489454069199e-07
4.987149036327600100e-08
8.618441606830068659e-08
1.390530127692823752e-07
1.239695844351159983e-07
2.147388534114294433e-07
3.070172027374465447e-07
7.297516568162609334e-08
1.841793411342934645e-07
7.591151882069687672e-08
1.588284217138592407e-07
1.753289545616495609e-07
2.067194736169109649e-07
3.266772964735363063e-07
4.298463869458192438e-07
5.036491885119157497e-07
6.438239262904991125e-07
1.103661637268239036e-07
1.069368657873211213e-07
1.811604344062112480e-07
1.899498077312368381e-07
4.729583681358103284e-07
1.788317720856956894e-07
2.626882126747768373e-07
8.695539177762094741e-07
1.204451604727572407e-07
2.132402231908414040e-07
2.624663523546307207e-07
3.678055684060863614e-07
4.287617619477417945e-07
3.581136343849506621e-07
8.453708655380171896e-07
8.076975833230017540e-07
1.097740556309237819e-07
2.373242060167408594e-07
3.105462085950313219e-07
5.649745313039659600e-07
4.240519176285200538e-07
5.742108923576353738e-07
8.966610605500634248e-07
3.702662797284325533e-07
