-5.450933327479427543e-08
2.368050757034392263e-07
2.775938924245846047e-07
3.883787457488539022e-08
5.178896926867549725e-07
3.190473768266653507e-07
-4.599477451579177638e-07
8.239781513327433541e-07
5.520946700640546983e-09
1.030895096280090977e-07
-2.642428788139453389e-09
4.559331686692986849e-08
8.003578962947723815e-08
3.690663521885647249e-08
3.203590695265518401e-07
-2.962443723303417262e-07
2.475012372404637334e-08
3.585350324980710408e-08
6.313057808735736902e-08
-1.371989412445646245e-07
-5.062556041357569317e-08
5.161740632856799971e-08
-2.269862533120547957e-08
3.811611340674132783e-07
8.752065555004814709e-10
7.434101869421073638e-08
8.382275553937530136e-08
1.797561453184321715e-07
4.761166338094376875e-08
-5.591142223473880881e-08
2.962184230756037109e-07
-3.025820339631819859e-07
4.741418997955071017e-08
8.965918610932575710e-08
1.121946926400669193e-07
3.541861962359134217e-08
-3.659197979129750199e-08
3.868007665755810647e-08
3.902395196320264264e-07
-3.516388942307858284e-07
7.491113175153643808e-09
-4.280565688285785088e-09
-5.153659627107945849e-08
-6.449703629654706532e-08
1.233218397674120048e-07
5.103147958251878598e-07
1.088043673986294749e-07
1.302751054358245015e-07
4.928519020203835040e-08
4.130694433802589743e-08
1.095453131385796357e-07
1.080672416988753819e-07
5.504629780652760747e-08
3.002947044741098193e-07
1.488039905580844428e-07
-9.913666796353899989e-08
3.676826108844423152e-08
7.100147050801997370e-08
-7.488993889346169938e-09
1.606195657533905717e-07
8.425214675309154645e-08
4.414792764869312636e-07
6.284048758491184394e-08
3.409081914529461593e-07
1.663715429810177260e-08
2.334591465918288551e-08
3.560487035814614852e-08
3.861143930480017891e-08
-1.189561819200884981e-08
3.095176201014626660e-07
5.279327389162007271e-07
5.693743193245377283e-07
7.155948040912135372e-08
5.398140154126099918e-08
1.488954895217455722e-07
7.783972200739175040e-08
-2.081781942134127456e-07
3.230433871958850682e-07
1.607038111899673450e-07
1.474607861822305002e-07
8.315053891344169968e-08
1.001135896585985273e-07
1.522018382940501312e-07
2.951975233565027317e-07
2.040409581465892162e-07
1.188633793721181657e-07
3.272438955054416110e-07
-3.314075148565551421e-08
7.584757158443834483e-08
8.018378461686599369e-08
1.363974479592915015e-07
2.444992002464805083e-07
3.068846299032271402e-07
4.594831459709995632e-07
4.070647953919556786e-07
1.206878604132381757e-07
1.512840878137616697e-07
1.764063135942922078e-07
2.405227604601310002e-07
3.070708466309930196e-07
4.366548503268213099e-07
2.491030788837733411e-07
3.684934080898738624e-07
8.346329431901151537e-07
1.725348992463897417e-07
2.285252587212857176e-07
2.179929310266244423e-07
3.748615525343382689e-07
3.511602139327696297e-07
5.516684553554342647e-07
6.634855526062850928e-07
7.093379986802840442e-07
1.784313318009120043e-07
2.945136848734537888e-07
3.652121227179660313e-07
5.542757336560370668e-07
5.038718679892671112e-07
8.525244953456773356e-07
4.172784544340423322e-07
7.208812020866041953e-07
