-1.250944443443578211e-07
-1.010496976586402674e-07
-8.190305086751008950e-09
2.621259670979707028e-07
5.404328675154407771e-07
4.540240720307016483e-07
4.764111405877907533e-07
1.620393681967282435e-06
3.092742102115097663e-08
3.454182701060988207e-08
6.101650130659686255e-08
-7.966892361319582606e-08
8.760385132785599739e-08
-4.880902118938157908e-08
-1.206723919699207775e-07
8.049409330037681879e-07
5.374495633751886131e-08
5.220944962570633713e-08
9.385361481858268938e-08
1.279805420118275637e-07
1.050808831711736711e-07
2.797271896953770430e-07
1.645069679261526187e-07
2.584333711388300942e-07
6.680106207430311020e-08
3.521582776315591689e-08
6.569874500193548317e-08
1.243975061343904538e-08
3.741835851996349330e-07
2.240520208060915236e-07
7.740693953793698291e-08
1.011596855680038396e-06
1.335676232717239055e-08
-3.474246983137796682e-08
-2.128134362925880842e-08
-3.976240846235793042e-08
4.320974525430673587e-08
4.959190913634878785e-07
3.182920328285815381e-07
7.478737461527973013e-09
2.550159657125798779e-08
3.908312960824320711e-08
1.319804650923688773e-07
1.875866691323136812e-07
1.717790076624770856e-07
2.266681083912554205e-07
-2.791596170621804306e-07
-3.359327424281302737e-07
1.954140534013790152e-08
3.599052960085272734e-08
5.415554534078282421e-08
1.554605698146831607e-07
8.618533932566594313e-08
6.399410537303767174e-08
1.524810449979144247e-07
8.460031753695583654e-07
6.211982501998988841e-08
5.772592691487697078e-08
9.147667713342985640e-08
9.377296537571338253e-08
2.247085709032581796e-07
1.495364962213951911e-07
2.020366499987137793e-07
-5.432453947770179101e-07
3.706635812293783007e-08
5.018847598384856269e-08
3.439568043753464688e-09
1.006257812251170617e-07
1.465857930118284479e-07
2.104529268305272743e-07
-1.841966016460516166e-07
-2.357546841145172937e-07
7.798097196745404902e-08
3.472483809745861455e-08
1.426076063640524602e-07
1.493681501793015020e-07
2.500548295976414997e-07
4.599074371751403809e-08
8.294919606567761266e-07
-3.444346892499821705e-08
6.564234755784230802e-08
1.043642265743352889e-07
1.345018158604675114e-07
2.551567564276163262e-07
2.814987398348689233e-07
3.453245540038398389e-07
4.581766427913608454e-07
6.087368231206359675e-07
8.357267236914123790e-08
1.098978757959796169e-07
1.114126024241160459e-07
1.651891529929245321e-07
3.579879597625869911e-07
3.165356761577314965e-07
2.257713964369194972e-07
-3.236293885987833104e-08
1.748374053107909790e-07
1.686426989077401160e-07
1.245996306161405788e-07
2.856886837903180559e-07
4.678449396783150570e-07
1.122244023614687844e-07
4.431549161277436723e-07
7.945089881046553348e-07
1.636944088062843173e-07
1.987411296667468920e-07
1.570845777324659253e-07
2.695564800363746414e-07
4.644788677772629032e-07
3.759399559848782013e-07
2.404805518673382662e-07
1.005685065563858709e-06
2.178816902307919462e-07
3.024819159138178996e-07
2.823470177592157633e-07
2.219138528300011299e-07
5.094422393444104356e-07
4.067101162585940940e-07
4.078172210676673835e-07
6.530418509246636399e-07
