-7.126637741063452072e-08
1.449195062092961417e-08
-9.509763360625278195e-08
8.242974090413452273e-08
3.872450737829766078e-07
7.071494491375617396e-07
-1.558026833988034375e-07
2.723702457744300857e-07
-7.041860129127682499e-09
1.683491010880998737e-09
4.381657905771705929e-08
-1.202674660222413354e-07
-6.546773967140481528e-09
-4.052679849900161003e-07
-1.357552638530878975e-07
2.644847575203377866e-07
1.748498634000436819e-08
-5.066868206953875121e-09
9.203831638987022210e-08
1.385017626631862082e-07
2.617505969792710586e-07
6.548155187980211366e-08
-1.255149693555715034e-07
-3.022004521903495763e-07
-1.765464076517974567e-08
-1.814054458160633598e-08
8.043101163129582701e-08
1.401527892043123143e-07
-2.049835886911652981e-07
8.344416574783409210e-08
-2.453684761648552267e-07
2.200740706292311618e-07
-3.693979005804410843e-08
-1.992215914620678621e-08
1.102099844223100344e-07
1.115593932172294570e-07
1.385155912664620131e-08
3.471487299911880057e-08
1.246522945890361392e-08
2.456399402211026136e-07
-7.494478953664377471e-09
-1.251802441263668849e-07
7.126382675809705490e-08
-5.979027758360050629e-08
1.697175810545653068e-07
3.655089807826491270e-07
3.466929130858897976e-07
-3.842061403930888774e-07
6.627616081034512009e-08
2.485979456234046812e-08
4.070730507359446732e-08
1.077265073360297831e-07
1.567608488999566654e-07
1.062705449827254013e-07
-1.148629410927587488e-07
4.363888024174592887e-07
3.387965759829199083e-08
2.521563092139646459e-08
9.316652209019422838e-08
3.527723542576052626e-08
3.118098539261122413e-07
1.362721020956398569e-07
3.253663956002686984e-07
2.609848166463729050e-07
3.865205259037753483e-08
3.460111597620674246e-08
-1.994991188442148254e-08
8.107986056536604105e-08
1.381217162840807154e-07
1.078429344179083946e-07
-1.394385439332577964e-07
2.207115972287510861e-07
6.036156393304538215e-08
7.583791205039090881e-08
1.077223477883058946e-07
7.360467407156149746e-08
9.460014539792817404e-08
1.699255001193292292e-07
4.442146798252688703e-07
8.652344986785536310e-07
1.211567714447019528e-07
4.943876757476394595e-08
1.340012870112885591e-07
1.724554117040273425e-07
2.680430625455106586e-07
1.235621703022589819e-07
4.677873037518403067e-07
5.660387550985325255e-07
1.165389766980115038e-07
1.022431713385424288e-07
2.012733902994780974e-07
1.943577829676347977e-07
2.169451658020726810e-07
3.113073043927667033e-07
3.815752172694003313e-07
2.325001414748719813e-07
1.408122744858358029e-07
1.430039934132894266e-07
3.442836242842054150e-07
1.230294535816279961e-07
3.234730752017980904e-07
6.168006893870504633e-07
2.959476147242309313e-07
4.664804976756900224e-08
1.548895562631758201e-07
1.978973396125292295e-07
2.759802701867768930e-07
2.389946140355615729e-07
4.001517978317678256e-07
4.881847273678365669e-07
5.895686804581224619e-07
8.096818965878836707e-07
1.867932112808197131e-07
2.358620591534877172e-07
3.876527457510277567e-07
3.837009104654768913e-07
2.815442312681714390e-07
6.162251547499664690e-07
1.096455969925507428e-06
9.467309027332483091e-07
