-6.992284387211649930e-09
1.045728551383817938e-07
-5.271632198716475467e-08
-1.573078622245787394e-07
-4.820716989988396546e-08
6.575937548615690515e-07
3.096574480228932775e-07
-1.154939716905984342e-06
-2.021383758616020896e-08
6.109513965887007723e-08
3.339504109518714601e-08
1.190777111604640257e-07
6.016631269381469707e-10
-2.224012514745968134e-07
-2.975174088518170961e-07
-1.387665240107663793e-07
4.780697603547027047e-08
3.034046825725218715e-09
1.311490746768441484e-08
1.336935732495631359e-07
3.398009660989963625e-10
6.464704861335095521e-08
-2.470667200600319264e-08
-4.349617115923509829e-07
9.566317092352469991e-09
1.522187088411341975e-08
5.479469795323149767e-08
-1.248302586245934757e-08
-1.803331665231959966e-07
3.735057422828277687e-07
-1.937357550952252371e-07
7.019681323379948974e-08
8.345010277123492571e-09
-2.857252903613902389e-08
4.591584190902767044e-08
2.020582548048222946e-07
-3.052402860179020719e-07
3.798685651040262424e-07
-4.418934563796798566e-07
-8.391792730096332371e-07
2.694290605543455259e-08
7.382454571680285405e-08
-9.649623680069738804e-08
2.236848623868751616e-07
1.421225240344779487e-07
-1.112944025861791651e-07
5.876903071920132558e-07
6.663400181679422636e-07
2.935862394705039978e-08
4.126725835934284654e-08
7.112627510350621127e-09
7.969292510092065725e-08
9.010648177276231659e-08
1.878956524548072591e-07
1.249576030022938071e-07
2.418530188799935942e-08
5.962649007474082214e-08
8.669325452994588787e-08
3.050518181065922398e-08
5.703124659244748248e-08
1.338879739205566467e-08
2.851987822884835548e-07
6.014084543302079993e-07
-5.940457732249458200e-08
4.236241916853604834e-08
2.866137977732933488e-08
6.781904076913519782e-08
2.466996853341891741e-08
2.829700646942792299e-08
2.628756423751437481e-07
3.859745790793268011e-07
-2.334021500747814975e-07
2.073701238400638310e-08
5.888155587473094237e-08
1.442802505789608623e-07
7.802629404909565198e-08
2.782070417113747585e-07
4.923357929400199682e-07
4.122730824177569489e-07
3.368107007839784460e-07
8.987344362263555521e-08
9.310176716558674613e-08
1.660338211587141771e-07
1.313898636972060206e-07
2.075454149965753067e-07
2.204143772206283612e-07
4.850134965099551827e-07
2.171653277273628034e-07
6.832210204153177972e-08
1.326076662581545440e-07
1.770619083493275954e-07
1.865298873258370614e-07
3.024632534833666747e-07
1.811379186528629897e-07
1.604719992945684184e-07
3.374052262047217707e-07
1.813899225323060700e-07
1.571727935182914309e-07
1.960871524214880643e-07
2.484304827665365044e-07
2.523984635356691879e-07
7.204482428469956758e-07
6.200686040792525696e-07
7.920561824167489786e-07
1.941500639815068309e-07
2.759346977597534563e-07
2.725734472712142539e-07
2.652672902427021590e-07
3.095712439666653871e-07
4.796372246508454664e-07
7.879353432599645705e-07
4.972585561393533279e-07
1.678553578733033180e-07
3.111495190489522897e-07
2.301382343002958058e-07
2.732193881600801852e-07
6.114765640987334394e-07
6.169798927009058822e-07
9.615697929033271145e-07
6.046488637048493708e-07
