1.016269110233052732e-07
6.701518649995143766e-08
1.410768750375474186e-07
-2.738902749045450624e-08
7.016295854933853033e-08
-1.279727813776824126e-07
1.537970578882028887e-06
1.593169524263238926e-07
-1.207105801204930472e-08
-4.121126984012565227e-08
1.958707091697434809e-08
-3.847819200349294931e-08
-3.626713808220251275e-07
-5.756101730615409368e-08
3.139204976286639334e-07
1.472945292303102256e-07
2.432077067771339971e-08
2.618173584521455018e-08
2.057276867078063139e-09
5.385201165364494752e-08
-9.179344643484406695e-08
4.293417057527353593e-07
1.668783785733409338e-08
5.728669747678318086e-08
2.011405470532064727e-08
3.061086242683283687e-08
8.877553544431497820e-08
1.706014572923737475e-07
2.475918317485953642e-07
2.733811860290332630e-07
1.650787564422749914e-08
-8.641032752143908518e-07
3.318461300076758531e-08
5.805233568039583811e-09
-8.864396689437582091e-08
7.108503531746590930e-08
1.211755104266819898e-07
3.784985101492176941e-08
1.483629984520997948e-07
3.251807489272195622e-07
2.033875642543507206e-08
1.264942021894330085e-08
7.207130609747090910e-09
1.204629898887638630e-08
-6.009802156240701697e-08
3.516181937206853614e-07
4.383921454833130778e-07
1.403985978894119174e-07
2.054266126824048669e-08
6.153825624305505246e-08
8.497905912791219080e-08
4.542363442603265061e-08
2.541472225760168849e-09
6.798270914017137687e-08
3.258396097033689290e-07
4.628610755862106301e-07
7.528409046501455985e-08
3.180816893228223739e-08
6.921610760202082582e-08
5.468844051648395222e-08
1.444553617058914417e-07
8.145236754465090844e-09
3.165087216093614174e-07
-5.382339146480724582e-08
5.673551835094646711e-08
5.147933432249615576e-08
7.171767251438346370e-08
-6.096921834138795215e-08
2.273713527593540105e-07
2.705057609863992254e-07
5.921584657421169255e-07
7.949006947368496115e-07
5.303887129011086685e-08
5.190665895873624405e-08
7.901157640238132428e-08
2.125908651534057277e-07
1.197369892561988744e-07
4.102089643683334079e-08
3.341055530674224798e-07
2.098187008046245268e-07
9.171796532835059474e-08
6.808751811409668051e-08
8.328727884206605115e-08
1.997113841149685205e-07
2.048549428266320182e-07
5.574381031155496884e-08
4.367657193095316152e-07
1.374814890203192210e-07
7.849230434316671978e-08
7.572685807346909821e-08
1.707923033781623317e-07
1.745084260264369043e-07
2.524355347875603305e-07
4.857439003719976729e-07
2.725568128313401561e-07
6.206486490154322108e-07
1.376850635198149036e-07
8.125577878115256280e-08
1.889258403344272248e-07
4.307943320184765938e-07
1.542854515772889025e-07
2.822169172570164597e-07
3.011476899654999294e-07
3.782866520358857811e-07
1.656345777762155547e-07
2.275503849585621322e-07
3.362315710489051098e-07
3.284945055790800388e-07
4.716310158966156334e-07
4.171180853237064593e-07
7.946923881760039284e-07
9.474899151397739677e-07
1.216744020873923437e-07
2.688609153869329326e-07
4.772419864882185759e-07
3.030253298066404119e-07
6.790064098859031173e-07
5.922900616961191795e-07
1.360622335826153972e-06
1.421632354730905492e-06
