6.050194850641012682e-08
5.406033812860085420e-08
-1.156049279470023616e-08
2.597419113093458081e-08
-1.253115031376103766e-07
-5.353166410356427194e-07
-2.258479784813391758e-07
-7.633777681379251280e-07
4.737552580390009494e-08
-3.459777870873157671e-08
6.031865634316005458e-08
7.811510549530157497e-09
3.068619389757096119e-07
2.131348843148167737e-07
1.214783956501670860e-07
1.132171119382200075e-07
5.251109762878063522e-08
-1.492119113170711478e-09
6.500689274570022494e-08
1.094822089831007441e-07
1.795415908088926705e-07
-3.927945951219302912e-07
-2.028803297480157253e-07
-4.784310472796948481e-07
3.282764531592165412e-08
-1.727090937520346501e-08
1.763896367424461725e-07
-1.666267326902480034e-07
1.875929314339295448e-07
-3.241598476212854714e-08
7.180286128185051678e-07
2.416998141715485379e-07
1.143988348868379645e-08
2.287035181080589242e-08
-2.810092210464780010e-08
2.030669077426798460e-08
8.870656572067636908e-08
5.819297949834795433e-07
7.558306662888343105e-07
4.088751224879368028e-07
5.307787645519094716e-08
8.417813646876241085e-08
7.592756456766064623e-08
7.095819541741296445e-08
3.403606012169045788e-08
1.714117132566740558e-07
4.705470121695456636e-07
-1.055636719313987945e-07
4.525015743170280085e-08
9.585591418627633643e-09
4.094610331212024376e-08
7.022893820396009399e-08
9.112972365938338286e-08
2.165512372999404587e-07
-1.910904383578555117e-07
3.804527832333980550e-07
2.832489890459391600e-08
1.805929735493124493e-08
1.564673016828550929e-08
1.036720599234372439e-07
1.560223889326451318e-07
2.458409225981171146e-07
3.323326481508333099e-07
5.602351177316530452e-07
7.791648577727862610e-08
7.144549137936556602e-08
1.133455168049145045e-07
1.631983425331980286e-07
5.615312763631293204e-08
-1.470523487520333092e-08
3.239922708392473451e-07
4.686416623321924386e-07
3.427182669824199647e-08
9.306927152787988098e-08
8.544224101823474573e-08
2.014589023259577527e-07
3.466401577597657627e-07
5.676563289097080481e-08
3.824537206498427587e-07
4.384911253400096218e-07
7.578383285860352144e-08
7.934939120869011829e-08
1.324039369350849124e-07
2.157758156492496456e-07
2.933876862588468421e-07
3.959012852004790344e-07
2.658587903314008244e-07
6.751680012096567264e-09
7.589320257322424804e-08
1.186319930657260253e-07
2.396637984718235332e-07
2.928775452780068552e-07
3.195475812369619528e-07
1.242989231846985571e-07
2.116400791653986445e-07
5.949638031021090871e-07
1.127106103982147630e-07
1.885793344145458435e-07
1.735185763432427946e-07
2.286507761400526711e-07
2.743874949619618972e-07
2.739197847510882723e-07
5.519404524284904128e-07
1.227121849549177864e-07
1.148491570355780559e-07
2.068950019697915308e-07
2.754655056166702315e-07
2.537983336778504485e-07
4.446792184265666965e-07
5.703783571099185376e-07
5.626524377196108941e-07
7.319379263988083857e-07
1.501459420538301098e-07
2.833712440427461415e-07
3.960065575379803915e-07
1.916130751204087153e-07
7.241069755467732956e-07
8.367079982405967140e-07
1.234684045551225588e-06
-4.451132341271336354e-08
