2.350777477435736344e-08
1.838182756795667584e-09
-1.016839131605558111e-07
-5.590573524017446110e-08
-2.617457509782530810e-07
5.819155644093140482e-08
3.195575644670468088e-07
1.694192656162319946e-06
-6.548670794469672811e-09
-7.151222440593497204e-08
-8.153006611051231321e-10
-8.846339298319593733e-08
-3.033865602440900874e-08
-2.461952529860053017e-08
2.318569780598965410e-07
-6.058870399851918695e-08
3.587679840712560131e-09
9.775121656770443285e-08
-1.581935907573292418e-08
3.599265261179942227e-09
-2.257762207627915239e-09
2.723485428930057981e-07
-9.355979780601252151e-08
-4.531285347288046287e-07
5.439601685910221184e-08
3.898350930573989656e-08
-3.289614727491613954e-08
5.499337443906343409e-09
-1.255626186822026268e-07
1.654936960606226197e-07
-2.988947760119461412e-07
-3.274488775896660758e-08
5.003104094023295452e-08
4.578092665159228503e-08
8.787050495474778512e-09
-8.902779612839737948e-08
2.300427004823556844e-07
4.510890851833737003e-07
1.685096569965449440e-07
-4.554341551566513124e-07
4.080798084147696445e-08
2.961713441209259269e-08
9.735192654645010417e-08
9.313326164241176841e-08
-5.186143186516632658e-08
-1.457247440426304146e-07
-5.473271628884211940e-08
3.185284461595042533e-07
4.315126751974111991e-08
1.472040932395503331e-08
-9.398670071168791185e-09
-2.874115409246278673e-08
7.931968059922824609e-08
-8.914692117304962730e-08
2.775727756323423067e-07
5.616830408878376483e-07
6.449577451362935556e-08
9.115238978581077181e-09
7.959113095723327989e-08
1.802483960888876847e-07
2.405351516179941743e-07
-5.480664329257820083e-09
7.250545563711732063e-08
4.574926392710139022e-07
2.610885231536440670e-08
4.917144458766466927e-08
1.653656876655456325e-07
3.942283333321639356e-08
1.029019697477150095e-07
-5.389788159632195722e-09
-1.338844101568124417e-07
1.827161152874995789e-07
5.278461417348889308e-08
1.083754423472701854e-08
3.876716978967802029e-08
7.650583898118923319e-08
7.949561864710240382e-08
2.497229232499858437e-07
3.805120185058564657e-07
3.370897504545059178e-07
8.619066313072847347e-08
1.268005184444825477e-07
9.899786515020137215e-08
1.925626016017551918e-07
3.183986555091326419e-07
2.306845914039630648e-07
5.371562982568568036e-07
1.714913065291976329e-07
9.590742772365423428e-08
1.339558361887435832e-07
1.395098028389149368e-07
2.207058453831404625e-07
3.267971027899880947e-07
3.007943207112410550e-07
1.685160900037465133e-07
3.879827454624045128e-07
1.183036047065317323e-07
1.041951866375993401e-07
2.178563468640426922e-07
3.295119519557962397e-07
4.722072627640758492e-07
7.212152263890162285e-07
6.248064816433324697e-07
1.281831607590853487e-06
1.441420000261821536e-07
1.873194677320848436e-07
2.633938521251219352e-07
2.376420887510253159e-07
4.740612552086667230e-07
7.381670122016902565e-07
4.721276584924322994e-07
1.032327393639930215e-06
1.730477592358957391e-07
2.402531357021954359e-07
1.674817413453458186e-07
4.216761528683216569e-07
2.202018296163959777e-07
6.038302776089178775e-07
5.292880746718596499e-07
3.982292411050433477e-07
