9.460697225106093522e-08
3.139602922507496258e-08
3.046506283422445292e-07
2.690570769014796787e-07
1.456821520558199370e-07
-2.418921278591763727e-07
7.111524356489160741e-07
1.452132476039411492e-06
3.597018964931683043e-08
-2.193370852605797712e-09
7.052449232393987731e-08
1.422659514974002914e-07
2.543613631218715541e-07
7.928675137915807275e-07
4.312879911966044444e-08
-1.360815388915857740e-07
-4.176853689624798942e-09
5.529299245627013421e-08
3.517105073017609703e-09
1.635103275995456246e-07
1.952791446470720306e-07
-1.658393855879624681e-07
1.764801547688618437e-07
4.080565636698496842e-07
-8.425605059997453918e-08
-3.842176705684206503e-08
4.493720484650161887e-08
4.579190038783172192e-08
-2.428962606592132613e-07
1.133542001206767125e-07
-4.415580628326456714e-07
2.317407861698593037e-08
-8.624103469782132597e-09
1.976308250162002778e-08
-1.416011455866807695e-08
2.455102442161907249e-07
-8.464918343689954912e-08
2.109619242509105570e-07
4.662771519894630780e-07
7.369904928732022635e-07
7.365376730930543041e-08
5.502037865598659869e-08
8.059214207132971343e-08
9.161015440699231720e-08
-1.272250374759509146e-07
5.567896644735531023e-08
-5.817436126094865739e-08
-5.696704420864748181e-07
1.423327566980078661e-08
8.127552554660402270e-08
1.019467312452688553e-07
1.186999415259449736e-07
2.214200066532400166e-07
2.727864661571388934e-07
6.242744984036476768e-08
1.758667643274596684e-07
3.548090132862022603e-08
4.918780946694313033e-08
-1.009371440997112548e-08
4.920797274373411354e-08
1.097977598707458604e-08
1.766761404027940160e-07
-1.699042245359746318e-08
-4.787915666189702038e-08
6.123874277962799806e-08
5.965773939903715206e-08
1.434194167863511320e-07
1.986749604435535784e-07
2.064943114882947601e-07
1.684735181057884352e-07
4.186757503398209126e-07
4.621771759146641303e-07
2.374062599679824907e-08
1.002368365203253517e-07
1.238192576811524610e-07
1.193051584185228299e-07
1.551129540622690837e-07
3.186147943384644049e-07
1.050665193620019227e-07
-4.304462664322236024e-08
8.217954361735838395e-08
1.175981171610188121e-07
1.456513758883374192e-07
2.280764077309043374e-07
2.282714768215139349e-07
2.906850298642037192e-07
2.228379879158836555e-07
4.135674643296043185e-07
9.676170481863597060e-08
1.030437928346856613e-07
1.574377167752366203e-07
2.062151373160530773e-07
2.860948362555841542e-07
4.417410256709539049e-07
3.570422543962222630e-07
3.958252104085404612e-07
1.560224416001077594e-07
1.544913907361061366e-07
2.283165991113845879e-07
4.148976537226495992e-07
4.940293119156060606e-07
3.103687374741529671e-07
5.366337725521554530e-07
4.649630908103933077e-07
1.560487689346719808e-07
1.691329292639530592e-07
2.160407182574505340e-07
3.302411775380260165e-07
4.477222791303882783e-07
4.337031227817810446e-07
7.935622993812657771e-07
9.189080171560846347e-07
1.421909820349625754e-07
2.339190694405334488e-07
2.821356116032342840e-07
4.396540044188866067e-07
6.283239644923472019e-07
8.792671640748120614e-07
1.233256276311338088e-06
1.025537984864019666e-06
