4.847421601080656928e-08
7.560800171682024131e-08
-5.927580508444985477e-08
1.410934395231635033e-07
-7.311865725769443595e-09
-8.244200932456836398e-07
9.282340906846380513e-07
2.732277789134950856e-06
-1.637807078721062857e-08
5.151542849297155651e-09
1.033641826544719281e-07
8.552201505744468054e-08
-1.449430021750874378e-07
-8.815165857158008042e-09
-2.872452270834815872e-07
-3.842371836959086676e-07
4.178823036307068437e-08
5.425502948820713705e-08
-5.852522968121810821e-08
-1.372926666452765450e-07
-3.873972713921686991e-08
-3.355200587470334300e-07
-3.486960060790546534e-07
-4.492171979008061903e-07
5.029992382708438071e-08
-6.316276833518728896e-09
8.607004296836792475e-08
-1.775852124130075077e-08
-5.731365530543356138e-08
5.591812798345333639e-08
-7.082694502255540398e-08
-9.187071492900615956e-09
1.938514166577173448e-08
3.608845518898604197e-08
8.531585940495346782e-08
-2.841551035346263071e-08
-7.318465278589952032e-08
4.679916526645374299e-07
-3.816463225946443714e-07
3.294785356980002422e-07
2.543130724964059074e-08
2.540682705429696746e-08
4.516368244665913214e-08
8.313932117299114086e-08
-1.011614747924040211e-08
-3.040506417712481373e-07
8.656741717958913592e-07
2.505144781872821371e-07
1.287493071096055064e-08
3.739342644126713383e-08
8.183810779719515557e-08
5.030101229595647367e-09
1.367997401981798393e-07
3.631977327422542320e-07
-4.867682887761043082e-08
-3.061070975994553122e-09
4.171177630936547427e-08
-8.582822714070063846e-09
5.133045320614625893e-08
1.846984778443752362e-08
2.450672664160372178e-07
2.162260042307996248e-07
-7.566805174977060177e-09
4.048277463391443511e-07
4.318898323872787341e-08
6.386031089551321248e-08
7.591360309449456202e-08
5.803568071892634916e-08
1.447381810061125639e-07
3.553674045761146387e-07
2.243741173641806466e-07
1.169031187937213472e-06
2.078448411294347059e-08
6.038122374112146105e-08
4.993935238027536333e-08
8.829289197724974114e-08
8.037360309244326154e-08
4.388391394863901189e-07
1.066644865876099141e-07
-1.901220348950150122e-07
6.614141735768737621e-08
1.483079155813196014e-07
1.498060481882541581e-07
1.586746473713422878e-07
1.564815949399915517e-07
2.373018690755380716e-07
6.196209392361513072e-07
8.320852829202264604e-07
7.361266902225822839e-08
1.034989800108800715e-07
1.126363401428941334e-07
1.641164035838682459e-07
3.456155024543194978e-07
4.245224503464171384e-07
7.258013104490813986e-07
5.757351288937014992e-07
1.102882772554337440e-07
1.295501070882178029e-07
1.326853431213305347e-07
2.616377180641129158e-07
2.652228962366416944e-07
5.397822242133671768e-07
4.577812055496396702e-07
1.367692433501483340e-06
1.312095719502766291e-07
2.086141147264154897e-07
1.601830507096419220e-07
2.426394759969551408e-07
5.021580298756035159e-07
5.731989595835571087e-07
5.634803669143653082e-07
1.450776961774878776e-06
1.988264023863579709e-07
2.105204238034100434e-07
2.686958414589268630e-07
5.765608313612081140e-07
3.966095258390360298e-07
1.303509033971091659e-06
4.476110302140504668e-07
4.531162287890158480e-07
