-9.211673253810210890e-08
-6.830290533608076879e-08
1.415083090230222578e-07
-1.279529118726790691e-07
4.272404253192655239e-07
-4.560616465051904451e-08
-3.929772061349320228e-07
5.349677161133938410e-07
-1.825140954546087928e-08
-1.860053940860743401e-08
-2.172582227673656442e-09
-3.497647162614353934e-09
7.788437561393434554e-08
-2.434954142416089126e-07
-2.895606684784359141e-07
1.460751175535945196e-08
-5.403790770035559096e-08
-1.232210631591815971e-08
5.268085038068091125e-08
8.173940801364681178e-08
-1.332665541677606406e-07
-7.555636430513710963e-08
-8.343416224817740758e-08
-7.070892851915450275e-07
2.435557261125119084e-09
1.429511852287547107e-08
4.266234068726644406e-08
1.676647939048418107e-07
6.731654037911080328e-08
4.564236141625634771e-08
3.720833162997942543e-08
-6.672588990548077273e-07
2.793607840027125700e-08
4.417477569819154476e-08
7.418263155501834674e-08
-2.240296003917489594e-08
4.771872876443899551e-07
-3.947720900325115516e-07
-1.468991732387642838e-07
-9.993597822185879958e-07
3.562458777127009893e-08
-3.135398082858022626e-08
-6.307373013203992900e-08
1.325723230412315369e-07
-1.108472731269322258e-07
8.662768427305734125e-08
2.810915742201406633e-07
7.414880656421782668e-08
1.446240848610817353e-08
5.615906928110004539e-08
-2.246838763983988785e-09
4.793462772175148269e-08
1.045911883128381529e-07
8.828347121316003505e-08
3.240293828591683406e-07
-2.235223333461602086e-07
8.721149818879320737e-08
6.087410248309619453e-08
6.694367724931362633e-09
1.089002846679477361e-07
-2.803775930001115738e-08
2.402491573494784453e-08
-8.771581521841549889e-08
-1.460347356671063297e-08
5.712869742537762431e-08
9.195896471546155754e-08
5.715583940280138032e-08
1.086095564095506161e-07
-6.981122425292142499e-08
-6.487140391342103891e-08
-2.550534356457770362e-07
-7.179790841164337711e-08
6.697696264402995989e-08
1.269318215993654638e-07
1.761572947877787457e-07
1.264325092860049862e-07
2.104697129335690282e-07
2.938089448618096382e-07
3.045656640206431204e-07
-1.246682306484958911e-07
6.612196291537162753e-08
1.123529732808560033e-07
1.317578438668329452e-07
2.165926369124529438e-07
2.154474291274910363e-07
1.986981877895899126e-07
4.500712363269643424e-07
5.973841273603322710e-07
1.027396112732028908e-07
1.344149313448342505e-07
1.814780307581840700e-07
1.647298476980830183e-07
1.410271758438342686e-07
4.174457019600692743e-07
2.964909362962393812e-08
4.681781086939391733e-07
1.267031516995263797e-07
1.203922689097876626e-07
8.787985861038025777e-08
3.247802419698992597e-07
4.548694256408636735e-07
4.303949573794573797e-07
8.585459443789239204e-07
9.532612916373931650e-07
1.816229825384314735e-07
1.452870881434721322e-07
2.676480932758144239e-07
3.776871630822804841e-07
4.315612826843687660e-07
8.037639986093839732e-07
7.752482945905284636e-07
5.175659291432480921e-07
2.040513042790650592e-07
2.202629868651450997e-07
1.865213784669735531e-07
2.698123637498082829e-07
4.568824429716599387e-07
5.600189128521522343e-07
6.769459681022722622e-07
8.814374370391194793e-07
