-3.243172102290357492e-08
1.508367669209784876e-07
5.444671168631607704e-08
-2.702299538078131380e-08
-4.255139100581614633e-07
6.079348643732924824e-07
-6.372815000523744175e-07
-4.360918534582688402e-07
1.035180217149987958e-08
1.679867489994623426e-09
7.965915651265044772e-08
8.974654171688042435e-08
7.411334981596686783e-08
1.618420983299948371e-07
-2.116314697756480329e-08
-6.995717874445937047e-07
2.910330365823444498e-08
2.253822583940462343e-08
1.277007768975031882e-07
1.083412255654679453e-07
9.002556176477999703e-08
9.033562863879214339e-08
1.282497129328314699e-07
5.576212209831873176e-07
2.384944412357814309e-08
-6.451543893421335640e-09
1.301196799322379536e-07
-2.240699875845137595e-08
1.545387236536249441e-07
-1.153960665012799192e-07
6.300938905671291913e-08
-7.947603369252576101e-07
2.969919881427533474e-08
6.528147829139746322e-09
-1.171731566925490897e-08
-1.630556624642988527e-07
1.454600659031232087e-09
4.071220208336767505e-08
2.132109489523844030e-07
1.863170759258594422e-07
1.428455031657654309e-08
-2.914361887342093865e-08
3.865535087148908811e-08
7.353287988386453241e-08
-1.155290776058224648e-07
7.290053813652326538e-08
2.285829900415122042e-07
-3.468115099107721116e-07
5.131370461756476398e-08
1.592782512549247986e-09
7.458447496201442754e-08
2.785048381882916516e-08
1.777235867130840214e-07
1.343302719556702592e-07
5.163230625192301085e-08
-2.708743681832012148e-07
3.495417022362355817e-08
-5.001030957447294349e-09
8.356151389744277409e-08
9.024792488535768497e-08
1.239376188950248002e-07
7.684837533389845361e-08
-2.779367770110852468e-07
4.720634302765353012e-07
4.139952946754654213e-08
3.558515759321917829e-09
1.539450875824479830e-07
1.862106496924506218e-07
1.660577779867540251e-07
2.973956871407974440e-07
4.355451098992145692e-07
1.780397905503102424e-07
6.904215559419507847e-08
3.111441007155825813e-08
6.142162197537142945e-08
1.645948911390102306e-07
1.438997865206834638e-07
3.717884818050152606e-08
2.154630192749289924e-07
5.708420498891904814e-08
7.569234203550568580e-08
7.299463281073945289e-08
1.692649971709605141e-07
1.622717708331183912e-07
2.100510889999969407e-07
3.431021441145049218e-07
1.017413160606366724e-07
2.821523214694252597e-07
9.308678243947564142e-08
7.258558873190354081e-08
1.664044451505866939e-07
1.555213118491421354e-07
1.939732457785706106e-07
4.289240317622755118e-07
3.649320872059448640e-07
8.072501833692370218e-07
1.324412481693729075e-07
1.463667969380455828e-07
2.142218612235575872e-07
2.050045490253439208e-07
2.409755912473942615e-07
4.302198336524209073e-07
7.639367266552159096e-07
5.523412833766958044e-07
1.471930329981480688e-07
8.157135286855526303e-08
3.156337600068787104e-07
3.787917971438641252e-07
4.758571654892050569e-07
5.767821082285032617e-07
9.723608481986862540e-07
7.079798400364742638e-07
1.820848143110409993e-07
1.881378834546887016e-07
3.763758211122775728e-07
2.176740766916387761e-07
3.233776224910117424e-07
3.546103539168123490e-07
1.021798610610472254e-06
6.033606458501636685e-07
