-2.480033251389051696e-09
3.488203677681474228e-08
-6.060647250829032201e-08
2.487121613129243702e-08
-6.886780178776154985e-08
1.092545076475241551e-06
3.278513835395163669e-07
-1.065649825612413732e-06
3.740025196626992214e-08
1.158089778728646902e-09
7.641118231648231352e-08
-9.344768194454479458e-08
-7.012096543207013175e-08
9.128078143107786553e-08
2.130752799582985865e-07
1.179799965270898099e-07
5.758958566334696711e-09
5.813995151948188277e-08
2.094360097448617715e-08
1.396178156315124454e-07
-1.625145122841100306e-08
3.865522015593158337e-07
4.516465345368024961e-07
-1.922471354699569352e-07
-4.993429533678182223e-08
3.367222381161662068e-08
6.218438373950481038e-08
4.405222467929909064e-08
4.057563278765268120e-07
-1.093729529199362862e-07
-1.871070508013907144e-07
-9.602477568400095074e-07
1.919351868186109065e-08
3.306833865435766519e-08
6.348797855694792481e-08
2.056654596462842128e-07
9.322083745853027696e-08
1.709448699338138031e-07
3.215548263114486154e-07
-1.230182788146699354e-07
-7.123616690937448952e-09
7.011871436607542622e-08
1.445620631418437515e-07
-7.418142924476986571e-08
2.609450009722140258e-07
-1.855973506925634562e-08
8.142387798933027922e-08
-1.197378964742494887e-07
2.605248790643610934e-08
3.610657821286594230e-08
-1.278193782888215418e-08
6.862997442895218657e-08
-6.298587449596545009e-09
8.034783458291211890e-09
-7.991457914079306811e-08
3.061184650840183441e-07
6.200248640196623921e-08
5.815145230077703954e-08
9.623654865884901869e-08
7.794876628724222996e-08
1.341807879407471345e-07
2.152343924299193010e-07
-1.784103234869028884e-08
-4.164084196933509323e-07
4.667816452386347641e-08
1.337467401545008441e-07
2.660475058050351401e-08
1.080920027240316865e-07
-1.478134093888314037e-07
1.028543854085187984e-07
5.131406186576620753e-07
7.533049073231372077e-07
6.497947772925862644e-08
1.152323876274842408e-07
-1.332303883280625975e-09
1.151432539854567047e-07
3.570640418014144428e-07
1.321306164927957124e-07
3.115795177521326295e-07
6.873861717191468508e-07
1.046744202713083221e-07
1.275043622014727068e-07
1.324404796966341781e-07
1.167769414628998910e-07
3.399441796753385523e-07
3.684081941809784506e-07
2.297439411797778132e-07
2.110551462585521020e-07
6.904317701085221102e-08
1.518489206827778795e-07
1.409465719299932636e-07
3.308828031345982592e-07
3.934756448602536242e-07
4.021365429183892023e-07
1.119944141440747554e-07
3.460872741647529461e-07
1.568599452337224384e-07
2.095310444234154379e-07
2.281810470485276114e-07
2.262949988693382845e-07
4.560815847346126371e-07
5.363001914407304159e-07
8.033970009248964815e-07
8.875342668776982635e-07
1.645348108172355024e-07
2.572426462359015435e-07
2.006803740392002624e-07
2.712407499230645861e-07
5.522339311790488235e-07
5.612946999168252505e-07
7.296504788244562493e-07
-3.789960879725964619e-08
1.762137382866777134e-07
2.745956070428946316e-07
1.904824859909853070e-07
3.485992554796557880e-07
3.852265828087743797e-07
7.202305466067343124e-07
4.484536552700542662e-07
7.572789446299385051e-07
