-1.294012324696000121e-08
-2.522639207809411791e-08
-1.811710492689449852e-08
-5.962813677273234207e-08
2.448016257261973316e-07
4.664165119598753248e-07
8.068491915689514803e-07
3.515451650131423302e-07
8.722769295200239169e-08
6.777472974960502667e-08
9.980435239732461802e-08
8.232954737612264549e-08
-1.813298785634804400e-07
-2.100024402111215440e-07
-3.468776969957181462e-07
2.370831962488980399e-07
2.480375274709463536e-08
4.545029006563943501e-08
5.205580246284870941e-08
-5.811933988491484612e-08
9.264694383075458940e-08
1.624401121574047679e-07
2.399347395750803574e-07
4.466102375705168311e-07
1.512037502802178169e-08
4.954082427250209639e-08
-5.780252127088807262e-09
2.092895456811382231e-08
2.805383944211634694e-08
6.882664891347268147e-08
3.152711554853305270e-08
-5.238823207296761106e-07
-3.641398031154530693e-09
-7.982330088223012007e-10
-3.824785481925169518e-09
1.606724975990336653e-07
-3.847073584141682012e-09
3.487883675477654014e-07
7.676010162544860173e-07
-3.661639487540046081e-07
7.153954962688145686e-08
6.719269982054255255e-08
1.197916958782250649e-07
1.113546397607284634e-07
1.397181755168857429e-07
6.407694196829961197e-07
4.040015829868100985e-07
4.565246467488606968e-07
3.901694149192885875e-08
5.414927733392228127e-08
3.788815388304002071e-08
9.593564188855982370e-08
-8.649615125453276628e-09
-1.750416722031733872e-08
2.024753341582053584e-07
2.267535843985206569e-07
8.099315331005502251e-08
1.050789257792621357e-07
7.711217988322140758e-08
1.582409930767683646e-07
1.325755528030948848e-07
1.351198511717788082e-07
6.225576931364421119e-07
2.732102394627601613e-07
4.281548206475269563e-08
5.705406750399765395e-08
4.697663633334494677e-08
1.223293221865288706e-07
5.320145472334232097e-09
2.026228188520244087e-07
1.908575879168444348e-07
-1.031212186781001246e-08
2.504057358894404498e-08
5.196871117623230275e-08
9.377705828789129704e-08
6.494029010097615186e-08
2.164878290598388951e-07
9.316547229338417385e-08
2.325579402258195440e-07
5.200593354491719197e-07
5.191987118749542764e-08
7.955691088818746580e-08
1.512055026583895556e-07
1.667823834997788241e-07
3.011179464173128038e-07
3.021410869314648735e-07
4.029476668341084906e-07
5.838330234580222284e-07
4.670278391274925568e-08
7.544730461749084824e-08
1.373956752015697082e-07
1.068046287348607543e-07
3.194678527368692498e-07
5.984744900698206811e-07
6.519034316884809917e-07
4.437147117153584301e-07
1.165630482204059122e-07
1.034755224129072067e-07
2.325167321910018507e-07
4.401952551053531943e-07
3.337412616532592227e-07
7.882625872480178708e-07
6.228512197466771953e-07
3.496826773377613905e-07
1.941133249097402488e-07
1.024836720147769739e-07
1.494173409497597098e-07
2.962324503741655215e-07
3.429187239309804001e-07
8.229464268910205853e-07
8.058858807452151489e-07
8.734102379896956856e-07
1.561651848764546911e-07
2.598661860265650630e-07
1.548043069739783170e-07
3.003067743530904663e-07
5.577511171027687111e-07
1.086568386330779061e-06
1.152766510740531324e-06
-3.296407595696536183e-07
