-8.553380035136536602e-08
-2.017901958399377509e-07
2.527426712595675819e-08
6.103025357477809779e-08
1.688608606808701904e-07
-4.194047897220790883e-07
-2.013145867572842546e-07
9.107228168721934151e-07
1.923306452288830257e-08
-2.128575667552601169e-08
4.954239695261650578e-08
2.424829379715188364e-07
3.029608272968750325e-07
1.805933724644823758e-08
-3.741934133238935243e-07
5.873982580154259651e-07
1.637981392173195077e-08
2.843871331885665112e-08
5.765843850407761829e-08
6.085829091245523220e-09
-1.703879037464807618e-07
-6.628105717385192890e-08
2.220866845405987812e-07
-8.537086492678271416e-08
3.403756337022523672e-08
3.089412274775335808e-08
6.987247080079944338e-08
7.395314436097068741e-09
-1.089297098867334211e-07
2.666696435280696351e-07
2.760121983152033006e-08
1.280831219212620030e-07
5.659386913547040136e-09
2.120479160505955613e-08
8.203337215088399413e-08
-3.121751865948821321e-08
1.142405286797627127e-07
4.368218985041821934e-07
-1.682915500826697982e-08
5.086053853140781633e-07
2.844417442319293583e-08
3.180795785841192719e-08
4.661088692669173363e-08
2.483583795077532960e-07
-2.971620412944449984e-09
-2.088955120949304995e-07
6.424781711264990792e-08
-2.980771364087517562e-07
2.991399879495212568e-08
5.943907369719320982e-08
-3.848185201274647527e-10
1.121457188251163667e-07
1.368474188830426624e-07
-2.321280316879575714e-08
6.526156426171597433e-08
-4.768241852947912799e-08
4.051515072231969127e-08
4.027268421472834252e-08
6.800664862245366412e-08
-2.656423895431454238e-08
1.669236732013534409e-07
8.127652289792675675e-08
2.325892642693878411e-07
5.891096298717126451e-08
2.844327035865356782e-08
1.598661518246900466e-08
1.499933594799590869e-07
1.122501790639205639e-07
1.469722078414799686e-08
4.501612572682691079e-07
3.967231420124223045e-07
4.306753315957754397e-07
3.096559156019316022e-08
1.061560822766368784e-07
1.250509327788014695e-07
3.116405003250461578e-07
8.313145347982667525e-08
3.890102711695369177e-07
2.164534538424075798e-07
2.791993550235618641e-07
5.010382929035775747e-08
6.630653793729369205e-08
1.262937249308062367e-07
2.608339538625964164e-07
2.891202104177983179e-07
3.140734822210784952e-07
4.154198824194500726e-08
5.529161147515307659e-07
9.311427758299925962e-08
1.476332362437230285e-07
1.368885071023800658e-07
2.419525755583313919e-07
2.391256571197417852e-07
6.118039034705074090e-08
4.851121459912481744e-07
4.006200040718420636e-07
1.114530486089217296e-07
1.692218823423353010e-07
1.221852705196056699e-07
2.757450425529665390e-07
5.002165976437027468e-07
7.462506613009880931e-07
8.460190555321615925e-07
3.520806586415628893e-07
1.437717891951694679e-07
1.522187826479085755e-07
1.789382469102911706e-07
2.387737465586936110e-07
4.809182610181234206e-07
5.667308734987984163e-07
9.512576183164304369e-07
7.099963272839019342e-07
1.709949056070001978e-07
2.378224311188447299e-07
3.516134469430451012e-07
4.486964007679071577e-07
6.995382100130608719e-07
8.385522064263314385e-07
7.382289759480224103e-07
1.627991228050312979e-06
