5.530926746157172327e-08
9.841674307539789125e-08
1.335378810236267991e-07
-2.427737586698726674e-10
-1.635646503455655371e-07
1.345026721730437735e-07
2.961446381577180042e-07
-1.581999472684816657e-06
2.252539200401265059e-08
-4.888796030300507074e-09
-1.353387683311826005e-07
-1.090911303588854004e-07
1.029885742804126327e-08
-1.204447590813254499e-08
-1.476236084939211703e-07
2.528911501332043741e-07
1.566873860352721619e-08
-1.024354783551372944e-08
3.971094186673137516e-08
4.169187388024225990e-08
-1.358982062219560865e-07
-7.622850205102278380e-09
6.502698272981448705e-07
2.983665495834430366e-07
3.387254139206451661e-08
1.589418828956147901e-08
-3.840112436486099783e-08
1.628152758348428171e-08
1.204898570875088396e-08
3.196682753763061849e-07
-2.738843796909900141e-07
-4.000421699719626380e-07
-1.865586884720507630e-08
-5.008261058424317298e-09
3.968070166250731310e-08
-7.240774260948143165e-08
1.228489065209948188e-07
1.702957817523320479e-07
-3.549500447171621892e-07
-1.181632009152564433e-07
3.306712468084070297e-08
2.882579831063548439e-08
4.510831747152217953e-08
2.938728618144632855e-07
-2.593715387756822201e-08
3.383199188671218639e-07
1.200995430683910879e-07
5.359252254115091978e-07
5.584370301097273108e-08
7.377897945028159478e-08
2.816438783668470029e-08
1.090407285669737417e-07
1.107670701558064872e-07
4.422893339932023668e-08
1.463534561108722719e-07
2.041849043640151297e-07
6.611354857603598604e-08
5.500296896017817499e-08
8.142512260976959091e-08
1.993359221754400455e-07
1.320848020237972361e-07
2.734216849006817278e-07
1.467762081212187564e-07
4.751827492563662378e-07
6.840836398810610537e-08
1.204620697402161592e-07
9.621151017969458298e-08
9.042063871437487882e-08
1.274018011669038033e-07
3.197694402636103025e-07
2.147874471635696422e-07
3.021884841428401831e-07
1.022948440288319365e-07
6.484768291863991877e-08
3.791293166462042292e-08
8.115640905585217821e-08
2.774727928711351365e-07
2.090337296166410582e-07
3.825960650573432482e-07
1.275127096341059257e-07
7.934784734753325512e-08
9.033014176881473280e-08
1.507631242719458417e-07
2.183360268042400144e-07
2.881102184694012546e-07
1.957969662230130799e-07
3.305794558797432631e-07
3.825764778414744066e-07
8.194636334996692657e-08
1.188814250458961335e-07
1.259252681064535692e-07
2.078489500619545055e-07
3.178003411425802815e-07
3.707972728814818456e-07
6.952175456970690884e-07
5.207365112952994412e-07
1.486904860238136491e-07
1.198920480279032385e-07
2.501228702555253299e-07
3.637176151386002207e-07
4.148870022018331898e-07
7.818400029987050216e-07
3.966041700120913724e-07
5.940779639520151164e-07
1.617542687144365831e-07
1.757765332522732252e-07
2.077154863622403039e-07
1.689459082052617522e-07
5.752778765829202639e-07
5.407793831955636428e-07
7.530018466028882525e-07
6.632772153421231750e-07
2.125904277970298795e-07
2.424216142848314527e-07
2.050026241316310760e-07
3.841759567844785957e-07
5.789087366425927652e-07
1.052902931546297555e-06
1.089196047743685445e-06
1.642235556128125108e-06
