1.440630498875941093e-08
-1.197126703852415714e-07
1.002599942322154363e-07
1.460619061107432624e-07
1.743108218141016736e-07
1.728427634310834377e-07
-2.253802682791983548e-07
-1.290110090275291119e-06
8.691938649378867242e-09
3.207381522112644483e-08
8.213075568937894726e-08
-6.314565210983111939e-08
-3.052321454385926539e-08
-1.770235916757169167e-07
1.855924933151777041e-07
-9.024358585367192601e-08
2.946861834730152241e-08
5.009614574442500122e-08
8.047347324606038177e-09
6.412270872496128272e-08
-7.018918115466563752e-08
9.208889245357743826e-08
-1.512362078277770444e-08
2.987541906272656473e-07
5.152189744436112063e-08
3.359182413750334242e-08
1.408283045505220626e-07
2.603965117885262626e-08
-7.942851300701798197e-08
5.263320721591464007e-07
-2.199830522021697662e-08
6.592932998931791159e-07
-5.532561553499029255e-10
-6.603608857844083598e-09
4.903386701831419714e-08
7.409774272774530721e-08
4.738358635052822329e-08
-2.143161926256560490e-07
-1.799806868895223446e-07
-8.966771440678636933e-08
7.283869816670890628e-08
7.444665421697361760e-09
-4.700982343433659350e-08
1.509769332878179683e-07
1.842375007733119884e-07
8.803170799013074595e-08
1.419555375156282547e-07
3.901739294500267164e-07
3.801080624438771915e-08
4.859068957607383565e-08
3.339865272044597274e-08
8.404776099305029900e-08
3.063206410102695881e-07
2.305618830669925994e-07
1.969037071944923669e-07
4.723139298674161968e-07
5.851608996108135227e-08
4.989160904517305334e-09
9.273999740120115007e-08
2.544957134125249994e-08
1.115765467344212417e-07
3.070487232689528791e-07
6.126734180662356510e-07
3.413261456535129628e-07
6.968159545658791037e-08
9.330841658225336399e-08
7.561269298447887721e-08
2.172788569437922506e-07
1.910504414657191144e-07
3.032368321135868041e-07
1.941457737738914345e-08
1.680587579778393204e-08
1.409300287254417657e-08
7.213299294064043650e-09
1.333150376488159365e-07
9.604216794050490337e-08
2.767759363298097438e-07
5.990725133096196993e-07
1.580108917113287925e-07
1.196647559846767983e-08
4.453945040806250028e-08
3.733841389010618979e-08
1.291286651078973797e-07
1.665165022658149281e-07
3.403489525915668149e-07
1.772201391011660379e-07
4.277408628357798441e-07
3.591137164026293534e-07
5.424851399650141860e-08
1.239023460498165531e-07
1.381941350744222072e-07
1.580105855499478155e-07
2.678930274055982534e-07
1.669401641916394811e-07
3.880699841847684865e-07
1.518195090020955707e-07
1.405802270329441108e-07
5.616195655868291700e-08
4.330037306726029270e-08
1.869923676037085642e-07
5.384630444563756309e-07
3.508090859582751793e-07
3.477207532263875261e-07
2.109696354363219064e-07
1.371974951789140081e-07
1.191202127030922962e-07
2.546257177622124697e-07
2.468334660753548771e-07
4.398464121907643853e-07
4.612239288805101293e-07
7.506947573787029300e-07
4.829444436435325724e-07
1.521436431551977882e-07
1.897883814856702798e-07
3.363043991523414529e-07
3.486779781409983155e-07
5.513200959506199581e-07
6.041654101562775413e-07
9.094021608948378233e-07
3.199541484896778086e-07
