8.513764191582132585e-08
7.665849022795962257e-08
1.671481609973018136e-07
-1.286815742244359678e-07
1.029420896838514162e-07
1.854145567541485058e-07
-1.502707436949062623e-06
-9.375907834491791912e-07
-9.830283497262093769e-10
-1.106520634598668569e-08
1.003869797016414367e-07
1.915072709579293021e-07
-1.962843682279727213e-09
3.022777743634692784e-08
4.191255046137868787e-07
-4.156705255934867248e-07
9.362597815148552330e-11
5.484805422266894748e-08
-1.011648996486199963e-08
-2.997135375675627586e-08
4.527592615114253166e-08
-7.710557214071252608e-08
-1.550851952817654384e-07
-2.546945045693148182e-07
-7.474579536913789537e-08
-4.073987963770144395e-08
1.408721893091269007e-08
2.089215354161980861e-07
1.151739539233565561e-08
-4.453386611325908875e-07
-2.244394664495446697e-07
-5.101744387048570114e-07
-3.954413698997709943e-08
-5.977702861757237251e-08
9.380246870711907765e-08
2.116571179391244090e-07
-1.887430704407517153e-07
-1.636852764825946608e-07
-2.020491826488579260e-08
-4.559294815833474386e-08
4.921021526146424209e-08
7.490171566330834094e-08
3.394200802931307369e-08
1.247127697307068377e-07
1.882813960031444220e-07
-1.891774143449187447e-08
3.649534719452496603e-08
-4.410967877103349758e-08
-7.370630181960797095e-09
3.735526510127083012e-08
2.131203667011635599e-08
1.063444826478388071e-07
1.827833861190448959e-07
1.785485502739699498e-07
2.472442652078975090e-07
3.625462085586311289e-07
3.954132460375057329e-08
8.677278676586500605e-08
9.078361324928697111e-08
2.061171571575031882e-07
7.863005475378416940e-08
2.686084389886554461e-07
1.485028018019784268e-07
2.250023424182614434e-07
1.556695767509491966e-08
3.234926194182668195e-08
9.855772872917440812e-08
2.481901014912930292e-07
8.628751082916729602e-08
-1.095916001557020177e-07
3.664221138908764943e-07
6.071842197531719224e-08
2.583717201286147094e-08
6.155702276397408789e-08
1.362411449418814485e-07
1.058792958014941956e-07
2.648450007305582013e-07
8.761044848928700591e-08
7.967214928801336870e-07
7.290239156435326065e-07
1.560616580241482227e-08
6.989629505384539881e-08
5.165952907326672149e-08
1.286060740997341433e-07
1.390789298430834755e-07
2.783029280501511574e-07
1.182011126041780631e-07
6.466175633140257688e-07
2.892402583296137368e-08
9.156006932803696713e-08
1.011728902797805148e-07
1.763611413354276233e-07
1.466678434158861227e-07
4.826966219966630902e-07
2.699236521580611494e-07
4.096690118664424962e-07
8.512731959530773642e-08
1.509916120562708886e-07
2.299052231671484604e-07
3.285354611618975909e-07
3.325709649971950233e-07
5.241354023002524047e-07
8.868651525148742077e-07
1.230802108563139009e-06
8.740879082615045302e-08
1.233971140612182141e-07
1.929258665689447053e-07
4.184852318894495472e-07
2.744103323815902156e-07
3.893988135187867839e-07
5.309650108133011308e-07
1.189756492130276805e-06
1.859184730018727695e-07
1.880300149415816713e-07
3.074471541788833690e-07
3.330976590339311504e-07
4.374539936058749598e-07
6.581130457580547726e-07
3.229618421764840655e-07
1.060499979479249630e-07
