6.798912514007165077e-09
-4.046888788433290036e-08
9.971208485659463244e-09
-2.519299887576936984e-07
-9.609537258577226603e-08
1.528475614586740474e-07
-2.948962003300679938e-07
-2.273759765252824294e-06
-1.908629563645217330e-08
3.362121672029266116e-08
6.407105229142566440e-08
7.267427550528696751e-08
-1.833787224314839844e-08
3.049713026674378438e-07
3.067942859995631884e-07
-2.054105481563775952e-08
1.198514009271647067e-08
8.927691425700905795e-08
1.329985119402094947e-07
8.801114929426385586e-08
-2.232544868079656549e-07
-1.422512059429264441e-08
-1.043275791694339073e-08
-1.339559780328944565e-07
-5.609597690125864043e-08
1.976759597579761740e-08
3.258420190813356007e-08
9.383898515866352094e-09
2.462603934534589617e-07
-1.026191244186105519e-07
7.404511182086340571e-08
1.948872245675303474e-07
1.702412090301615985e-08
7.794104075792784308e-08
1.744855335638752244e-07
-4.326594678392294543e-08
-5.367152914388409496e-08
3.506528947601699792e-08
1.396893451305550495e-07
1.118265203138310723e-07
-7.833538435670053909e-09
6.150636962324057933e-08
6.823608856683342057e-09
2.014508541652769017e-07
2.700440229552310099e-07
-7.473879959736485476e-08
4.451467458538216355e-07
-4.931362588928852616e-08
4.066971619789808617e-08
3.107067955444805490e-08
1.173392342567213045e-07
1.691039077878808879e-07
7.050979737899965674e-08
1.785327571977536785e-07
-8.856693873526349720e-08
4.136621253348264517e-07
4.496473167897715987e-08
7.839603180606457349e-08
1.087212558316138869e-07
4.674805768059940813e-08
2.876119223044291501e-07
3.228301202430309561e-07
1.245874690267073291e-07
-1.603950369236264039e-08
5.312173794704283179e-08
7.848942982044236291e-08
1.469965805633584512e-07
1.627450958158698570e-07
3.091047803411595761e-07
-4.565693877900461765e-08
-4.202326382623591236e-08
-2.083255500402905690e-07
6.727528360447117224e-08
5.421725992709473457e-08
1.053205052302694255e-07
1.871478531614275644e-07
1.352572468259770288e-07
1.692225505935528203e-07
3.049285095479460463e-07
6.570888325317017066e-07
1.088745293711094724e-07
1.139777738635749452e-07
1.832335751410789804e-07
2.932013861839941413e-07
2.465392488441226558e-07
3.313293160076782444e-07
1.983645556724188689e-07
7.327995178204689804e-08
1.100161524538797388e-07
1.098675144482889965e-07
1.517026287403720364e-07
1.498297225275362584e-07
2.696468346465456344e-07
3.281019840433072365e-07
5.793222609433475495e-07
7.386285864226227974e-07
1.233071502217574824e-07
6.709127787692492590e-08
2.487352097503301874e-07
1.995440543270514786e-07
1.694972457310954856e-07
2.335430362435614260e-07
5.275457998355802577e-07
3.726886283307984838e-07
1.494754486638339522e-07
1.525213355275168372e-07
3.244608512447233280e-07
3.743908165350465208e-07
5.431052256346010420e-07
7.583799390278280854e-07
8.255058632875047535e-07
1.256612591760489053e-06
1.888349881485593278e-07
1.977736708161041500e-07
3.226298179131650933e-07
5.888943135794466658e-07
5.718248700197035531e-07
6.567679604444477519e-07
9.032532616886408191e-07
1.464786984548453563e-06
