-1.050128000705515889e-07
5.069644495543081943e-08
1.077360175363667938e-07
1.016825125812444917e-07
2.138934724021878001e-07
-2.907437092839336256e-07
-3.502362612226560907e-07
-2.261686533713053559e-06
2.710067535341199812e-09
9.245769413281846680e-08
2.862476409265619371e-08
-7.891781304636647991e-08
-1.029872229378927477e-07
1.417504118844154931e-07
2.247111346125124628e-07
3.770930785790591907e-07
-2.372998467976649533e-08
1.712980386961939042e-08
6.202017394651216368e-08
2.654310131183830689e-08
-1.308617600015877901e-07
-2.399609986870679229e-07
3.545332925474289395e-07
8.270026780855502818e-07
-2.156015108597650203e-09
-1.868432391727387320e-08
-4.263002766417078009e-08
1.446936047642327284e-07
-5.882050484178984158e-08
-7.620678627433543616e-08
1.387525311283496496e-07
3.394741843711839645e-07
-1.862252144058060441e-08
9.364563834636500438e-09
1.557784999176431595e-08
1.286361134686471575e-07
5.540864493173985748e-08
-5.755406701919019837e-08
-2.229796717544786893e-07
-2.133965035200357841e-07
4.934914970463778708e-08
9.228167108743079683e-08
5.041129252668473687e-08
1.879730121713713376e-08
-3.602982634439549973e-08
1.768484664977881798e-07
1.213925190043843577e-07
4.533805333908688875e-07
2.570623483521438307e-08
3.223964075871840091e-08
5.868972725366969880e-09
3.741205748841609775e-08
-3.182347401775466293e-08
1.892012206642228078e-07
-1.349124255916095437e-07
-2.433204352835683938e-07
2.657131463722265561e-08
9.867957951412881809e-08
6.924873176524667900e-08
4.568427247331033246e-08
2.401879254991087369e-07
2.334093777279776360e-07
7.732132070520661489e-08
-2.638001301067477125e-07
4.306307842507954547e-08
7.817765054265889838e-08
5.134496906338718210e-08
-1.683712116267866897e-08
2.101409212545191402e-07
2.532950693151300631e-07
3.779169465163955135e-07
3.999872906863818595e-08
8.445784435058121033e-08
5.553003011883931599e-08
7.577755833509882368e-08
9.470583087647718220e-08
1.701005027241004242e-07
1.732227107013684222e-07
1.427572321538185431e-07
3.830063226490330520e-07
8.872028263142283497e-08
1.164398311441412889e-07
7.339407879272650882e-08
1.568897642369833163e-07
1.424753297763321520e-07
3.455442877206594920e-07
6.876372158983526528e-07
1.845007633380151740e-08
7.061359296033427311e-08
7.522508884613531918e-08
1.574392577925744631e-07
1.408848237036079557e-07
2.934954867403127894e-07
4.918609795428118688e-07
7.352004095628508196e-07
2.224000133883366282e-07
1.209055518793738265e-07
2.315686340482094059e-07
1.760595772720467635e-07
3.495817239158785023e-07
3.392141213632031731e-07
7.643016363595777021e-07
1.323712627364274870e-06
4.792403041712530017e-07
1.503444529531487167e-07
2.186836226504222072e-07
2.015029254309093445e-07
2.678571638412510970e-07
4.257482931134153418e-07
4.521634930656520005e-07
4.457949498573369206e-07
6.417200051243296896e-07
1.563112368199319809e-07
2.593980376430978336e-07
3.803592705671986177e-07
4.157035385499412956e-07
6.013329881495677923e-07
7.813894515743025307e-07
8.088896330760433138e-07
9.709173759085477837e-07
