1.409213805822364425e-08
1.935500428135522258e-07
5.477130845663866485e-08
1.203574927471960143e-07
1.419849135324924430e-08
1.070800041177374386e-07
-1.486144761161966574e-07
4.566545718337736663e-07
-7.449856321114785421e-09
4.303728361328749973e-08
1.369494588151572823e-07
2.295851104853824393e-08
-3.786073651105731473e-08
-2.874334514493786115e-08
7.635203532919719993e-08
-3.900757078338285516e-07
1.137522172670858712e-08
2.204391862970906777e-08
7.285677570702127926e-08
7.047070811771589670e-08
-1.239146226010191497e-07
5.882161967569041161e-07
2.436005174731512745e-08
3.205794714056013722e-07
4.086682633631849024e-08
7.094359875943912688e-08
6.890389060247297985e-08
-7.602338001272547285e-08
-3.750096993464243797e-08
2.246032986231471957e-07
2.991411249169642040e-08
-6.120475291634125222e-07
1.775696566113713124e-08
1.065077447196227685e-07
8.868277571351423569e-08
2.067254441297682690e-07
-3.566311121329128052e-07
-4.227474309039644586e-07
-9.869287718983928686e-08
2.519636535912122194e-07
-1.444226275859610536e-08
-1.950008464856507053e-08
8.895914603897842758e-08
-3.120943598718508477e-08
4.031997587964892005e-07
5.065745088265990287e-07
-1.130009816794704588e-08
4.355415191140992014e-07
4.040422949854221102e-08
5.374570367683215020e-08
6.069962238252260637e-08
3.038386238538856100e-08
2.826536235215945178e-08
2.175672017804743885e-07
6.302871489672291380e-08
-3.532213415217387614e-07
1.803608007419961223e-08
7.902389165644752492e-08
1.087382060170590419e-07
2.104347654764305549e-08
6.858674333533573622e-09
2.469535859179157405e-07
2.763672858775573451e-07
2.155998585648281839e-07
4.495156989147895244e-08
6.030549187612023472e-08
3.905667422284740579e-08
-2.947124292346042970e-09
2.116903577294161852e-07
5.773064763612918990e-07
3.717354388342922354e-07
1.487490968168710651e-07
6.476672780985754721e-08
9.114253558889862916e-08
6.022490051225353067e-08
1.558753410232710695e-07
7.546649408150084933e-08
5.096139998269209137e-07
3.107378946188434613e-07
4.870562669708989453e-07
6.668421777652844906e-08
1.700259299580187186e-07
1.818673483647510632e-07
1.531575006267922447e-07
1.976197257305174777e-07
3.515648222130359609e-07
3.361318265434231849e-07
3.593889377353526584e-07
8.177287419636674152e-08
1.282679209999766525e-07
1.045834836454168804e-07
2.183427214307085564e-07
3.381861767284691777e-07
4.381032191169998297e-07
4.603770843304560944e-07
8.461584294631657882e-07
9.270550329572056978e-08
1.406802002339422653e-07
2.255038365717113393e-07
3.474891707866235668e-07
2.709665883152145313e-07
4.120052144792712505e-07
8.751512358803227497e-07
1.568620688013248000e-07
1.076914793523900170e-07
2.093778036928979224e-07
2.208026900158639832e-07
4.200377170406848699e-07
3.690824482499608054e-07
4.135437113278672874e-07
4.234614732197351211e-07
7.906952262634749450e-07
1.833368067127390302e-07
3.111727653283295293e-07
3.041306444954329236e-07
5.239403868229413607e-07
5.149826505265851374e-07
4.836600273859940488e-07
8.748842859407235155e-07
1.167897286563108110e-06
