-1.948462532795356968e-08
2.361393765300079259e-08
1.013648936541848173e-07
-6.212046260146140475e-08
3.142574020830162784e-07
-5.002511391446728025e-07
2.858845976679967207e-07
-3.033975097291559185e-07
1.350184054419188386e-08
3.689812524502065890e-08
7.590304466256820535e-08
4.942374121634409954e-09
1.603615297974438027e-07
9.939898526919832764e-09
4.662130372967329484e-07
3.515816022795084484e-07
5.986129091633268539e-08
6.856045360113784201e-08
8.973361333382942936e-09
7.986283714431071996e-08
-1.651697936105152289e-07
7.132520689326877463e-08
5.965671481047685574e-09
-4.307015813561231738e-07
7.018331609496934266e-08
6.392564508401809352e-08
-2.106976498972601042e-08
1.262349777204913214e-07
4.378690911711186821e-08
5.547191168826807950e-08
-8.997304053102351713e-08
-3.782575526871129291e-07
5.231404450592887701e-08
2.683768785827131554e-08
4.076318354339010617e-08
8.783467361571001988e-08
-9.545738245965136410e-08
-1.345210332053552811e-08
1.490972016682416723e-07
-1.712635776099331969e-07
2.578951728377499916e-08
1.135731481693206568e-07
2.256826728886278216e-07
2.709730807922548629e-08
1.014898079319319651e-07
2.893229691601023787e-07
-2.329652230251536858e-09
3.784434785520026462e-07
1.145468739965376729e-08
5.220946113021307058e-08
5.567824059753024179e-08
-1.314410692630169429e-08
-1.228117768012895248e-08
1.905206254602108462e-07
-4.414928592648499041e-09
-3.101958135561123516e-07
3.977151480419176545e-08
1.054444983395434613e-07
6.211059935776486016e-08
7.648941877088013096e-08
1.835047526170714444e-07
3.662221133789602592e-07
3.940691645192275099e-07
-6.514895930591511414e-08
1.477792217828351459e-08
5.555218513811554743e-08
1.897121123161770780e-08
-5.477204789760829933e-09
2.251943674844016312e-08
9.660902506258596720e-08
-1.038058913637076078e-07
4.980215815158506614e-07
7.463537281932334212e-08
8.950839008777627246e-08
1.406354527781950430e-07
1.314063625367379864e-07
1.539527372151522460e-07
4.359815905302846202e-07
3.432151066566502822e-07
3.914257284838338154e-07
7.163645439930308342e-08
1.071161260315972256e-07
1.609453013190763016e-07
1.061048325518473738e-07
2.998991365736799250e-07
3.319012674256553287e-07
5.029719939542893810e-07
3.132020186745693499e-07
9.208802038175233979e-08
1.011722559828578827e-07
2.085824915127519395e-07
2.142038848970373583e-07
4.359021668427896840e-07
4.049016994061101599e-07
4.566313303951440864e-07
6.381980471786080077e-07
9.875224229929688251e-08
2.084794856539989124e-07
1.942769904883930332e-07
3.503629852394444589e-07
3.243318028565316990e-07
4.607589845438081471e-07
3.287582665214155857e-07
2.475525875003038523e-08
1.476437683947615321e-07
1.971439240584587967e-07
2.445211255448361819e-07
2.588512243235032816e-07
4.587006803014026748e-07
6.106749993497573511e-07
6.529585024721118761e-07
4.124077225861771539e-07
1.415078675240260579e-07
2.234415199303977170e-07
1.982004576766105847e-07
2.747681386721320125e-07
8.950409105549307420e-07
8.182136978585813776e-07
5.689172742861583811e-07
1.329905773454216171e-06
