4.539894299128918276e-09
5.547494199838047316e-08
-2.075023597667790433e-07
-4.848685019914639120e-07
-3.400121102769065082e-08
3.852002189448076328e-07
-2.447233181147427913e-07
-1.057791509267211438e-06
-9.157590984886588323e-09
2.205151230453042147e-08
4.790093614660059729e-08
1.140242306851458164e-07
3.702442120186518289e-08
-2.136459749827289136e-07
2.313548165944603389e-07
1.272196607111449681e-07
2.262058231220389724e-09
-8.879338114605696698e-09
1.971538073735237167e-08
-1.313465612898243275e-08
1.371492535226846599e-08
1.267143590130489504e-07
1.563560609530056164e-07
-2.872210646218330077e-08
-1.388251298845144650e-10
-3.649040585143963409e-09
4.682552711950829211e-08
7.038906695065028624e-08
-2.442080443321591391e-07
3.643767024989437901e-07
4.242078757818703113e-07
7.456429365356070514e-08
-2.783377167866307261e-08
-3.915103900642176061e-08
5.473616022133665012e-08
-1.168893469604897215e-08
6.624463524129970998e-08
8.820126478762091970e-08
-2.871367183748503230e-08
-5.255572574216963635e-07
-8.054646057588930972e-10
1.195591464710247374e-08
1.637708888149032689e-08
1.049540353726594203e-07
-1.056890031392101811e-07
4.413888934427230301e-08
-9.606947466209466908e-08
2.912693142662447296e-07
2.346018179841555673e-08
2.120062475422446537e-08
-2.633409349855993591e-08
-1.876882618087757778e-08
2.408907594179630432e-07
1.248857015254149058e-07
4.362531582169350636e-07
-4.485098817597693656e-08
6.734254490606826820e-08
5.376017908644245234e-08
6.968376797914253761e-08
1.306860473673272939e-09
2.809258799422549038e-07
1.062033126588098600e-07
3.564799834048266033e-07
-4.528775709429779995e-07
3.476115903859104982e-08
7.953304720216560189e-08
6.156592749551712965e-08
-1.099260549495735632e-07
3.095585169493271483e-09
3.374881711744197763e-07
4.111105912625597324e-07
3.776900983377266216e-07
6.789270000038029946e-08
1.839891767765856642e-08
1.108763201158563616e-07
1.169902293972634957e-07
1.232615263883011947e-07
2.454966523857268923e-07
4.355353301917351667e-07
1.125805349970457887e-07
1.017997069191842367e-07
8.930687227523037855e-08
1.410919122244042291e-07
1.607823826518069401e-07
1.750539091916315837e-07
1.971945668459506250e-07
5.315879388393236722e-07
6.212965984028301611e-08
6.384137895406244603e-08
1.200921698457983358e-07
1.808461957260661566e-07
1.972021473619092777e-07
1.944339021313052155e-07
1.217964661938194129e-07
4.745494986627864495e-07
6.641237999158238384e-07
1.830310160408836315e-07
2.114818279642243976e-07
2.334106317547833132e-07
1.528072707879527696e-07
4.394590066101108834e-07
4.662873862728157819e-07
4.848882534233144151e-07
1.007227849052899728e-07
1.353281796724404714e-07
2.703021028371305830e-07
2.092932170079194799e-07
3.050121323416660992e-07
4.642334552025249504e-07
4.366778149336525230e-07
6.389124402968064380e-07
7.722826360097407836e-07
1.666321314236383718e-07
3.125799383126622515e-07
3.697567482498964306e-07
2.874834729970751715e-07
4.255104661322542946e-07
5.004622582125290446e-07
6.682338817211998421e-07
1.491154024444181001e-06
