-1.366260324871135327e-08
4.997951240703739287e-08
5.859177125130618125e-08
-3.468792621268387001e-07
-2.388330397534933927e-07
2.864535546017420016e-07
6.645067099234918973e-07
6.641668236174685565e-07
3.797140743172300234e-08
6.035315019499070282e-08
-6.467127137107499716e-08
1.485165575018998307e-07
1.669459287550444496e-07
-1.961309662480709696e-07
-3.756636011984548465e-07
2.509606760055780121e-08
9.972548094603171839e-09
-1.371252327173654245e-08
5.115886660429672239e-08
8.889396493744492994e-08
6.118620535290880499e-08
-1.404567905251368999e-07
1.745848041495209574e-07
-3.697145188235148896e-07
1.164508146633310773e-09
-2.995962892025004390e-08
6.004987256377774192e-08
-4.872247197636868343e-08
6.068195907779278686e-08
5.354489832010250691e-08
-1.468837225188620005e-07
1.547767524805700029e-07
-3.255583433670094725e-09
-8.003722036434530753e-09
8.539117884289308426e-08
1.144714897381804853e-07
1.427694398314182163e-07
2.407780661288320056e-07
4.131612237126028541e-07
-2.700210229440535106e-07
1.600625930095292808e-09
6.778829281418659612e-08
-2.605213980109701571e-08
1.939443554957796305e-07
1.060339824738407087e-07
3.266187446980094570e-08
1.680666462671905396e-07
5.563612431543526926e-07
3.805230411157385309e-08
5.545943541675661820e-08
2.401219444372020708e-08
-4.611777601222120097e-09
2.501920290827829856e-08
2.750092858598457228e-07
2.305721635635766444e-07
-1.208091842202463399e-07
1.503854611228033241e-08
9.408315728535716440e-08
7.574704876719316881e-08
1.368768352224372038e-08
2.082071918885588277e-07
7.599064799610956670e-08
-4.526899001166803439e-08
2.246132665744243529e-07
7.457978073182113329e-08
6.357582255064545416e-08
5.536150169065113656e-08
3.086258595656421353e-08
-8.633445647715975555e-08
2.241721412941567673e-07
4.561416717782035067e-07
5.771327450432905158e-08
4.625221926936240299e-08
9.715350138773321014e-08
2.466697864136459085e-08
1.657548476812109666e-07
1.573949077792438096e-07
2.223637152750465967e-07
2.718640511536262380e-07
6.773859055420626267e-07
6.156085409687397127e-08
1.159729033504222099e-07
1.029633978200399439e-07
1.729371261414777054e-07
2.498250497591461795e-07
4.485231132860302267e-07
4.248744290882511364e-07
6.172131781818642668e-07
1.162315189501352038e-07
1.590290300594852350e-07
1.559416012083829590e-07
1.410750606262363563e-07
2.566483596704721471e-07
5.666935386407724542e-07
2.274845481511051489e-07
4.947389655385812402e-07
1.294271393697804779e-07
7.343438654926926629e-08
1.847190957183844468e-07
2.942078670382383268e-07
3.183371141956524780e-07
4.753648724508386141e-07
5.633672390550837551e-07
1.494825621492461087e-06
1.817008279650778424e-07
2.372807585375193142e-07
2.341672515800625013e-07
1.737865281407282523e-07
2.617041993626474743e-07
5.291977197932600513e-07
7.851665349901684485e-07
4.840222696087214330e-07
2.443348761994249315e-07
2.669931320408339394e-07
4.247299477386992185e-07
3.494655122514633734e-07
6.449448814561171050e-07
3.226387572808851516e-07
2.944972314784233834e-07
1.137686043175525355e-06
