-5.287725909161495531e-08
1.091938078765309817e-07
2.560001654695196063e-07
7.686074662568549769e-08
5.119709949197916518e-07
-1.754155805409290564e-07
7.699867090221031143e-07
5.207966450531784596e-08
1.586243194196674076e-08
-5.920340762173415244e-08
-1.671461325004175385e-08
1.806657826959230979e-08
-7.078549631917875088e-08
-2.477293229343835750e-07
6.346363373711063340e-07
-2.608094518439321030e-07
4.177542019294952287e-08
5.349092170654191557e-08
1.192990821846917702e-07
2.013837266203070400e-07
9.642282644528283150e-08
-3.722258970747528125e-07
-1.135611240835187920e-07
5.715197914494087435e-07
5.840842539456425465e-08
9.154739975126129823e-08
-2.078038905294211325e-08
-1.085264156169904969e-07
9.798138079574487505e-08
-5.161550140265517067e-08
9.920015901046568362e-08
2.076249597383300243e-07
1.727676651700172784e-08
3.263165741216322499e-08
8.829746884993603697e-08
-6.298244727055661172e-08
8.465124753966277362e-09
5.301117224565662697e-08
1.336472740072081911e-07
-6.419690282822102470e-07
1.418593547343004690e-08
1.798861980982850483e-09
7.425657941655551314e-08
2.223850561537879707e-07
1.992498385178884464e-08
2.290035627481177662e-07
3.726827281489993112e-07
-2.908970271798016486e-07
2.714238045869426923e-08
-2.390904418787732740e-08
2.700482443596561407e-08
1.501185746652242724e-08
1.917974387667720301e-07
5.500874450512075031e-08
6.389637127781983293e-08
1.573889010466020245e-07
1.020859501954241550e-08
6.572874752588045946e-08
5.652367294441256494e-08
1.152586414026501690e-07
1.065787058127225869e-07
3.686262778295117337e-08
3.265373990354091527e-07
4.970223453771753766e-08
3.943717622264835501e-08
7.681399439280110703e-08
1.676265850627799904e-07
1.557101630333020979e-07
1.118696708375171434e-07
-3.300355022386633895e-08
7.400579832252416908e-09
-2.653576269433369995e-07
2.486393147070347608e-08
7.710624822926979797e-08
7.847325521090756679e-08
8.141717918345434754e-08
2.405319572971298958e-07
5.140542407245390681e-08
4.885966734768913773e-07
1.859965372588499161e-07
6.386531680521231472e-08
1.280448734658707104e-07
1.478742834136627396e-07
1.780843625381621296e-07
2.128661292579392009e-07
9.211436790969174104e-08
4.393542241232818304e-07
5.429772667161567658e-07
4.803452919412015053e-08
6.585845051402010210e-08
1.599478591721190159e-07
1.241467592346006036e-07
2.278827153121701827e-07
3.568966285512638354e-07
5.796598780609904730e-07
3.241232063457259235e-07
1.345396289018695819e-07
2.312942265447180795e-07
1.367454263968517521e-07
4.122123857233862333e-07
4.220886613312391721e-07
4.970482512272547862e-07
3.946470516357619659e-07
-1.952485310979206314e-07
1.303241296950232905e-07
1.977105925343250244e-07
2.790096887789966021e-07
3.506562607950166840e-07
2.378482799118443942e-07
6.007343514851317815e-07
1.153215966363964476e-06
1.197269856183699298e-06
1.421641848350851049e-07
2.361167484561731755e-07
3.023880143792654529e-07
4.051139099488104653e-07
3.934179320237841038e-07
9.191386378132486040e-07
7.793730052736817634e-07
1.029665281392197870e-06
