-1.916110580186138067e-08
-1.877302980772227860e-08
2.980045352459605087e-07
2.241426748198760844e-08
1.488187390745165161e-07
3.637502551235251804e-07
-1.046075759584868920e-07
-5.606924317790164703e-07
-2.556203884844305171e-08
-3.210045391885768013e-08
1.376431943627278235e-08
-2.958644891424791162e-08
-1.257384613167568268e-07
-1.688098845866601447e-07
-6.202051989786200624e-07
3.182525358063853367e-07
1.336809327165694346e-09
-3.647094021880308614e-08
2.547853276888450542e-08
-3.946728577993010398e-08
-1.604209985385438890e-07
4.815697037221135985e-08
3.084737370372016859e-08
-5.646013921317922190e-07
3.769992448010044736e-08
-2.257017970919864114e-08
5.520764792478457350e-08
2.896755755931668625e-08
5.951586830127764769e-08
5.177655747296230590e-07
-2.789794637671234999e-08
6.251491913286411467e-07
1.968297498988783639e-08
-2.740533447282825704e-08
3.182075920038435463e-08
-9.427055284394508900e-08
2.022394921950254450e-07
2.464588163438096586e-07
-2.094022034767977641e-07
3.516702763342272040e-07
-1.283782099304674432e-08
3.188083360915609459e-08
-4.999259919703381735e-09
1.572335845007130348e-08
-6.785143663332551217e-08
-3.679781604929317627e-07
-1.860360368399016551e-07
3.332384179180387794e-08
7.125803041159081042e-08
5.842737999566939818e-08
3.283326378297193947e-08
1.011525495301669853e-07
-6.833666495483076453e-08
2.478267299136202281e-07
2.455817923287339582e-07
5.025037718285120168e-07
4.405192978648559308e-08
5.365548326226934409e-08
4.733614546974179230e-08
4.828335019046638487e-08
9.550755081234623947e-08
1.870600395460503952e-08
1.811627817512700148e-07
-1.787430007451986770e-07
6.643803845000918395e-08
7.128943283527614587e-08
1.353999578320734034e-07
5.541083185095927060e-08
-4.977431718657982976e-08
-9.432561572047489595e-08
2.524667931722467938e-07
3.977349717573223461e-07
6.954774408939716048e-08
6.214623661022115856e-08
1.246538292324056583e-07
1.243269810714588851e-07
2.474960320020568790e-07
4.505838371399509105e-07
2.212406481734095175e-07
2.641910413491054262e-07
1.172738120872840202e-07
8.145014884643887173e-08
1.387013747011389857e-07
2.059102468748886989e-07
2.461577844030948636e-07
4.311426291695840848e-07
7.519466509893660121e-07
-2.827383493186727958e-08
1.091633042922129206e-07
1.355164842114715056e-07
2.022568231906658217e-07
2.300597230813948215e-07
2.388670930660033589e-07
5.180737231603065292e-07
6.972348338916459732e-07
2.314277155932773855e-07
1.402037887570587530e-07
1.254936195021119391e-07
3.126752038645576694e-07
2.223872365365401567e-07
3.637257838124841055e-07
2.910073894901050305e-07
1.130908071311890234e-06
5.426146152897377559e-07
1.179138624252124803e-07
1.964195345894570952e-07
3.075810578454383298e-07
3.289310148263201796e-07
2.973733824527979871e-07
5.611414910211722929e-07
5.238367028901883347e-07
7.173193463638520852e-07
1.402147802033651308e-07
2.265987513288572857e-07
3.981601073321404428e-07
4.082929288455166976e-07
4.687956085790878042e-07
2.975324899392575975e-07
1.192363253183588263e-06
4.550406485530827080e-07
