2.835173888459061699e-08
-9.751215464554156641e-08
-2.741047968915061404e-08
1.905038331887617682e-07
3.458019401065580509e-07
-9.965559196005309715e-08
2.131743327092556138e-07
-5.984274554225309758e-07
3.193984358259054462e-08
-6.610983407623182481e-09
2.022310463939169611e-08
-2.782868099829349808e-08
1.826031677925628865e-07
8.603413806056170327e-09
2.706782914525560787e-07
-9.547792939856766832e-07
2.931641928102620944e-08
1.106383144329863503e-08
-1.696136648623867741e-08
1.460722506780989290e-08
-2.089265495165401272e-07
2.010433932055898040e-07
7.182446082330608949e-07
2.873724059416829506e-07
-8.790237812254883596e-10
3.287078840271326065e-08
6.799186823696546276e-08
1.583250551989843423e-07
4.706339129036786223e-07
4.725918158708164063e-07
2.127480535707731786e-10
-6.545284044240671040e-07
1.914010964128473644e-08
-9.171689239548690797e-09
2.562668563992577559e-08
-2.158581825902157057e-09
-9.891930124381554259e-08
-3.257577668970821878e-08
1.343243107346677983e-09
9.707019918588177161e-07
-2.408298877363444621e-08
5.372244062658945053e-08
8.852641388556475134e-08
1.331468190657731403e-07
-1.093048086540182294e-07
-1.487823968695120591e-07
1.047256868939972118e-07
-4.165603880411114824e-07
5.474724945882142604e-08
1.698885885245763264e-08
9.975190923504376107e-08
1.276013021649652144e-07
1.391048347415251541e-08
1.399614564581373884e-07
-3.757590213504306262e-07
-4.421916498503843032e-08
4.090771346736993284e-08
3.852558544853504796e-08
1.544068827626580726e-07
1.644319118530662515e-07
1.985776823096244808e-07
-9.326953512960937647e-08
3.304112042172467244e-07
-3.188904694269192426e-07
4.751825892867968248e-08
1.160956234675661624e-07
6.240954387368072048e-08
-2.870635580978726389e-08
1.814694881737034473e-07
4.676788378968233235e-07
2.234126719384197963e-07
4.578672432459365599e-07
6.172464952103298375e-08
1.179959370543239846e-07
1.253934437115986082e-07
1.981327821320417375e-07
2.371025616760102964e-07
1.236873219110941425e-07
7.857395436703662566e-08
1.909737723279699331e-07
7.132081894958430688e-08
9.630980144506722808e-08
8.536379808524059592e-08
2.056152596490944418e-07
2.256248730788842309e-07
4.615280973142104813e-07
8.406627585940969025e-07
-1.013017797624165083e-07
5.934291372927736760e-08
1.037079464441673691e-07
1.023073382202268981e-07
2.631706231668067047e-07
1.641407639519508432e-07
4.626607013963889632e-07
5.511342685200614045e-07
4.897135331534933950e-07
1.310564942785744169e-07
1.668862315438178041e-07
1.558567312263206862e-07
3.063991873369648004e-07
3.529480513962322898e-07
5.401372887297794208e-07
8.723104461263649117e-07
6.721963742236509759e-07
1.312980938885032655e-07
1.276640827289388235e-07
2.002392217182347103e-07
4.001044338013328492e-07
4.283298212500631947e-07
6.576322820567680019e-07
7.258931530013203651e-07
2.260867155418178364e-07
1.224731009938481949e-07
1.859606767104764356e-07
2.225925222600103950e-07
4.822213204761212001e-07
6.339511925920632899e-07
1.295593405856669892e-06
8.424879344928716822e-07
3.342107908443682676e-07
