5.893173727397218485e-08
1.198913616793598742e-08
8.918626353255304282e-09
-1.678319888603951300e-07
-2.374110256192024643e-07
-2.280576909983516810e-07
5.034822215986715738e-07
-5.995572112788610846e-07
1.020897717798000870e-08
1.351898061964710185e-09
-9.361621788375875630e-09
2.533957294098034844e-07
2.345321384681399920e-07
-3.130985924491481065e-07
1.735879334770117932e-07
-1.106996118392231576e-06
2.919101457780449869e-08
1.585773661340671924e-08
-2.289836636434880541e-08
5.135435094754857714e-08
-1.377856462661182439e-07
8.718317969791722532e-09
6.000166682897039610e-08
5.337216138235531067e-07
5.450469834854515109e-08
2.620789993425298504e-08
1.938668534235415944e-08
7.212266134758913291e-08
8.068442014630551077e-08
1.829919306654515687e-07
-6.194483646717332843e-07
-1.202924471015799593e-07
1.474389498945373917e-08
-2.438322125773905143e-08
9.203748221410628526e-08
7.029676867318336849e-08
2.951555763450307679e-07
1.982535951888496844e-07
4.133776269350046550e-07
5.812992541777311145e-07
7.148255427945655337e-08
9.209200666955876301e-08
1.272273552777846096e-07
9.101689827627682996e-08
2.967492055276579387e-08
3.845192542156006415e-07
1.519444427426199527e-07
3.123117383143477177e-07
3.317914996013057973e-08
3.640080427059139822e-08
5.012053663921664984e-08
1.118883905224490626e-07
2.695809154499279599e-07
6.818115824073012290e-08
3.374956080781181967e-07
7.473042430917095946e-07
3.871297604373878583e-08
5.110556249178544370e-08
1.139252394615528086e-07
1.216422175560963648e-07
2.772232640357927255e-07
4.821529898835750366e-08
1.310464193715525166e-07
1.805757581410507164e-07
3.023444835726788457e-08
9.424746009909653967e-08
-2.714240791135264539e-08
6.520402059785170874e-08
4.596082281468460010e-08
3.478679551456119491e-07
-8.623123825483464275e-08
1.874250417004318619e-08
4.280842292510321045e-08
9.004436770187426743e-08
7.511500975549208578e-08
2.792703614559141848e-07
3.363604134935892246e-07
5.108577459133706443e-07
1.337458770193199373e-07
6.075622225151259282e-07
6.851044004673099696e-08
1.212245351869547125e-07
1.494245501025095007e-07
1.428290523579192690e-07
1.959862893866018860e-07
2.852140352311960250e-07
2.632335330091866148e-07
1.506330138527282020e-07
6.476424049744924863e-08
1.054751701163751183e-07
1.234786005258155494e-07
3.098328063479577236e-07
1.558329716216302443e-07
4.713118240524940750e-07
5.231036175169706879e-07
5.083003111936716832e-07
1.522583255631804808e-07
1.377430412877454909e-07
2.493153479879925912e-07
2.452978982869970545e-07
2.886662796190826220e-07
7.109537870878238928e-07
8.313087464644179489e-07
5.729920937451821784e-07
1.339664715131804809e-07
1.577180009368089203e-07
2.841940496782488503e-07
2.397922379111457381e-07
5.028931348537900054e-07
8.581111837409993535e-07
6.933208807322287814e-07
9.241144918592191243e-07
1.857260863895748833e-07
2.072666099530729326e-07
3.624128062871988442e-07
5.124545705424688247e-07
6.593573573437454425e-07
9.700871743084867448e-07
5.809208489436012104e-07
7.698382974561396629e-07
