1.678389761629073360e-08
8.268931306701326705e-08
6.273986494590947320e-08
-5.071686723760159328e-08
-4.884980925464433220e-07
-2.050167631012995646e-08
-1.439293709884589515e-07
1.410418168984863126e-06
1.255350157991730979e-08
-8.929207516075796999e-10
-9.836088887513206801e-08
8.418466862927705128e-08
1.210643372611718985e-07
3.864207468074290167e-07
-5.222037010841644058e-07
8.809211348767648761e-07
2.330292140537131224e-08
2.021496712451919222e-08
7.595501371514990582e-11
1.487417654371553359e-07
-4.914208724202985979e-09
-6.026655565218801952e-08
8.784028157291520319e-08
-6.752607968321665680e-08
3.673328227381657487e-08
8.354941018896122606e-08
-2.581923299309304778e-08
-1.173402924720901117e-08
-1.675055228383565681e-08
-8.379733913287240878e-08
5.153847657512258052e-08
4.406446288394041053e-07
2.042888015866274277e-08
1.425837602312364388e-08
8.859005904778384514e-08
1.471675267997767003e-07
-2.058966537253423898e-07
3.009987228636850640e-07
-1.752850067050840090e-07
-7.765091347879336766e-08
5.662238304283084506e-09
1.497125975183276235e-08
6.257841323228210541e-09
8.413921603721997692e-08
3.315378641802845540e-07
5.328375578452482266e-07
-1.877186888074171317e-07
-4.285797776218502725e-07
5.044864018107051937e-08
5.677238412296160613e-09
9.659818798681389022e-08
1.377794497186552772e-07
1.958986490292769229e-07
3.830664979555590437e-07
3.598368284738967289e-07
-1.010425161827751300e-07
3.736740551406026542e-08
7.643476925454952572e-08
1.209465673147822672e-07
2.781827448772520335e-08
1.254929698415033748e-07
1.723267273009922785e-07
1.659946603312705715e-07
3.563106217963044303e-07
7.166263032579525433e-08
1.155156681303653986e-07
1.095060411044127103e-07
-6.526679309631745471e-11
1.623931309675263606e-07
4.689962355829718339e-07
5.698453097012873373e-07
-1.985558204492032012e-07
7.763152715887376919e-08
8.455029992439106219e-08
1.341542025494281492e-08
6.130628858090261239e-08
2.632480525690049761e-07
-1.286928918353703637e-07
5.738686375651147284e-07
4.351165898773690178e-07
1.029364889777718071e-07
1.042400822837530913e-07
1.057242254668977126e-07
2.038572548556080360e-07
4.031825612135920766e-07
4.249084919301033642e-07
6.085347297123278805e-07
2.204279877533904103e-07
9.358129756689387433e-08
1.305073998469609859e-07
1.488989521773911985e-07
2.594979064264354966e-07
3.321859970006267480e-07
3.835924548116923145e-07
8.781738420690644148e-07
9.546218936997243280e-08
1.484943909131356281e-07
1.832006846955527967e-07
3.285768502257185076e-07
2.298402500943979101e-07
2.243761458588415859e-07
6.172564908098474953e-07
5.517531800879861250e-08
4.124350679758642284e-07
1.749541709111813206e-07
1.686675595467805730e-07
3.211283679688729952e-07
3.417269842890471294e-07
5.626417764054855224e-07
4.657925045086779285e-07
5.808648065896517604e-07
5.402338745580186203e-07
2.129087911777628346e-07
2.840758350882607992e-07
3.880858479672422213e-07
3.488513047505500935e-07
4.042013688977315938e-07
8.027481224446727380e-07
4.839979533909715939e-07
1.225643697255399676e-06
