-5.568052642347390713e-09
-1.814897157765258100e-07
4.757698774246857184e-08
-1.672505170317069196e-07
-8.746396665692154132e-08
2.532595787953126230e-07
-9.766296982059933775e-07
-5.146530981101459750e-07
6.001800619415643929e-08
-4.386384128454285534e-09
-3.907398057772317920e-08
5.923962611749679034e-08
4.242186372259953934e-08
-2.019331665880643289e-07
-5.956817086064458377e-07
-1.545185432885763880e-07
4.985701495362666586e-09
-4.672844213126807260e-08
-5.160167799976913491e-09
6.541106670241748063e-08
3.137552332012790935e-08
1.873172210526420819e-07
-6.669617811246566080e-08
-7.439307519065365250e-07
7.170247697920024467e-08
2.310891576414202977e-08
-8.948268133170818930e-09
-6.854967280960781860e-08
2.048030947897308849e-07
2.675040459165272315e-08
1.448049037792062786e-07
-7.389295790520153352e-08
6.477575223086811819e-08
-5.902040861751866924e-09
-1.163157524109523225e-07
-1.195296942413956953e-07
-1.861464769980551342e-08
-8.347079980338191719e-08
5.234947149883793849e-07
-6.831422360285980287e-07
3.983959097351778296e-08
6.469067986401539566e-08
9.540523768777033084e-08
2.012241582067550711e-07
-4.202124741713214695e-08
-2.237805998641237809e-07
-1.893225172734619687e-09
1.893176156206799965e-07
4.326882566222733423e-08
6.646054640874575052e-08
6.201474506119777761e-08
3.724861676911599604e-08
-3.456302036070245210e-08
1.276690347839767913e-07
2.411521477650320234e-07
-3.636424150043141155e-07
5.391916004958738594e-08
8.449202806120248022e-08
9.973650897443419711e-08
2.121834532567787960e-07
1.257643791784972767e-07
1.719950243350982846e-07
4.248142269252587501e-07
-1.633611252899586012e-07
5.300793312188902288e-08
6.862574964930341365e-08
1.580447709341580113e-07
6.836543922398459629e-08
1.362600288558663093e-08
2.189791512192778348e-07
2.331260827828885704e-07
2.485044900775836820e-07
5.399066500754497173e-08
8.453654072566058724e-08
8.279475661278176000e-08
2.249647228073902176e-08
1.272042705124562090e-07
2.987069693467504295e-07
1.311490235891761162e-07
4.319078484449098093e-07
8.674201614957363253e-08
1.105818159925119092e-07
1.264174211893419647e-07
1.492284205827587532e-07
1.801243453458345390e-07
4.703812966327682310e-07
4.578394153558939401e-07
2.614146207850040759e-07
1.249787261626363964e-07
1.302477318610389212e-07
2.607243017386751516e-07
2.385563288228473053e-07
3.874311457491834829e-07
2.020673992080335652e-07
2.072288437252988496e-07
-8.417532166462357895e-08
9.113489679501948134e-08
1.387489779750279005e-07
2.068576925567334013e-07
3.125081506712890125e-07
6.952309650118377278e-07
5.602522404089202200e-07
6.909509798957358404e-07
1.322122468668038146e-06
1.638760105635224049e-07
1.684158487367889046e-07
1.412188588706752547e-07
3.490883499335959600e-07
5.335182434910219899e-07
6.690863792934030131e-07
9.796856605576989724e-07
1.228512959443960958e-06
2.269887444013463057e-07
2.107696781510842847e-07
3.078115150631395743e-07
4.270385534644192543e-07
5.700578078996294544e-07
8.000850820413990135e-07
8.171290075133020287e-07
6.988995759779631031e-07
