-2.845898295348645771e-08
8.003705151957132374e-08
5.490731059833413071e-08
1.343436977156938592e-07
-1.499134035357584571e-08
3.321796506946362103e-07
7.097229578378912496e-07
-5.097348528517610294e-08
-1.147784934502267995e-08
1.006595505336921781e-07
6.222871949536491246e-08
-5.630166518497314184e-08
6.343601213455764585e-08
2.959741949704521488e-07
1.535428936853480652e-07
4.778887780582868391e-07
-1.234691092097998805e-08
3.568042255667978858e-08
7.506966003228154465e-08
-5.487408248850965434e-08
-1.194368494586145221e-07
-2.822131757574434505e-07
1.308013990433466191e-07
-5.916994496906439812e-07
1.935183906851349919e-08
6.592865992648227009e-08
2.347406596336691376e-08
1.216685744384645858e-07
9.123818288676747250e-09
6.897568087331460508e-09
5.892822598610852590e-07
-5.407958942584627931e-07
2.516182576806207478e-09
3.775396188886565385e-08
8.975912600450713880e-08
5.826465848245776695e-08
1.915108326723677650e-07
6.027783192278297260e-07
3.514406194750424915e-07
-8.987646169010541128e-07
7.394146852337807521e-08
6.645001217521983610e-08
3.576970107756278315e-08
2.436027116014338233e-08
1.492587984023300175e-08
3.228636462457933555e-07
5.608301505727865370e-07
1.518962986119280420e-07
2.576831456823608636e-09
3.879112908838009716e-08
3.880892771425811759e-08
1.086037231719646673e-07
9.293970512987434322e-08
3.212638064077984489e-07
2.565220889678810708e-07
1.814318055886437339e-07
-1.687088221338300625e-09
8.611048179644473094e-08
6.968255984564040298e-08
1.846341160222576251e-07
6.851355512457063518e-08
-7.104853673644361177e-08
2.841840130950968056e-07
2.050035219155426231e-07
4.255109956563423251e-08
4.377236639891219874e-08
-4.149657859674246245e-09
6.169649186309613934e-08
3.555772780110170243e-07
3.058050827811071130e-07
-1.622380250666844800e-07
5.638288315284063452e-07
3.810191718212296539e-08
8.664547352985072785e-08
3.165125056927347002e-08
2.713182824822679877e-07
1.144913603039854058e-07
3.189826208963046847e-07
5.867434666966548981e-09
-2.914094887761765591e-07
7.498253483335684015e-08
8.668701291112257467e-08
1.198070440963091114e-07
2.557472708735147909e-07
1.757190972669681565e-07
2.282797797296542935e-07
3.763489861885031915e-07
1.853540558925037348e-07
7.455181594690372552e-08
1.263451137941731121e-07
1.588105082988139211e-07
2.063210490108946213e-07
3.709820831767842361e-07
2.449198620519120299e-07
4.005530221281511356e-07
2.835770036334268383e-07
1.193059110125258615e-07
1.792504915007621211e-07
1.206844340044127339e-07
1.652978887943586612e-07
1.813242796861749543e-07
6.616848211508791711e-07
4.420592953532476918e-07
5.063052694125474792e-09
1.683976503886447338e-07
1.868375827023912596e-07
3.058636060782903208e-07
3.250740430254603680e-07
4.518013919539662237e-07
5.980039319386945121e-07
9.759912574281658376e-07
6.551936159788363727e-07
1.503383474364101091e-07
3.122921605996877854e-07
2.694723055481576767e-07
2.463257796565734571e-07
4.169449514943806131e-07
9.000851176934192643e-07
7.422891743219392036e-07
5.522672603060097318e-07
