-2.708629705881009362e-08
-8.126028385758941161e-09
-2.887473399559331115e-08
-4.173090828369597943e-08
1.006463089697130624e-07
-3.828065224996641080e-07
-1.112944043338331813e-06
9.611171155941249332e-07
-8.552910884895985038e-09
-2.249650797570407905e-08
1.446875233282666676e-08
4.790929004244585548e-08
1.404168872377150582e-08
-3.666869394806265818e-07
-4.933507710473796596e-08
6.494268956598176212e-07
4.036063169815926832e-08
1.377013356235864971e-08
-1.076836277720556324e-08
-6.084883847990819412e-09
1.667189615546307844e-07
4.154250750206092480e-07
1.111263842981287590e-07
2.142483906502044461e-07
3.418703456528538180e-08
8.653561848202423430e-12
6.345905476425151405e-10
-1.590688905164090462e-07
-4.254127958331561487e-08
2.126555632521679535e-07
-1.606350873966201667e-07
4.053742798412834931e-07
-1.488716162654416444e-09
4.499798490553101313e-08
4.878548575373804731e-08
1.368208653395325528e-08
4.966531983767321414e-08
5.029873506015424192e-07
-2.046173742250496580e-07
2.961246456798063516e-07
2.830175564875894117e-08
1.377055300112913907e-08
1.079825461019730416e-08
-1.085635503366244068e-07
-3.794977286574375861e-08
1.393180587084776825e-07
1.266649663275080804e-07
4.860139495838924483e-08
2.533283798821296801e-08
3.330604810163389781e-08
2.882681313027930263e-08
1.458971721962636894e-07
2.182357505096701692e-07
9.252971869475635987e-08
1.039094400461592479e-07
-1.620116077794116193e-07
4.507949967774214963e-09
8.245250446564748670e-09
4.390532103288663137e-08
-1.197089308842252782e-08
1.502326048615759062e-07
-2.303667552668001305e-08
7.980345632943811542e-08
5.687953864747223180e-07
2.426826553942098575e-08
6.315467983186289055e-08
5.640612923445357183e-08
7.592695037042773685e-08
3.039569289028869385e-07
3.362925548141962882e-07
1.419576263172402022e-07
3.883480211144603838e-07
3.820051776874784018e-08
1.359451623669620915e-07
1.882707346278282785e-07
2.118529540021224824e-07
2.833637858858271983e-07
3.181092019355646136e-07
4.868815891958135528e-07
1.058066172724473297e-07
7.047123645568958280e-08
1.112238457581209021e-07
1.763973372342548159e-07
2.074230116814888851e-07
2.884637237793078812e-07
3.525793337897905802e-07
5.566621517784671427e-07
6.224582811942742471e-07
6.871010443984669105e-08
1.318803432306161951e-07
1.247273548694731954e-07
1.427840071677105537e-07
3.193379198338090369e-07
3.006953112126567503e-07
5.321866098540533521e-07
1.741866901150449252e-07
9.951257060575990135e-08
2.445160439450110625e-07
2.993126523673969242e-07
3.410852849663332344e-07
2.854642634294541437e-07
4.508424773571201197e-07
4.646869097699917783e-07
7.986299940144158952e-07
1.138547447360289690e-07
1.385645686071746488e-07
1.922281571147956552e-07
3.081508875671718368e-07
3.555437354478756213e-07
6.520469495822921799e-07
5.242197707719212728e-07
9.988158227991551293e-07
1.445154206467160433e-07
1.454664395599175687e-07
2.093254387381781531e-07
5.083324113442965631e-07
3.324620159583580153e-07
7.466465351426925561e-07
1.421725248202555839e-06
6.095638542331998349e-07
