4.753380592948502169e-08
8.069645190301731687e-08
6.354802205800921988e-09
3.214198719495478733e-08
1.971485587046502545e-07
-1.466097241891116118e-07
-3.313018219817927096e-07
-1.681246698677729361e-06
1.255448158913857505e-08
2.640442881505716581e-08
-6.931913817447600010e-08
4.091592234513158364e-09
1.262902126796773713e-07
9.225895574418104654e-08
5.728593304420579328e-07
-3.125469375855219895e-07
1.958035726130433250e-08
4.435923067599490044e-08
4.825846780425519704e-08
-4.917018291387137217e-08
8.900085925542525561e-08
4.161215933053616158e-08
-1.447225657031509300e-07
3.948709887136659938e-07
-6.817305205195070226e-08
-3.306113270663115128e-08
-1.194570631120034834e-07
8.887177095012752703e-08
3.481360702745856125e-07
1.217487612824556238e-07
3.189042267415709469e-09
-2.186368090603015159e-07
1.059621560026541112e-08
2.215363945723377992e-08
-3.473482935156522164e-08
1.006938075218875015e-08
1.574780674084294476e-07
4.108739754016686805e-07
2.131656680012922062e-07
-7.387391997470320413e-07
-7.651645023662670020e-09
7.361805338951172537e-08
4.952832802572669731e-08
8.539564861702621885e-08
2.328761584374070374e-07
2.037214121885938583e-07
5.013734311719740000e-07
-3.913695013171474059e-08
2.110700580354723191e-08
1.453093586689032644e-09
1.689488952020146076e-09
1.143844718423801572e-07
7.065334795184749633e-08
7.594484593729241051e-08
1.703055337158232985e-07
1.843920695508229976e-07
3.887042996293045811e-08
5.887138135680164133e-08
1.704950221456741749e-07
1.533364700638163639e-07
2.151317588838415772e-07
2.223715667203430912e-07
-9.750592528167865494e-09
2.238355897470874912e-07
5.603012288764539639e-08
8.693416878186972661e-08
1.801102991266309380e-07
2.023499032547062228e-07
1.610752164283288590e-07
9.627679489193461672e-09
2.072064805123606247e-07
6.565673227998131193e-08
8.051372099844717280e-08
2.784985599786101184e-08
6.617744228902118043e-08
5.870035706047739889e-08
3.165343186202767574e-07
7.082141657709897515e-08
3.654547899288903582e-07
-1.222840281281243285e-07
7.773894783931209484e-08
6.253672705408235397e-08
1.432586355527286750e-07
1.225577133086328350e-07
1.799386858717692769e-07
1.480968008754343541e-07
3.645513870696937856e-07
2.023048474004750449e-07
8.614440509090836068e-08
5.952597996512652201e-08
1.184663093250709886e-07
1.319465351196039283e-07
2.508656046249757533e-07
3.123618211515373845e-07
3.701561398293187857e-07
9.703770626049827685e-08
1.870591485687380641e-07
2.080688541251338532e-07
2.245974471535563957e-07
3.629197587985100748e-07
4.177861568410531227e-07
6.300220323625847205e-08
6.171357779049581024e-07
1.372105770425819057e-07
1.684874851617839060e-07
2.000452534066873652e-07
2.423329084057439628e-07
4.062823615773404070e-07
3.578332170340949738e-07
5.333365641771787651e-07
6.224459925703307204e-07
8.945587440634515900e-07
1.965870352318596852e-07
2.450447997796129565e-07
3.217451062292395286e-07
5.374027754459980407e-07
6.542060671222863649e-07
5.861207353065451704e-07
9.989740155217180429e-07
9.462953898452725473e-07
