-6.596608012575038784e-08
-1.351653632126976224e-07
-3.338200576717575865e-08
-1.455947004448192114e-08
1.613946241593461239e-07
-3.627647624624533769e-07
3.777665834843078892e-07
2.394889935460259548e-07
-1.184765028741787711e-08
7.386284152906723110e-08
1.180848677901938822e-07
-1.517922355716163785e-09
1.699774004040323161e-07
4.326825273564649109e-07
3.630202653407492440e-08
5.124902620486083648e-07
3.998922021389859867e-09
3.893270204893374808e-08
1.039153381919212642e-07
5.322821313824110103e-08
-1.120562830931219438e-08
-3.958378470143761623e-07
1.590040881468216873e-07
1.337292429804349954e-07
6.524075613500807521e-08
7.264529131964253677e-09
1.024926088802746733e-07
2.232589840036834509e-09
-7.840231463559133239e-08
-5.618634404592133682e-08
5.087300266271630647e-07
4.782569728440796842e-07
5.978052012680282102e-08
-3.067993090949536531e-08
7.553316812191193612e-08
5.043533930044171307e-08
1.518844575457424036e-07
-3.579162117602752119e-07
4.484501759585680438e-07
4.473513005295537189e-07
6.000279544313400371e-08
3.428483433560498766e-08
1.235618220863638708e-07
-8.147247012070923677e-08
-7.868139205256107524e-08
5.831284043886160976e-08
2.065532923880575938e-07
-2.356535181006907494e-07
6.493242796673349516e-09
5.777416866510002993e-08
6.745319860928202759e-08
2.070664401045572878e-08
1.313317196324171529e-07
2.723625986050761985e-08
-1.033029745791065200e-07
-7.564394212346123305e-08
1.388558108952365154e-08
-9.801305673952005803e-09
4.574000690435382397e-08
1.182689457103685727e-07
-2.636490397870737247e-08
1.784608095432763918e-07
3.413907696465822813e-07
1.936207198207758757e-07
2.882430859368083940e-08
1.924100035032172957e-08
1.309848980479366437e-07
6.535194006976955714e-08
1.424576550014974848e-07
2.097591252703504399e-07
5.993945018861878836e-07
6.232805800573203007e-07
4.154545510420641551e-08
1.535425036971251730e-07
1.356819189430858521e-07
-1.210609987686142869e-08
1.713220451802650571e-07
2.757874710516819744e-07
1.277324465854339139e-07
5.719827305792555716e-07
7.874276584460934804e-08
9.461219961751468709e-08
1.722552096886449793e-07
2.489837699311450763e-07
9.384205782811430338e-08
3.809462652664692964e-07
7.132198489949985995e-07
4.048882790123525712e-07
8.294356676177403075e-08
7.250757153892648160e-08
1.432822842210569877e-07
3.037051229578080729e-07
2.214669359236942295e-07
2.445837286971094996e-07
2.089889491961077610e-07
2.609742288393062843e-07
8.395985408216054667e-08
1.776007066259780959e-07
3.470491172542078229e-07
3.821051650870478908e-07
5.986254296728858284e-07
4.990011206302372413e-07
3.823950974178100508e-07
7.095590789224226378e-07
1.177808680661510880e-07
1.277099299414794806e-07
2.884430504596208363e-07
3.601964907836321429e-07
6.874811649312848260e-07
5.689916962297786770e-07
1.001031812561953864e-06
6.699968095442430301e-07
2.126506596728683586e-07
2.286235325538211033e-07
2.810510130584906035e-07
2.461920178859455555e-07
4.954531091755383747e-07
7.074089430953471473e-07
4.564477648974219608e-07
1.802119517931190794e-06
