-2.982855766807312618e-08
-7.518325129016242833e-08
-1.101902490617511893e-07
-1.114864922729657189e-07
-1.330671467298858653e-07
-2.970761557482441688e-07
-1.567060166714746860e-06
-6.458251500598436082e-07
-4.426462476420008547e-09
-5.559486156520480445e-08
5.001900899274109869e-08
-3.489338710758773056e-08
-2.651127588463586779e-07
-1.637626661428866908e-07
5.900983059097348414e-07
-5.199850678484375780e-07
-1.085864066485016865e-08
1.841305275571015047e-09
-5.870365379093205529e-08
-5.601579578450280552e-08
-6.513182706556965253e-08
-1.921836561233377828e-07
1.248961563999763616e-07
1.155357138918855529e-07
-2.043809469543360851e-08
2.651825550776177649e-08
1.195699270945727418e-07
3.469703324753662085e-08
4.408000148346606291e-09
-6.148763229218538124e-07
1.761063379899832637e-07
1.810703329923414554e-07
-2.734467322060876100e-08
7.121733230679446827e-08
-2.087656992004600330e-08
7.962014405719195627e-08
2.187108257038103226e-09
-3.176233121688492996e-08
2.786985347979720082e-07
-3.079177569253286294e-07
-2.694469977928140967e-08
5.570611848479153903e-08
1.226585957051517257e-07
3.566143064811893501e-09
1.004823910268671191e-07
-1.258647086494374408e-07
5.261277002710822357e-07
-4.290343048758731153e-09
1.916498118515205558e-08
2.788585108173818096e-08
4.975593244003005308e-08
1.226667877792792491e-07
1.502991543028762618e-07
1.152707274261963165e-07
8.045105890952082649e-09
3.907298670143989772e-07
1.999747185172387354e-08
1.025965529019393880e-07
8.153468805963588571e-08
2.463312652163630710e-08
6.734708011064614026e-08
3.065619127325295652e-07
2.909374928495650376e-07
-9.969599845186313351e-07
3.840667467661371970e-08
3.081518852961241463e-08
8.044155500855171117e-08
-7.538996766705991444e-09
7.203255312602852377e-08
2.463038877688521174e-07
2.698112095582197496e-07
-5.954781805700035143e-07
7.746330441835878528e-08
4.996620811423024025e-08
7.455156932765865800e-08
1.422323231383893081e-07
2.244425956939337075e-07
3.758763917096821998e-07
5.483093337433242252e-07
6.113956765331339391e-07
8.803051334662473797e-08
1.370587491407547994e-07
6.559825590972580106e-08
7.127752401380255263e-08
2.522799909673686383e-07
5.773818108447240948e-07
3.869311848694139844e-07
5.958672500777448975e-08
8.774352244914967046e-08
1.346840754755956303e-07
1.574372073246861966e-07
1.716024421298902713e-07
2.779417365924800749e-07
4.884666186623042661e-07
3.692996476284935712e-07
6.373386875645966566e-07
8.357724590168304638e-08
8.470871647963261466e-08
1.383088247930668847e-07
1.962961717256256614e-07
-7.239979344368636957e-09
6.023008392399339535e-07
8.027468165593306388e-07
8.603455724003240524e-07
1.584843863059472969e-07
2.159539861081735502e-07
2.989679136425376833e-07
3.828149121914162133e-07
2.546015647559721664e-07
5.028147222030689662e-07
1.002438536092120926e-06
1.034730547202434708e-07
2.153653807999524988e-07
2.229658918973004496e-07
2.181264991603331865e-07
3.063547648517599306e-07
6.059256699354713786e-07
5.911483745551512970e-07
4.390693919880367630e-07
8.923367896420621516e-07
