4.856196112340741886e-08
-8.751021426912804583e-08
6.095611797729072698e-08
1.652339501131482622e-07
-1.213422019297777464e-08
6.216263603322765391e-07
9.349656706089326507e-07
2.223147305716028095e-07
6.871516819659668207e-08
7.319049173255078645e-09
9.577290837637473964e-08
-7.555492103520546387e-08
1.601625787219239913e-07
-1.498938260870880460e-07
-1.248971949157861341e-07
4.590499192653565181e-07
-1.493917246744984008e-08
1.891146908419852630e-08
-1.259045653606647811e-08
-7.725168304468142210e-09
8.151431227647715705e-08
1.469254041400890158e-07
1.569162170855822701e-07
1.076108358519406895e-07
1.960006481734015835e-08
4.391291099962121642e-08
8.907709936729689775e-08
-1.469533894731525785e-08
-1.443293281137219092e-08
2.220419102914700078e-07
2.578873955877915805e-08
4.456421829283194033e-07
6.084642153727502957e-09
-6.941345804499402752e-08
-2.017657428844449619e-08
5.481966984270101652e-08
1.558945997933397225e-07
-1.799760256533704388e-07
-1.498950074886018819e-07
-2.697848722252532342e-07
7.646747321683234895e-08
-4.772251420905312510e-08
-3.556582907885596562e-09
6.729453236895404341e-08
1.244012782782654169e-07
8.408043113243275186e-08
5.947865705558847404e-07
4.002674864175794703e-07
2.509872518030268593e-08
6.815433661826199142e-08
9.853395145820491632e-08
2.917612223324228306e-08
4.122612385292179579e-08
1.824554257460787776e-07
2.272047240171756113e-07
1.909976378671395581e-07
3.793214439091030895e-08
4.268332110958124683e-08
1.164816609999825149e-07
7.873720115384227974e-08
-1.245163411489441471e-08
8.241042760735286016e-08
4.117861773232118502e-07
7.264462213127080203e-08
4.705469281342649279e-08
5.031231968811102418e-08
1.173029807909585673e-07
1.189687928673771017e-07
5.264912801680705100e-08
3.425611270488339146e-07
4.615484056755271833e-07
-8.821270911228289963e-08
2.003066208810269664e-08
6.860750176467261620e-08
1.128456816114037050e-07
2.070619741874668835e-07
5.425696423939659216e-07
8.585020492836938194e-08
4.590164095772361058e-07
-2.613099825091681172e-07
5.768866854855856235e-08
8.911614348919803348e-08
1.081246838873990818e-07
1.831574475157060147e-07
1.054385444585213102e-07
3.696755251297072985e-07
3.468421253039807819e-08
-6.494666096110887295e-08
4.901259763098759624e-08
1.100852673221516423e-07
1.597417501355950145e-07
2.209257034271886365e-07
2.395259730389738172e-07
4.444340738924899973e-07
2.028248016314862075e-07
3.180126528106568114e-07
7.790876077095495192e-08
1.101946746982984322e-07
1.418520233037578694e-07
2.737934299913285731e-07
-6.437552860756373835e-08
-2.712632126433081958e-09
3.089951757317782276e-07
9.728920288713948024e-07
1.392296702496215400e-07
1.730316976056700850e-07
3.145222075176668314e-07
3.182450169216077466e-07
2.335668868975820733e-07
4.578778596159562020e-07
3.915368042500449444e-07
8.220767149770001522e-07
1.972833492388723992e-07
2.637374502641433788e-07
3.183707390594090831e-07
2.827708876703364995e-07
2.402274779827155892e-07
5.461961738186397097e-07
6.114648277819852481e-07
1.269643721189413273e-06
