6.529364266346770967e-09
-2.198575592022929985e-08
1.772074613188648296e-08
-9.087776329780177798e-08
-5.345502011535136243e-07
-5.869897586407052897e-08
-3.665010889744983122e-07
1.218203357185217728e-08
2.767816624778041532e-08
5.676410551218493306e-09
-4.105098242223901792e-08
-1.206988813365541746e-07
-1.321423337803196363e-07
1.393402379096330844e-08
2.752821944618136706e-07
1.214540737249033134e-07
-9.832323286196903743e-09
2.619705316973179049e-08
7.744483412064076822e-08
8.018408766820303337e-08
1.046986418356896654e-07
2.517733475406598419e-08
1.178042942156380927e-07
-2.817181109538432035e-07
4.016867146986666401e-08
8.954186009411731526e-08
9.147805290263549565e-08
-8.909981651707818915e-08
-1.304774704187682934e-07
1.674361611556241653e-08
4.609004459560112309e-07
-2.642390135688984116e-07
3.340008101741000518e-08
5.605093273995307521e-08
1.959549829497937644e-07
-3.288311094818037355e-08
-1.107464140623906180e-07
-9.123169513966405784e-08
4.653675465799002585e-08
-1.015100209873233021e-07
4.079261931948802398e-08
5.856451634277616802e-08
5.912721629834894596e-08
1.073352364754261570e-07
4.234382881171350435e-07
3.909833555642574748e-07
-2.585524729920275339e-08
1.477479828816007114e-06
5.858857128964268632e-08
6.426706063414432673e-09
7.683712242898958456e-08
6.705129647898638269e-08
-4.200234648116417840e-08
6.182276033047022204e-08
9.479173538096812697e-08
5.879895658167394458e-08
7.133057807184861329e-08
7.184830178120774305e-08
1.447910083864535596e-07
1.496324104313988078e-07
7.916045817528139410e-08
2.840714173275637678e-07
1.059763720855911920e-07
5.542767269912928154e-07
8.149681108028295512e-08
2.671413041725191913e-08
5.247977996140163514e-08
1.045664493270446212e-07
1.273095655935162543e-07
-1.163195563743964005e-07
5.365000196433081124e-07
1.186017994075550420e-07
3.382825386163632613e-08
7.284064921966132637e-08
6.557612130462700183e-08
1.975856566845479697e-07
2.153017666070980298e-07
8.462679325809165128e-08
5.490722865086457333e-07
2.882429908555130035e-07
7.663832825676321464e-08
9.193193720662306188e-08
1.546085038575422194e-07
2.700142115382713288e-07
1.846994510864902694e-07
4.177486797952776635e-07
2.397259482500025242e-07
1.668495593828683719e-07
9.114499373963901727e-08
8.610639072392723224e-08
2.113920779000588039e-07
1.385978437599343965e-07
2.683473285135355745e-07
8.614626743156172326e-08
4.840414445054542411e-07
7.112390588465375180e-07
1.202113928605742606e-07
1.444078353326388270e-07
3.566281020542418542e-07
2.970197681793546218e-07
2.537288967395361035e-07
3.984174371429080211e-07
4.386147622803478388e-07
4.424645402373590772e-07
1.505802712741013104e-07
1.450764393492984666e-07
3.143454095153520254e-07
2.472860004763678172e-07
4.767568273385326719e-07
5.268837572961851211e-07
5.664674248909212073e-07
3.582676282781734181e-07
1.455496626730767001e-07
1.312140044920655671e-07
2.138944972037749239e-07
2.311657911107252352e-07
6.537444489971045981e-07
7.730204357044362865e-07
1.384391873215991591e-06
1.258441594473478285e-06
