2.692882001598219616e-08
5.313670252804405063e-08
-1.546990399991329300e-08
6.036133391997829699e-08
1.652256965561359547e-07
-1.724727528516618357e-07
5.760363001169283855e-07
1.230996523827493947e-06
4.854905074982582782e-08
9.277423312077529685e-08
-4.720531547414630236e-08
-1.741747246321482201e-07
3.411390480531727418e-07
3.843933483163639849e-07
6.439884768805494210e-07
1.222025861746924782e-07
-1.273150346268882072e-08
-2.213701082206721843e-08
7.699764321511039719e-08
7.156160491936553291e-08
1.429387026998863949e-07
-6.924377544290079510e-08
1.046169884286342194e-07
-2.783809710847966905e-07
3.324273338672774778e-08
5.230746983571918153e-08
-2.012208946517301634e-08
-3.856388827865182783e-08
-5.607376262902043748e-08
1.989407765896909599e-07
2.070026490541164732e-09
2.287388624289822416e-07
2.439204613287854084e-08
6.700490708720941732e-08
1.480441827570007537e-07
-7.599825878372129707e-09
4.508647037965689102e-08
2.046825313627036240e-08
4.443276302573410382e-07
-4.533396113247448352e-07
1.484808230785691858e-08
-1.672660878508960875e-08
1.043749376016990553e-07
5.105031457691986913e-08
3.013904695170489567e-07
1.583390006013999828e-07
-1.537171856267894607e-07
3.403298162228658018e-07
1.541357261459693631e-08
1.212188924566773374e-08
5.049825483971844207e-08
2.764770665936398607e-08
1.775718791158222343e-07
1.554029089132876683e-07
-2.679062759227448899e-07
-1.562045329753331447e-07
2.413095958895699640e-08
1.165555207471656923e-08
2.402057581307487429e-08
7.698309139242554143e-08
7.023467908042749243e-08
-4.768154461881802822e-08
9.707141297353356762e-08
2.890092124722473565e-07
5.792173030696965097e-08
6.014094923713081357e-08
1.221609455243255872e-07
1.402653658638437119e-07
2.250915694622948461e-07
1.026457350571457227e-07
2.152421275522778166e-07
-1.188490130795625477e-07
1.581458362633317497e-08
5.281506105870705588e-08
9.570265468656420542e-08
1.126083728628183039e-07
4.399609883602443442e-07
3.042387905397079879e-07
2.904428428138433755e-07
4.354980013254332910e-07
6.765519905648286997e-08
9.968413764413543123e-08
8.587323562863310810e-08
1.854895389864046420e-07
2.774262885587576695e-07
5.610558230039298735e-07
6.141640046208889751e-07
4.015850222591223401e-07
8.820998693945298601e-08
1.089227313500477530e-07
1.637183561779888381e-07
1.891085974434590141e-07
3.220448414160022608e-07
3.307840484754489318e-07
6.601340073550792283e-07
5.413965193848547031e-07
6.941187491880500619e-08
7.973770019998512012e-08
2.038825129482767870e-07
2.193899607464481503e-07
2.347085267581473631e-07
4.297447660788023993e-07
6.033201325627670831e-07
6.070877501209039040e-07
1.654454808836105341e-07
1.673925693793619898e-07
2.719369784025410606e-07
4.121689759394330236e-07
6.314051802332297274e-07
4.994900817236196750e-07
7.163466843472188897e-07
8.087725304778081897e-07
2.423574296979368831e-07
2.944860992813225340e-07
1.587446162356175863e-07
3.385660198790443391e-07
5.601163332692995155e-07
8.717241748571872579e-07
5.250089801601339278e-07
6.766795971239548170e-07
