1.181755239821913632e-07
-2.753779872154129707e-08
-1.672305273561876661e-08
4.040935250089341753e-08
8.518666906713667590e-08
-2.713905617512308942e-07
-8.299180600438875958e-07
-1.066992335173287007e-06
5.351862869477982537e-08
3.182781640137043303e-08
-4.475695609257480588e-08
8.197129703487407225e-08
1.996395759963560412e-07
1.964273950669790172e-07
4.481800259049267278e-08
-4.661656468131679411e-08
1.646825949054357922e-08
1.571524142055382319e-08
6.895214967502666030e-08
2.028998491392721535e-08
-5.609367552582531990e-08
6.777198662217589696e-09
-3.826449965546633871e-07
-2.275981443067391022e-07
8.537563635592463353e-09
5.351472237088106260e-08
3.729278202949898629e-08
-2.594185340698581610e-08
3.432970446550159591e-07
1.267175208896694254e-07
-2.102064165166660600e-07
1.190215444160071879e-08
-1.810999996916855133e-11
4.068236993556751272e-08
6.226273734085301154e-08
1.187982003871503055e-07
2.837561963986226116e-07
-6.141645337083708686e-09
1.996354569468025630e-07
-3.344230159518970334e-07
-1.891181364967225304e-08
2.128354038316879982e-08
1.851821809796195849e-08
6.306161210241848048e-09
2.134205625717692772e-07
2.335148348483350390e-07
9.297346529026597600e-08
1.369497305791871666e-06
3.261732140451981418e-08
3.136590423877050157e-10
2.906718623569508140e-08
1.873903321206125409e-07
2.425307767767702915e-07
1.034864904942721219e-07
-6.519398611144621283e-08
5.057915484289115791e-07
4.754119090526213095e-08
8.936387105610825711e-08
6.272965947797018401e-08
9.447019713869187593e-08
5.662403750091350689e-08
4.876101399293182125e-07
-6.085777463743342899e-09
3.739509074126528440e-07
6.027920503283287224e-08
8.681030250508818640e-08
1.108090078456939159e-07
1.841300690298537628e-07
2.557997666939157534e-07
3.054165634856256583e-07
2.245484409922249704e-07
3.438637680492222162e-07
1.919978417493651403e-08
5.896320027597865447e-08
5.619711005847165600e-08
1.584244084456315914e-07
3.102312008258898448e-07
2.349211301949312240e-07
4.648718239421116032e-07
7.875482195402553809e-07
3.853993694411818196e-08
9.655583257201426047e-08
1.125081189109646600e-07
1.441640070126787253e-07
5.413778804173167553e-08
1.646874895783380537e-07
2.340473808977716038e-07
3.858531955631881040e-07
4.359360128995175412e-08
8.462145087400008576e-08
1.192809270548207874e-07
2.041154487764450154e-07
1.343196470901055825e-07
2.017359983572285950e-07
4.994510441513129243e-07
-3.135364910286794407e-08
8.211691561471026199e-08
9.427728402793779585e-08
2.469070299635514890e-07
1.448805666027369980e-07
2.577064640992237495e-07
6.982364009174479093e-07
5.931009403276051386e-07
2.006050969183352207e-07
8.465650398985846361e-08
1.370900181347745666e-07
2.273126628698191494e-07
3.191331211266995243e-07
4.758022316219670870e-07
5.842138414797692800e-07
9.349855863875661313e-07
4.279535576395206777e-07
1.691671052098647533e-07
2.306980534980408403e-07
2.546564475602938792e-07
5.124951285864285161e-07
6.496544419108017301e-07
5.959085453124126011e-07
1.062926044411154927e-06
2.237310144943693919e-06
