-6.143888124671136759e-09
-6.933021005946865480e-08
-1.688459880270599347e-07
3.231137728186209318e-08
-9.807826628149612556e-08
-3.134578278360846837e-08
-1.681875526218360110e-06
-7.253819268587976521e-07
5.567543518735280913e-09
3.265522547329783658e-08
1.338825027813271741e-07
-1.601370069814944465e-07
-2.076852733235237388e-07
3.361417684751708709e-07
-1.150284268984260091e-07
1.246032960601884498e-07
2.869168129846042407e-08
-3.342018654579822348e-08
2.369546547813319190e-08
3.621369003422923965e-08
-3.791785892264159846e-07
-2.550472397035088665e-07
-9.999215710925568296e-08
6.381129735605421838e-07
-2.377891726705271377e-08
-3.430786097137862826e-08
6.083262372298508639e-08
-1.715526261487315153e-07
-4.147996846350718994e-10
3.079234711501184433e-08
-7.021244939516030121e-07
1.365594496681217610e-07
2.301850392079856467e-08
-1.848506933309587384e-08
1.029193477699155189e-07
-3.549984627809048950e-08
1.372932041534462746e-07
-5.616542291476443723e-08
1.911426266496118544e-07
-5.380628541014062733e-07
2.768066936635573091e-08
2.465413032195614992e-09
5.483915538103528186e-09
9.878255554967522073e-08
-6.921997217110699299e-08
4.876337892677170844e-08
-2.862951476562885267e-07
1.010398952289014423e-07
2.699116195837471844e-08
5.248365785751593472e-08
3.933060575035889299e-08
4.963415500742137783e-08
1.769031299330005684e-07
2.006852288184225631e-07
2.816057859781984888e-07
1.158295159565858062e-07
1.596869096519854594e-08
7.069969909748157864e-08
-2.384229646968015082e-08
2.001246353647843735e-07
8.798147523882202609e-09
2.434405129648905599e-07
1.395501678494242528e-07
-1.973056345576710366e-08
4.220076431606302475e-08
8.234022463330714561e-08
4.381890869282449853e-08
-1.702892498069269699e-08
1.364103613826265151e-07
4.474666119830409326e-07
9.218749320226338646e-08
4.395672240031597504e-07
7.575857829012874408e-08
1.008025381568783082e-07
1.580457850213324971e-07
2.150656398998130945e-07
1.708089325535870607e-07
3.264959467975320012e-07
2.072131964307567130e-07
-1.058791145054652780e-07
7.109942353880060195e-08
7.609241841980294712e-08
7.248724700082911473e-08
2.080512665892693601e-07
1.878448779142906747e-07
1.576034395836888053e-07
3.227535447106506832e-07
3.350056616841108881e-07
1.087684739842407507e-07
7.806600443789920589e-08
1.307036666697983801e-07
2.142081120009052573e-07
3.788975607531299494e-07
1.887199965973090498e-07
5.588772443526589852e-07
4.027942108303877912e-07
1.102046748950424920e-07
1.238518855438812808e-07
2.833403089884668033e-07
4.330212892565422051e-07
2.666776724563363819e-07
5.486927425424250423e-07
1.066432373635376864e-06
1.261578096148034757e-06
1.705031179988043926e-07
1.415810738825851989e-07
2.384396107510866379e-07
3.053902632433615239e-07
3.305592721204869125e-07
7.412401364003914178e-07
9.029299608783922377e-07
1.219438504349574778e-06
2.570762323116584803e-07
1.451982857140222278e-07
1.572584146728686902e-07
3.206724178994641858e-07
4.987722656453676071e-07
2.176544568649151473e-07
1.374744868523025974e-06
4.003091348948288437e-07
