4.041072246619668481e-08
-1.528991492408615570e-07
-1.339405682502878492e-07
3.510561791581233475e-07
-1.732326266591506304e-07
6.397071192552371596e-07
-2.133455423616364714e-07
-1.295349557209082033e-06
1.932556076417301708e-08
8.131122933197113414e-09
-4.757928300270527728e-08
-1.206213207528951627e-07
1.671078911101582940e-07
1.871727678756830754e-07
1.044273156192592402e-07
-1.088643678315254533e-06
-3.821654312489651744e-08
8.258705895428743764e-09
4.987793193479464587e-08
1.023625137879898491e-07
1.210615460300237676e-07
2.123091508170407417e-07
2.574050248085129879e-07
4.610829317191247267e-08
-1.486147121677925568e-08
-3.474197029844119118e-09
1.542730376190399175e-07
5.100043884731380558e-08
-2.907916302808764516e-07
1.977852877117433389e-07
1.115832389582026504e-08
-2.692641678107226485e-07
-5.112322845965106506e-09
-1.336115325617951866e-08
5.692045786390242192e-08
9.631205900238524285e-08
-1.226653945663056021e-07
-1.709206827892087445e-07
-5.783679449322203378e-07
3.803632091683019590e-08
2.772627411333966309e-08
-4.711232844419869277e-08
4.765098978834459608e-08
-5.277836247943136917e-08
1.655586316821525497e-07
-1.335139774403738152e-07
1.016481151065661729e-07
-3.105459585185411693e-07
2.608784768712626172e-08
4.374418682590924676e-08
8.498882471509998647e-08
9.468688436540615765e-08
1.905885723641706680e-07
9.463228274057950131e-09
2.336647253919473736e-07
-8.351515169975647880e-08
1.616331356235657659e-08
9.366201598784851861e-08
8.977181064689030197e-08
1.460343163053953774e-07
6.342795695587791492e-08
3.711955676292352084e-07
4.851333347665008938e-07
2.082450272352751950e-07
2.732767153948948773e-08
3.202692288531271646e-08
1.502498753281617746e-07
7.362742920124237164e-08
8.675538026443606316e-08
4.383388712867842070e-08
-4.731287090051945131e-08
4.274083809254159866e-07
7.963804383149869251e-08
6.856407354244849333e-08
8.581346289261575786e-08
3.854581976359195502e-08
1.434626799618214684e-07
2.888645835294182591e-07
5.329941802386087371e-07
3.093151325513627990e-07
7.826560926490091711e-08
1.070681707852467882e-07
1.352266155841098476e-07
2.330066791149913832e-07
1.680522516163740294e-07
1.965088917606160565e-07
1.995749058907518231e-07
2.479835139489804159e-07
8.863968138096815499e-08
9.240249306023341036e-08
1.207145408709847410e-07
2.786104377409173760e-07
3.632738508632530321e-07
3.041145133892357804e-07
3.806397345813706325e-07
1.169514316075945220e-07
1.024824610406836629e-07
1.597071367285511489e-07
2.422054383031654975e-07
3.147845368128144643e-07
3.922134444187856247e-07
6.114777784851581912e-07
4.953132767050844445e-07
6.373343913595501835e-07
1.197350656483488268e-07
1.896690158558279326e-07
2.877386182953579772e-07
4.386492131316113219e-07
4.496684968502678979e-07
4.110542021142419418e-07
4.072530818042533397e-07
3.275830291751895499e-07
1.862945003907881539e-07
3.084220470116996614e-07
3.727336645797202346e-07
4.919058503448027039e-07
7.478213527949909415e-07
1.017429806749909089e-06
4.901558220554797330e-07
-1.220364906094761770e-07
