3.799947362552387583e-08
-2.423374506609344346e-08
1.677353165810791545e-07
-1.262344181891857202e-09
-8.861021348105632412e-09
-1.129077052189855681e-07
-8.034410629111713285e-08
-1.144764336061140209e-07
3.746131408664547633e-08
4.188607742164048430e-08
-5.960140886988632282e-08
9.630019121234691154e-08
6.745108277699823091e-08
1.203128121379121109e-07
2.259181366802551134e-07
1.213035999786106086e-07
4.060431206809044847e-08
-3.162702672542648927e-09
2.577014026705114812e-08
8.030585224969777927e-08
8.846505794012185494e-08
3.940764592825105401e-07
5.266353028523055296e-08
-4.749230944977755549e-07
9.481263966959475247e-09
1.209468125930176700e-08
7.502597024506325795e-09
-7.433462793712904313e-08
-1.320854976190612665e-07
-1.429392824808762983e-07
2.630497320069336498e-07
1.063112860520492105e-06
9.634492670492242106e-08
3.833216034420216806e-08
-1.228446010040600880e-08
1.773724277398628800e-08
4.680902953532867909e-08
-2.748522564717326402e-07
2.091007810106349359e-07
4.143491945141903868e-07
-4.003986258933599986e-08
5.086411947566025821e-08
4.553819572956036299e-08
-1.332323350302025305e-07
1.748304045675279773e-07
-6.422478344643442044e-08
-6.776746485560649855e-08
1.766000432030356274e-07
4.496969015309195945e-08
5.633970373177983586e-08
7.394717650383613152e-08
2.100199705048282692e-08
3.164744319189200318e-08
2.952126119835815964e-07
1.689511024398497451e-07
-1.256562371330867528e-07
7.136019614157173157e-08
7.094842528271372449e-08
1.522067100860093016e-07
-3.556398335153658445e-08
1.441138070924717554e-07
2.305279505248495814e-07
2.159774815998851181e-07
3.748085931986880261e-07
4.111782135759499350e-08
9.281447800798850006e-08
1.155356724529204260e-07
5.463192732107411431e-08
2.150622899953119540e-07
7.765426677263754105e-08
-7.995345401598545108e-08
-3.702364068229989146e-07
6.912022652799851586e-08
5.768103105700311913e-08
3.462446419073504637e-08
1.524150704469572049e-07
4.090751289902281184e-08
1.709173182732512769e-07
1.683396243663417992e-07
7.878654332914899545e-08
9.640385358826029592e-08
9.649343368563084390e-08
1.037741559225017496e-07
5.360600352249772101e-08
3.604419975146228691e-07
1.756687857053740162e-07
5.079979935317336890e-08
2.327463422036056852e-07
8.780337822929977650e-08
1.381205308004220068e-07
1.800640243417237674e-07
1.013668842746758836e-07
3.118369099753868962e-07
3.958492634657818967e-07
3.862712975745557066e-07
4.650118828112816492e-07
1.348483534235861430e-07
1.653801340392953661e-07
2.752735535239147862e-07
1.463092822140068783e-07
5.847198987814276627e-07
7.931442189418347490e-07
3.475982871983859116e-07
7.050990120699488776e-07
1.849467062772422884e-07
2.806950299644636752e-07
2.226000858277505189e-07
2.500260988102743674e-07
3.785344298127549146e-07
5.618070165916113278e-07
6.749197633316065151e-07
3.783643562625252426e-07
2.103415747388242847e-07
2.247529658758603435e-07
3.402471400807423512e-07
4.514313704606984735e-07
4.671037844115814706e-07
5.327085523045391540e-07
7.067820911164530490e-07
8.162573319344627726e-07
