-3.544569492650338522e-08
9.956227822401090360e-08
1.586312282308119975e-07
2.691835817990751584e-07
-5.382439625555286428e-08
2.961043816545535721e-07
-9.275555612983889220e-07
-1.649070725862546956e-07
4.438479368753256058e-08
6.816550588103575558e-08
3.964479683074259434e-08
3.367308228696624538e-08
4.493311297340060685e-08
1.087625902884941023e-07
3.594109383368063211e-07
-5.962956966384716944e-07
4.802427286339947117e-08
-4.692029774198565290e-08
6.517384302357966155e-08
1.105276117048573426e-07
2.498442915476000974e-07
1.391875986221487037e-07
-2.524919772475685445e-07
1.962286457751481321e-07
2.868968545415883314e-08
-3.365849161867432420e-08
9.222946045418144787e-08
6.039385855111159022e-09
1.658704361551137115e-07
-1.284273228173096273e-07
2.426659717916098722e-07
6.011222690358078388e-07
2.142541044158002689e-08
-2.732902010510432065e-08
1.216935377810726576e-07
-8.806260138873835400e-08
2.104192857644441392e-07
9.692288843971120536e-08
1.936944536442365202e-07
1.034814457681117094e-07
-4.958646161495703321e-09
7.591385853872081772e-08
4.597542636200942420e-08
1.545943654807291172e-07
2.339932300577730569e-07
-1.371304126181698562e-07
-1.391077547281143770e-08
-8.555702074118348444e-08
2.492424773874984482e-08
4.737720577625609559e-08
6.189929764926094094e-08
-1.646720082735919957e-09
1.132499009327012833e-07
-4.810718018995233945e-08
3.438620982280398483e-09
-1.642228538707709897e-07
3.198610586403261038e-09
-1.022846570374208094e-08
5.773660383294539831e-08
1.980736967498747078e-07
1.408449338434796276e-07
9.076052443742374384e-09
-1.908508562628517141e-07
2.817846971408260743e-07
4.259557693411841319e-08
4.391072806774335378e-08
5.929092238721142352e-08
1.473463848513398630e-07
1.811097156794933345e-07
1.523238823474038169e-07
3.505610520481392530e-07
3.015408296188449465e-07
3.150396634141882875e-08
5.061830644975700704e-08
1.175283143879426179e-07
1.846151113812963494e-07
2.569698595979039035e-07
1.922152104441792320e-07
4.166261720726938794e-07
2.596134099070332785e-07
4.933229817111542250e-08
9.840213080511505194e-08
9.474755765477515940e-08
1.737060089499083641e-07
3.203630365219356600e-07
1.199615733652064198e-07
7.709480071209385980e-07
6.804885094891372992e-07
8.163489382328122862e-08
1.346074496859697347e-07
8.477739349071089746e-08
1.044474401743331350e-07
2.589729068094929256e-07
2.162045263501421094e-07
1.021006893199047198e-06
2.295216921205256183e-07
9.292842153256344421e-08
1.049270199230771432e-07
1.296068275012956825e-07
3.356475851086323385e-07
5.291189303148018055e-07
3.771705201644142456e-07
7.356646111311969946e-07
-2.166031689484669671e-07
8.706293025038925323e-08
1.859185898689875152e-07
2.468146145952276077e-07
3.131222752482888434e-07
6.770367129230507831e-07
3.107202368063999577e-07
3.658006508504957059e-07
7.669526283933648794e-07
1.722848331321389797e-07
1.824626421818728059e-07
2.475936968161195492e-07
3.802748832826140595e-07
5.828298786702320969e-07
8.807219524035361323e-07
1.303601493250738603e-06
1.033690535150744782e-06
