-1.617349145636146290e-08
4.741061026545519228e-09
-3.064231256011135347e-08
1.034850808131590034e-07
6.402821382469715272e-08
3.976085961708768937e-07
-4.715859811668187274e-07
5.432918947504590992e-07
1.010640090862626134e-08
5.145121613276379656e-08
4.803036962626110441e-08
3.202147746000496143e-08
-8.987053939700773695e-09
1.944757585209066240e-07
2.574257315391376177e-08
-1.814383552012521072e-08
-1.065799007080676499e-08
-1.557418267014686114e-08
2.650566156368493864e-08
1.312250826625480515e-07
6.136995618715824157e-08
1.347404796746246497e-07
1.298201185912071977e-07
1.561770019485943812e-07
-4.042010534963060129e-08
-1.473220078689117284e-08
-4.688916243127393476e-08
7.789583694145309840e-08
2.517087407661035854e-09
3.049307861734517116e-07
-3.035679383404938997e-09
5.968238360738744138e-07
2.486697972869415635e-08
9.642968958172113907e-08
5.124727117165544796e-08
-6.474287393035022013e-08
1.529295016628289271e-07
-4.166489586374183331e-07
-4.134089845387511382e-07
-6.373828046046440281e-08
2.825826195004183609e-08
1.820695127628219558e-08
-1.272484555461722559e-09
-1.189917269324104898e-07
6.493265481782325964e-08
1.547462162313062923e-07
-1.125483402795509941e-07
-3.115321029881997620e-07
5.124108432064053273e-08
2.708173520331471343e-08
7.241695251539243388e-08
1.736979508064530301e-07
1.758325724659164742e-07
3.805086999221049243e-08
-1.965516055635923455e-07
3.237225437595599107e-07
6.433457042177549198e-08
8.678664750292772965e-08
6.330196346805243841e-08
1.264407384298304322e-07
1.906774797082529230e-07
3.183648180892314871e-07
2.680680010881391704e-07
4.092114122713792809e-07
3.395075792862178393e-08
8.526118354020583717e-08
3.690015082223171110e-08
1.989176219159578543e-07
1.971634408163901387e-07
4.611529933080775044e-08
5.353021429587621750e-08
8.626916171345932114e-07
7.877353516958418363e-08
7.172717737735320232e-08
-5.822405983449374420e-09
1.714502281464962771e-07
2.688554017176722556e-07
2.745841561923414911e-07
7.499889950387845947e-08
2.205118691740684048e-07
5.263414843297603257e-08
1.622309113599967980e-07
1.154714098125302945e-07
1.423013357679900783e-07
2.963252131816138760e-07
1.988247245334058298e-07
3.606409149968849462e-07
6.195130044963472364e-07
1.037416893929323641e-07
1.007701363237325898e-07
1.122295671279459123e-07
1.851944312922307465e-07
2.899903040438029943e-07
2.091815999559551121e-07
4.702646152250742720e-07
7.838536191120514674e-07
9.841622114798243317e-08
2.219956305265541200e-07
1.581154275035719634e-07
2.326107260309662569e-07
5.910473276806921739e-07
4.974498207332336272e-07
5.832183750669535460e-07
8.108415969459674998e-07
1.533741976862788861e-07
2.322857541259890841e-07
2.013093573670847738e-07
3.177145843793395856e-07
3.234028027994656918e-07
4.063152477730789953e-07
6.053908213446094355e-07
8.316394300771912751e-07
2.204502769719798765e-07
2.827957475092554203e-07
2.798005064708318796e-07
4.406341031102466353e-07
5.573708089287458321e-07
4.509424488853665080e-07
1.286603368367809269e-06
6.119173661340521922e-07
