5.768965822675542425e-08
-7.005188529403270818e-08
-2.087539939259215118e-07
-2.205602559449455450e-07
2.332032529288597062e-07
1.220835030906291838e-07
3.094189332070001033e-07
1.851165359210689836e-07
1.294250982045631360e-08
-4.314052324958439472e-09
2.285370294439077359e-08
-5.191530401878668416e-08
2.202940793674716346e-07
1.531624375794735850e-07
2.799985598374828954e-09
2.954293290855990787e-07
-2.384733657830637431e-08
-4.422206811101933689e-08
2.082163489399467920e-08
-2.808430605599334474e-08
1.354421346361379023e-07
-2.091162830137681223e-07
2.900878669295355580e-07
1.158225331466322203e-07
4.243300456771674708e-08
2.468223176514074952e-08
5.919242553004631655e-08
-9.923361589349681394e-08
-8.884494158123278768e-08
-1.456662596494762124e-07
3.027889439156557490e-07
1.963478086012368212e-07
7.583334385726841231e-09
1.807381639054762975e-08
5.758619376224043177e-08
-1.186611888640020347e-07
2.019106217138478579e-07
1.411209162185251002e-07
-7.278323352174342572e-08
1.188239697843626330e-07
7.459565408620543217e-08
-1.703736701188043464e-10
7.663668948406602506e-08
8.724249487881069845e-08
9.771764952660482944e-08
1.597276649356321549e-07
3.872285965041569183e-07
4.695646756591742698e-07
6.645560606808389596e-08
6.451119950000638930e-09
1.353085597915814978e-08
4.521216278673564974e-08
3.180158595935876117e-07
-8.467501051922917709e-09
2.613134881233803564e-07
3.283756661221322856e-07
4.823717245956574487e-08
5.578233806479672810e-08
4.316364494089287420e-08
1.077480002573771745e-07
1.594640038787225826e-07
2.433561957546809365e-07
4.784104426791354751e-07
1.401297067802204611e-07
3.539014839400406775e-08
1.904138269155073995e-08
9.644525190899049399e-08
1.599544994035942995e-07
2.592554426050096307e-07
5.721024872381308356e-07
1.314893314213578929e-07
-8.649059170816967968e-09
6.152557669389734621e-08
7.417674594081765728e-08
9.632421699967071842e-08
1.079482385732875800e-07
1.638341765602303836e-07
4.153252976600977922e-07
2.030928525828802401e-07
1.935259624722207917e-07
9.431071801905082914e-08
9.464213942385320497e-08
1.996128372279740934e-07
1.617988772665035203e-07
3.298315974247803582e-07
4.220299786594623193e-07
1.548363625372958027e-07
5.510767976486519118e-07
1.003389255063543787e-07
1.395538884724887927e-07
1.548912962954512814e-07
2.165151641643615714e-07
4.010806261817102557e-07
4.136734747799207534e-07
4.586120445119126781e-07
2.229826098687835259e-07
1.506216744259324422e-07
1.727975233391452159e-07
1.926026875675521470e-07
3.264408826168492822e-07
2.406769883648867998e-07
3.297388241627414019e-07
8.328768570014159328e-07
6.851904289100057447e-07
1.241575341294411624e-07
1.913162502993722256e-07
2.357467635322937819e-07
3.612540380598919186e-07
3.856751380512387586e-07
4.352372299734110886e-07
7.066723095911032913e-07
2.298978853777651186e-07
1.352572251591612234e-07
2.244063158500227707e-07
3.476119384590020351e-07
4.338115876549650280e-07
3.755796104366722653e-07
4.220142698991113710e-07
2.686302652117654886e-07
1.689324362838645769e-07
