-5.705318188090671749e-08
5.262109766203780132e-08
1.026903570867898013e-07
-4.132074274879038048e-08
3.291752226164390990e-07
-5.344049796847516815e-07
-2.449530051352048563e-10
4.060515249179980383e-07
-2.900617097309188751e-08
-5.190144965697023204e-08
-3.077188148972953970e-09
1.148606006218458668e-07
8.336858925562620711e-08
-1.594884560215322309e-07
-2.205370399349258179e-08
-4.858225944146248296e-07
3.389893027658787099e-08
3.412516529744060154e-09
8.280053191711397257e-08
4.395545357069926873e-08
8.720670090976311375e-08
2.724398028056688273e-07
2.985737840935932972e-07
-5.362160349934662889e-07
2.160134547063020983e-08
-2.688122585984765897e-08
-5.677757760700619161e-08
-2.145045149966889631e-08
1.968957624602817024e-07
3.131555880710591452e-07
-1.546414298521318301e-07
9.173635288172415709e-07
-1.082878296566721110e-08
2.255441852495880589e-10
-8.763335934920892666e-08
1.339169128794046530e-08
2.239860624835964855e-07
5.101316826826491997e-07
-1.382983318761843223e-07
9.745103096019079304e-07
1.175578158880197898e-09
-1.903283768002625369e-08
-5.898843571009329104e-08
1.191358037083217356e-07
-7.017533916713359333e-08
-1.353640336445087006e-07
5.139004286034797737e-07
-6.992839448284470448e-07
2.080738969259974358e-08
4.132091831014868753e-08
3.912881243077660360e-08
9.622735571869564626e-08
1.024778735730374315e-07
3.712460519813630694e-07
2.360900678608143023e-07
4.506091303316264255e-07
2.661233540583223018e-08
2.065820313026956508e-08
1.639580881692069607e-08
-1.902763917781216470e-10
1.228295198094507547e-07
3.450497349660826047e-07
2.585126131994062258e-07
4.662282815022474693e-07
1.344641962737776403e-08
6.833006757918145758e-08
1.205459413794207563e-08
1.436686843275113567e-07
2.056531855730214992e-07
3.125409449467485787e-07
4.783411852890466492e-07
9.227888526944468286e-08
7.962819427713244386e-08
6.499016173801352366e-08
1.837730256075925871e-07
1.688544043947479467e-07
1.776438316687652233e-07
7.033294952333443486e-08
3.336047857560598777e-07
2.812645782595709724e-07
5.586272911094195177e-08
7.976693985032363643e-08
2.063967881930612985e-07
1.291781248754788218e-07
3.671443190068304615e-07
4.625276793110541600e-07
3.302056053409940063e-07
6.711575399519371859e-07
9.772247336730903656e-08
1.294340320552061960e-07
5.814239449032730110e-08
2.359565754088173484e-07
1.886892364248254692e-07
5.515814115451309790e-07
2.255344205730097962e-07
5.626463739575183343e-07
8.241937247493692342e-08
1.641895124542163819e-07
2.501079224061523911e-07
3.651575065583088776e-07
9.566416062029710353e-08
4.757843931352442057e-07
1.208259153814346679e-06
8.559059300365023014e-08
1.490409204894701832e-07
2.032457314008616999e-07
2.254564902454753971e-07
3.258989332695852496e-07
2.551710847075033698e-07
4.017362469667634736e-07
3.950081300885941745e-07
1.020022387406260481e-06
1.984258980135968178e-07
2.251618449148907995e-07
3.603969419374891761e-07
2.952653832376352028e-07
3.666678406162719896e-07
3.536353618240483798e-07
9.967677648216830377e-07
9.691395354839007265e-07
