-1.508259057712468279e-09
-1.462546395578216165e-07
1.317234683564405149e-07
-1.793257459458354514e-07
-2.261463717045424589e-07
-7.873101066115126448e-08
1.026985130000541601e-06
1.431007121048808407e-06
6.301285175460984586e-08
2.552127392261841375e-08
1.131092314012728075e-07
-6.096064176911026421e-08
1.742341094104468565e-07
-2.128287699364119452e-08
-7.802969447862284202e-08
2.485424593580446389e-07
5.729939277970893722e-08
5.194577762826361273e-08
1.393688314663119707e-07
-1.007289474386841681e-07
4.199548817209258045e-08
-1.058251236462489942e-07
2.474904294008811815e-09
2.009927946813044651e-07
5.695642831484981749e-08
-5.979761861287945826e-08
-1.780268544343852262e-08
-1.700527495951118725e-08
-1.652781969095632775e-07
2.592805762532151143e-08
8.475510886614948984e-08
1.486980348113189578e-07
3.280846569827576807e-08
5.567372843286688233e-09
-3.842717149310170147e-08
1.912646913318775969e-07
3.174355189479737673e-07
2.032334483597813882e-07
1.829025189291774136e-07
-7.429584989121328634e-07
5.455615737119803049e-08
8.441726989325434787e-08
-7.742255535159870938e-08
1.298560507368084615e-08
-3.558363444757719094e-07
-1.105608285205583828e-07
-1.010667180297076131e-07
-6.614571995188344665e-07
2.612514244345408695e-08
2.942011364069576864e-08
1.103021487770935012e-07
-2.175806443216875230e-09
1.303271266825632960e-07
8.445264696124994854e-08
4.333242314937013726e-08
3.581517758642415011e-08
6.389341317297153052e-08
8.011811994860001750e-08
1.452132855515921893e-07
4.420649230260943258e-08
2.403122359435171669e-07
2.081972503624996364e-07
2.277927096197739118e-07
6.073375793611018352e-07
9.904062825956716571e-09
5.278976191440603867e-08
1.104771448602225309e-07
1.718121058756959472e-07
1.962149587910904381e-07
5.169518103723150075e-08
1.659024990727353370e-07
2.777898752655198658e-07
5.277785775497626364e-08
-4.282535037961349905e-09
8.146061106944749920e-08
1.098536481738809938e-07
9.736041464397670268e-08
2.683393781430188658e-07
1.951790651968330410e-07
4.893811312502046175e-07
1.112856292716499502e-07
1.006143378464517057e-07
1.233977021463915216e-07
1.674688827910043625e-07
1.695760915633407767e-07
3.577401480513188477e-07
4.769168631281654164e-07
2.444109641527936850e-07
7.823913390893409788e-08
6.520746771864319653e-08
1.749460155051563001e-07
2.156657817910993582e-07
3.157818336395661678e-07
1.383804651389471705e-07
1.011122731769705110e-07
5.086092746368417873e-07
1.762229591813016709e-07
1.385029461415317365e-07
1.850552485523313232e-07
3.041122037097636734e-07
2.289333859828293715e-07
4.001324290478541789e-07
1.271152826313934105e-06
9.750485514429961377e-07
1.675677079810004769e-07
2.170545311609848848e-07
2.094845743419306201e-07
3.747774773383751881e-07
5.045160297828222535e-07
7.266601273640042108e-07
7.284260460798906872e-07
6.575347534069238612e-07
1.587291298957957965e-07
2.540792346763924261e-07
3.085634294790697675e-07
4.874867402583519967e-07
2.362262465679503938e-07
4.852693607647220555e-07
5.865176395254137419e-07
-8.803844524026222908e-08
