-2.820827345131781669e-08
-1.806688813825970198e-08
1.729246566660063275e-07
1.508476986343296251e-07
-8.710713704667369359e-08
2.585721585585030967e-07
1.708420230554811803e-06
6.877814991267300453e-08
-1.016731169718820572e-08
5.948342356592870192e-08
6.736119838478997546e-08
1.302642343990211637e-07
7.736661265130285278e-08
8.293022443902455573e-08
2.926018973318992315e-07
9.576454194958760180e-07
-3.333324088370383102e-08
9.533000872289603686e-09
-9.006758186027884685e-08
4.461058273894276912e-08
-1.535468683111532016e-07
-2.304883198791339191e-09
-2.392912386272672430e-07
-1.294377678982954599e-07
-2.633463218223104453e-08
-7.615145138074130939e-08
1.475644416209045536e-07
9.260864321605376024e-08
-8.706063553187415665e-08
1.715146558662990856e-07
1.713281701826587163e-08
4.925382564532701886e-08
-1.912438742188729244e-09
-1.353395534075449521e-08
1.987719956256612139e-07
-4.130602556383234925e-08
3.509674882296416091e-09
6.514724670551563224e-08
-2.073601439030380919e-07
2.019551446241790590e-07
1.060655795405924409e-08
-1.225000967429787573e-08
4.806287607215914556e-08
1.794131774139118348e-07
2.987578481514396297e-07
6.367152638197968894e-08
-3.606099258434102836e-07
-2.186179577795879840e-07
8.204832846308706688e-09
2.987694817627193716e-08
4.314336806192143316e-08
1.352148986718944435e-07
1.308301959898106805e-07
-8.219418131216840375e-08
3.697638756818186131e-07
1.674780199127683440e-07
2.266879117057969592e-08
4.922564347759600904e-08
7.988807065629340576e-08
-2.089754802797665892e-08
2.130451352792188785e-07
2.399361735697957326e-07
1.674375483484740612e-07
-2.492346786456759488e-07
6.668565277464577690e-08
4.894036611549221215e-08
6.301438269723725536e-08
-2.283856189603906338e-08
1.143286812186234109e-07
2.751654839766656962e-07
1.514567822216803883e-07
7.053851241612874473e-07
3.419587059048112222e-08
9.668429240872240247e-10
4.453723718658469868e-08
2.175943644853438235e-07
1.984115905988440733e-07
3.185852025164496548e-07
2.629247290089457563e-07
1.434873615519410471e-07
7.864492563919567199e-08
8.336283419576259874e-08
1.503527682326406184e-07
2.288499427566413920e-07
2.126574387978020659e-07
3.166837667190799420e-07
5.758671396293345533e-07
1.567454358507989431e-07
8.638131741098136160e-08
7.184308355580185755e-08
1.773169189111201408e-07
1.409409806667892312e-07
2.442104789881143062e-07
4.089059810663070158e-07
8.083513909764529330e-08
4.987431558547792102e-07
1.727304961994054374e-07
1.707794761471889712e-07
2.573938588145926140e-07
2.833882321933500311e-07
4.412983407996313701e-07
3.992658078049538175e-07
7.624459604257286696e-07
6.270447062598546269e-07
2.233223273983965878e-07
2.191961856283324902e-07
3.067539565276300786e-07
3.458375323627896369e-07
4.819424711276168457e-07
3.804153696678670003e-07
7.277930548805581357e-07
4.103894951052336581e-07
1.732677405473300290e-07
2.286637882028549550e-07
3.564411517922559358e-07
3.221355778026794377e-07
6.847818829629335433e-07
1.079053043373976684e-06
1.265082392089166144e-06
1.405973546028975443e-06
