-5.723814600601933340e-08
-1.495144017294748295e-07
1.252141064449771646e-08
1.243915789451606795e-07
3.410674772927157691e-07
7.394818471492995407e-08
-2.001399423005455461e-07
6.426369086029981458e-07
1.151361745471997964e-08
1.209692401902737555e-08
3.434741106708296970e-08
1.658482661015335111e-08
3.674815124657212249e-08
-2.281179407362375957e-07
2.143986718261182850e-07
-1.308806574850954172e-07
5.220249797278004016e-08
7.624519664280242633e-08
8.712444356047852359e-10
6.075910983191732004e-08
-9.922226220166267362e-08
-5.903188931296634222e-08
-7.487541536240759637e-09
-2.576265055587417225e-07
4.295799063830875935e-08
-1.552222617850326426e-08
-9.446617558826286633e-08
8.438808590946696987e-08
8.633533588075246473e-08
-2.641600836126543392e-08
3.065541864985474922e-07
-4.563952475304271202e-07
6.174843560813119004e-08
1.710624264222189484e-08
-7.718308343512144075e-08
-7.661077124282700831e-08
5.734221180583037550e-08
4.063113390197466971e-07
8.248802704160408375e-08
-2.472748453741740674e-07
2.358791109350266732e-08
8.892109691211505145e-09
-1.926016814281477328e-09
9.799886174625989064e-08
3.125871350740318494e-07
-6.911501553554983760e-08
2.789585141539247469e-07
-1.043805861433528028e-06
3.382445990003281428e-08
4.456232357448299633e-08
6.898185717613420088e-08
1.752895761879904134e-07
3.770803223215197728e-08
-1.782570211451469333e-08
2.657693020319606568e-07
2.227908377135462894e-07
2.808673160668330414e-08
1.077593896611287241e-07
-8.254421040043238591e-09
1.447298722768862943e-07
2.396387684066955357e-07
3.203957968733521472e-07
1.531098772586316138e-07
-1.489604321474860754e-08
8.067303986651342756e-08
3.788251379802382880e-08
1.005199771091633815e-07
2.056225476921124597e-07
3.252463355216936509e-07
4.373163352448519141e-07
5.380974214058513329e-07
2.326138151351662999e-07
9.137528582940562003e-08
7.930959720973496036e-08
1.013380841618450908e-07
1.739522135831733432e-07
1.569594547864726081e-07
2.047768207536978476e-07
2.713148677870848639e-07
-2.821541795124641320e-07
7.915835954649814523e-08
1.096912127612249370e-07
1.256841490384207132e-07
2.156999343203997196e-07
1.968474275656817452e-07
3.716848269693480387e-07
3.287047664742082216e-07
2.458443134336469461e-07
6.117742773895195970e-08
8.973212251277319737e-08
1.516464812913434984e-07
2.675106523791938606e-07
2.250114752976143747e-07
4.609408574780447312e-07
5.836886159692196860e-07
4.376703936794940361e-07
1.567470161466320431e-07
1.659222223346472389e-07
1.547510100147381520e-07
3.367830649137531231e-07
3.061647324304711398e-07
3.230274589964904203e-07
2.143789082573155339e-07
1.213159192842446766e-06
1.730831551558076296e-07
1.914877659099169330e-07
1.047394915732318533e-07
3.578339910092262472e-07
2.794466249193150995e-07
1.695396266319002251e-07
9.029883314554050360e-07
9.058777210895840582e-07
2.024524337286483942e-07
2.637166925265214498e-07
2.206610377608782301e-07
4.450243946602773777e-07
4.066794280251928533e-07
6.767224139659138153e-07
1.224472493731506490e-06
1.319758503885607228e-06
