5.171577825298679794e-08
1.893238885872321125e-07
-3.672318926290769251e-08
-3.910744565043862940e-07
-4.702619665650281521e-08
-8.480186317783349519e-10
-7.968831499199506394e-07
-1.001604663949208358e-06
-2.808924625001506214e-08
-6.628016140108208831e-08
2.428130974524923653e-08
1.153658087336571047e-07
-1.647573830099300689e-07
-2.698695729456368498e-07
-1.394229200267844968e-07
-3.779831672120647577e-07
2.374237727488474977e-08
-2.554152255466505763e-08
1.291440179807449201e-08
-9.764588803739529069e-08
7.491470194376553271e-09
3.676382667991107199e-07
-4.807794466984946787e-09
1.672603615578914375e-07
2.381706742457713653e-10
7.584536051175046387e-08
-3.250743892524672735e-09
-6.040231869195424034e-08
4.642905190038712057e-08
-1.763782208183512439e-07
-8.299511093958074483e-08
5.117011550176280960e-07
1.586139277184097038e-09
1.537435447327624095e-08
3.180457942063439179e-08
8.570879426178691161e-08
-1.131330296701810943e-08
-1.111524873545747627e-07
2.621729377455128036e-07
8.089065672813024966e-07
5.427498009621555926e-08
5.086979434786537906e-08
-1.965099147179108045e-09
-6.849535240818123190e-08
4.441398985062990873e-08
-5.231969245930126222e-08
-3.521404670971708011e-07
-1.337883538519589104e-07
1.156707135502321212e-08
3.081607916256645247e-08
1.196818476205908650e-07
1.834835722674839650e-07
1.496939304901629593e-07
2.478726859435935462e-07
4.584423857842908249e-07
7.434114376360098912e-08
5.129943089220161417e-08
1.312389052335947471e-07
1.549473455771399261e-07
8.667447075819180066e-08
9.041011942779156321e-08
6.734279027206574070e-08
1.803174089269031616e-07
-1.717566350215486970e-07
8.895384607723475463e-08
1.310949955114486897e-07
8.525003181343316757e-08
1.797141752387388467e-07
2.340580732632337697e-07
3.195614067095067215e-07
3.801593413422130393e-07
1.059136117268015825e-06
5.250270853655623975e-09
4.121982421152804700e-09
8.409521299698991427e-08
1.118379011068226306e-07
2.269890874060293393e-07
3.994800570402882447e-07
-1.946509921338132173e-08
2.139486340453776475e-07
6.584575930598746795e-08
8.450578968528115804e-08
1.155191849959691023e-07
2.106532206486130220e-07
1.487387712251122232e-07
3.412346675638509147e-07
6.437106139879883735e-07
7.010067190946336557e-07
7.832904223752231187e-08
8.443460408314542331e-08
1.274889469795160738e-07
1.435519746642888171e-07
2.547158758661672222e-07
2.170602940414949469e-07
5.412383352654272401e-07
4.542276990017372937e-07
1.568449657148155293e-07
2.550417449675788774e-07
2.736887314441323160e-07
1.632737523087557487e-07
3.452740480785099361e-07
1.575009974138868118e-07
8.575863204558236700e-07
8.999717825518423724e-07
1.730878266135283293e-07
1.847540931004622975e-07
2.312125848547062918e-07
2.233112219021346520e-07
4.158950867331324537e-07
5.881109781822440528e-07
8.619165796710610678e-07
8.559681580600342505e-07
1.914443243589605070e-07
2.975092341531689108e-07
3.933877800408362504e-07
4.622900142628883651e-07
5.862434361479164212e-07
7.548557598774821859e-07
7.700086640402458394e-07
2.713484329039144730e-07
