8.270254098113758086e-08
3.846477624938002116e-08
-4.218390829431357464e-08
-3.019744956006512299e-08
2.308722040839808052e-07
-7.876868575944301085e-07
-8.891787189509063780e-07
1.059379671221950609e-06
2.792468136904925027e-09
3.870379789861207079e-08
2.663369981115814937e-08
-9.490358149989547541e-08
-1.608457594288902979e-07
4.192940956730974012e-07
-4.406028100462439660e-07
7.692832130138590196e-08
1.046146993905816265e-08
1.966021155432301045e-08
-8.675274742295575577e-08
-1.043465495190894971e-07
5.022337732436237020e-08
-6.180945129120454327e-08
-2.028676820980008104e-07
-1.944560458382481655e-07
-1.197469295899292093e-08
4.876188575488145018e-08
6.901552174071471860e-08
1.490017737797324045e-08
-1.888724066744571468e-07
-4.680852347948724738e-07
5.487584713058801780e-07
2.465537891759479347e-07
1.498249230704203127e-08
-6.859701004024558461e-09
1.833385116204199473e-07
3.046253516832940198e-08
-2.917851424122044156e-08
-1.254358635343446120e-07
2.656792003660488389e-08
-3.727087595467976242e-07
6.237310268101004084e-08
7.168142643595028392e-08
1.354470327129619175e-07
1.951823432953454139e-07
3.707559624953221921e-07
3.348229318767367460e-08
-7.199374693600201348e-08
-1.025181824024134058e-08
3.487410877566660300e-08
1.066831776307441793e-08
1.871167520601941790e-09
-1.455013819365827323e-08
5.382778074879519762e-08
2.719810894098435195e-07
-2.283948524115290984e-07
5.668412982423377233e-07
9.633396369563798306e-09
4.410580782089016145e-08
8.450241080204090255e-08
1.557785148081898878e-07
1.682352453509327506e-07
1.781509015995967064e-08
-2.542635692051628457e-08
-1.140213981667559059e-07
5.739862226865221096e-08
9.071831128829286026e-08
1.316103340872685531e-07
5.219724184071965488e-08
1.692503607711580312e-07
-2.756102245579781195e-07
-4.910810824491900769e-09
4.484943607991601288e-07
5.258147408358685073e-08
7.766636712808409700e-08
8.277293201974554330e-08
2.719321963792950794e-08
3.277029616380905627e-07
7.213880248108250500e-08
4.240306106296794839e-07
2.085366592362427733e-07
6.904321172898169011e-08
6.649987546786578509e-08
1.660997529396519622e-07
1.650170696943061704e-07
1.092135856801771093e-07
3.101658729625779673e-07
2.005699639631771522e-07
4.482872553045788017e-07
9.683894550754546077e-08
1.105820835588541411e-07
2.031860916037137496e-07
2.628650308915042892e-07
1.870652624048002338e-07
4.488335212202561911e-07
5.132802002118385844e-07
4.635493960961764861e-07
1.044573215675200222e-07
1.335226508807506272e-07
1.524251297919105922e-07
2.486637613671720428e-07
3.169908942400210217e-07
2.917197836106512786e-07
1.001231204893126309e-06
-2.769633256764944084e-07
1.360226444874677842e-07
1.498094091850304460e-07
2.231456139384759020e-07
3.631802666783659357e-07
5.088924560266996049e-07
4.901909458646082035e-07
4.456934969953761487e-07
6.135417474952768513e-07
2.110208612973261862e-07
2.124589551078386289e-07
3.215959832906449111e-07
3.415509357912296108e-07
6.472719995973091026e-07
1.006189265901627522e-06
9.641931667068309984e-07
1.257508205568401925e-06
