6.038728923226076145e-08
1.850925253388354657e-07
1.560558430977387521e-07
8.229467713192011040e-09
-2.219291526936943581e-07
5.377669992522252327e-07
-1.920993840300996550e-06
-1.510167042612598202e-06
2.385037491188007438e-08
-3.351687655906290295e-08
3.058474237712718173e-08
-7.035001496902847135e-08
-2.228280109919072905e-08
-1.508107719173221792e-07
-1.997054326059206043e-07
3.716519239272422659e-07
2.428612018459575144e-08
5.472277004959586276e-08
-8.739918983979347378e-08
-2.034299920774685613e-09
4.756269274501037140e-08
2.518132699714512241e-08
2.595866628061326629e-07
2.809769616546244430e-07
9.653395365480865103e-08
7.414599621635478656e-08
-6.047154848895306624e-08
-3.498962335283749009e-08
-4.353564979575490024e-08
-4.726839118870753916e-07
-2.015174457335400781e-07
-2.124599874437762217e-07
1.018870784384581409e-08
4.391662365496465739e-08
1.042318375368313841e-07
-4.833684559263320398e-08
-4.360989351606893850e-08
3.129542151231612872e-07
-3.064427100890478525e-07
-4.748841012514359880e-07
1.660376231068944626e-08
4.206804845897971023e-08
-6.172454303135026605e-08
-1.725168467135311376e-07
2.767301489051958654e-07
3.052130841203808867e-07
-8.028977034338318546e-08
-4.241791386229126620e-07
2.595699956552784880e-08
7.261495834812224163e-09
1.109810362836391513e-08
6.965620546591470880e-08
1.261935384162718967e-07
2.168609146350295253e-07
6.174267323298199069e-07
-4.210748051851850242e-07
3.546824120460390314e-08
2.679424489297577602e-08
3.063866803331849161e-08
1.410079733349757713e-07
2.246321553248563018e-07
-9.992892645554659165e-08
1.379081427563233737e-08
5.122069575906919566e-07
3.966270533705199670e-08
3.467870278813885894e-08
-2.309773789140659293e-08
4.179197465728608540e-08
3.147148459150136837e-07
3.653197241087114341e-07
6.110874509243572772e-07
5.704261470596209080e-07
3.456222789703351219e-08
1.083945689547673392e-07
9.959650140105517636e-08
1.318938093891262461e-07
2.775211538250851190e-07
1.583030540824686585e-07
3.722341229502811439e-07
6.368671437072840224e-08
8.404394708915665086e-08
1.226930225876203714e-07
1.216040622962726380e-07
2.431704633453519143e-07
2.997136819881231067e-07
1.559241122146804705e-08
1.661827205922965928e-07
8.677529036539277725e-07
7.631171970859530025e-08
1.337508908548426596e-07
1.559134641919573232e-07
1.892146872047890020e-07
3.905350442087500756e-07
5.645937278903106883e-07
6.024077191518635741e-07
9.299460008535768934e-07
1.205875787628389033e-07
2.154660365049356397e-07
1.711268067070225092e-07
3.314428567701198600e-07
1.670564673276965436e-07
5.110087370146296277e-07
-1.101992186960961656e-07
6.697433035625997910e-07
1.531132941995311412e-07
2.190285021682619986e-07
1.857916347845206678e-07
3.157682312096954633e-07
3.841072890648178488e-07
6.748723044244411166e-07
6.082985707025271825e-07
7.736545357993600624e-07
1.947028900425386211e-07
2.534179456188121607e-07
2.347077799119486048e-07
3.765414705938506643e-07
3.710250088101504903e-07
7.840320502524910306e-07
6.420134105225091064e-07
4.680819647496399052e-07
