-5.581116402052602726e-09
1.126322590922063114e-07
-1.720555870270157979e-07
-2.889464495409130030e-07
-2.705500333077567800e-07
-3.209250706663217627e-07
5.589350720286503782e-07
3.244476697472577133e-06
2.884413578981361852e-08
-1.028084687006522902e-08
-7.380545040866781002e-10
5.733080056217457737e-08
-5.706215464015667200e-08
-3.918780206321594854e-07
1.849240053900970405e-07
1.754244702476861259e-07
9.222876925864708302e-09
3.993684101299860845e-08
-1.771920271509996517e-08
1.135587965092947383e-07
1.289690699011190256e-07
3.471777437814484380e-07
-1.674626349906914734e-07
-1.028879605180486663e-06
-4.359827515639190441e-08
1.150218346860872004e-07
8.355077863316818605e-08
2.933316567565130031e-08
-4.136035974367820514e-08
3.498133473521553757e-07
3.187707717906108444e-07
-3.461144707098923400e-08
-3.646687303486897894e-10
6.329529175386673007e-08
-4.355907813536919733e-09
1.025150521493848070e-08
3.662710241142218824e-07
1.659274445053020807e-07
3.389857264444554333e-08
-4.731135222315539762e-07
8.710525918753134549e-09
-9.743676267875771373e-09
-5.122335217288630786e-08
1.407149294628312236e-07
1.605908740317069625e-07
1.422683045378377889e-07
2.242337545922264338e-07
3.749820836547618935e-07
3.215825305263687769e-08
1.052727769402582409e-07
7.779878493438806854e-08
1.219840039688395672e-07
-3.205622374589069609e-08
2.461832606174458498e-07
1.326314940499404904e-08
-9.330823347297597378e-08
2.206261667900491760e-08
4.314589089397653826e-08
2.939907629610526996e-08
1.380673248753470870e-07
2.895849569661583983e-07
-1.072374916993770029e-07
1.555552762254548266e-07
-2.061335366787136527e-07
7.410921153723378661e-08
6.849163340794491865e-08
1.096935435651027814e-07
-3.925642530746751775e-08
9.884252443055934169e-08
-1.821939936280856750e-08
1.250437505627080852e-08
5.124831094459873004e-07
8.833326891459694751e-08
1.553187013907498412e-07
1.174590427839313220e-07
1.446328962127051291e-07
1.668096333604185690e-07
2.678201570127590814e-07
1.268101388247608309e-07
5.332131768117969869e-07
6.139244168948285671e-08
1.172131546016490988e-07
1.486448084325495608e-07
1.817533991457727997e-07
2.521294106954060019e-07
4.959678543776963961e-07
4.600034852577440051e-07
1.042992953360817999e-08
1.010190297580814767e-07
1.560523728318990620e-07
2.089680051210241871e-07
1.876308896185369312e-07
3.059883443403795320e-07
1.633827915368400165e-07
3.606145664548459897e-07
-3.646565675619832509e-10
3.321859166770371079e-08
1.553957019391368727e-07
1.779630064896575562e-07
2.922504929948225390e-07
5.276448226174481613e-07
6.121067293925931928e-07
1.345022189449249079e-07
1.034633649022451663e-06
1.307454894751006453e-07
2.223275707765860170e-07
2.513526102666533062e-07
2.364399288030775970e-07
4.257166175257606958e-07
4.432898321873367089e-07
4.513689680913523046e-07
1.378752121836814023e-06
1.560442820963289094e-07
2.376903085844043056e-07
3.226209394154497334e-07
3.348511732916997016e-07
8.218052750243707104e-07
5.169715873051014158e-07
7.338606838823808738e-07
5.585658050913812837e-07
