-7.803209673161597088e-08
2.108373391393977170e-08
1.746140753684928545e-07
6.807033278945291807e-08
-1.201817134378004153e-07
-3.965081275296868954e-07
9.549740623462589148e-07
-5.167781950361304712e-07
7.880197660976069050e-09
5.942333596727458764e-08
-5.628286346978359147e-08
3.296944780253930825e-08
9.452263160977101519e-08
1.755056426948125852e-07
2.343571826715799824e-09
-1.029698632000958580e-07
2.614727129066655845e-08
-2.892329642730484375e-08
3.338295638729647238e-08
-3.616619557164894421e-08
1.191794884995097365e-07
-5.748996339271270444e-07
-3.393985811702577213e-07
5.663865812813602213e-07
4.250543953144670226e-08
2.355424332710188140e-08
1.178927327132621617e-07
1.598349410524244036e-07
-1.004882676132803174e-07
-8.748128648380648498e-08
-5.793595272268059087e-08
6.811915524063968712e-07
8.280615430831550279e-08
4.027919415161506791e-08
6.369923642556746063e-08
3.777704922737329627e-08
2.424262936133592488e-07
4.558931960024867838e-08
-3.862834678559784279e-07
-1.724311974226644550e-08
4.948865969059295104e-08
-8.397860741587160844e-09
-1.624617245491169085e-08
1.079585216639650170e-07
3.534313360201721803e-07
5.239014505037378839e-08
1.581967542651126086e-07
-8.582643660767120079e-08
2.541092508196966888e-08
2.361004897395881913e-08
1.066928096807156688e-07
1.417743914434882119e-07
1.134363638495976082e-07
-4.484474123345388962e-08
3.883136725335420237e-07
3.874268411324955914e-07
4.451954893236994749e-08
7.210317577336444709e-08
1.192408516486267333e-08
-3.619921480668639974e-08
-5.457545695675127932e-08
3.644797255648447153e-07
3.169185103094511025e-07
-1.367461196216049294e-07
7.732942312575780672e-08
5.950350971517606982e-08
1.278733802149901423e-07
2.155054763840432056e-07
-5.741618050671375095e-08
6.283612867888181491e-08
4.150091362391488448e-07
2.016471574748319988e-07
5.941914271433512775e-08
2.025490299609232987e-08
1.183084790350253088e-07
9.199040595791530920e-08
4.098900395762109530e-07
1.731540075284110375e-07
-5.457245377119231315e-08
2.652584524431871500e-08
1.019374864034768364e-07
7.778128115264469454e-08
1.447876171953088036e-07
1.143836195563326639e-07
2.680093844142528097e-07
5.319865071703792176e-07
6.312005080127558171e-07
5.277452205206546049e-07
9.920442090783083577e-08
1.104459028956878403e-07
2.029923017874994769e-07
1.924135749886143007e-07
3.509274921182348817e-07
5.496312117290930635e-07
2.235656654812483673e-07
4.583070948600769098e-07
1.297386849037804884e-07
1.626912654735083243e-07
1.555895609325379563e-07
2.077630628256965502e-07
1.650621017703371530e-07
6.948897401472733609e-07
4.177849579728926280e-07
9.971351907089349348e-07
2.022794597742465376e-07
1.791280217678738383e-07
2.858769639065516340e-07
5.069125676874986577e-07
3.519505951192091003e-07
4.647538453417736127e-07
4.535747940869955021e-07
5.155635306393693066e-07
2.253532195555437572e-07
2.710649114965817676e-07
3.536401656777803046e-07
5.374955885195253540e-07
4.818764635574828391e-07
8.866396955782034395e-07
6.934490211389499858e-07
8.008818592336048866e-07
