-1.052181968190484139e-07
-5.171120386930763817e-08
7.232593321447058561e-08
2.442026274721162892e-07
-1.503673794401355619e-07
-7.472127898726900361e-07
-3.924869810479019861e-07
-1.776011497026743487e-06
-1.927421249653266499e-08
9.125687953925577583e-08
1.809513823030754555e-08
3.101307509942739609e-08
1.124049679332468648e-07
-1.755390945626894839e-07
-1.021755680976096375e-07
-4.610812876838006524e-07
8.755931105480463968e-09
-3.447893720046264583e-08
3.449848440365203334e-08
7.124574403965272177e-08
-3.038290644063820370e-08
2.328658956272409521e-07
7.175345587235927289e-07
8.976274876020221701e-08
-1.775811543286393833e-08
4.047382089787638894e-08
-9.469149055705943799e-10
-5.364405712097363142e-08
-8.552125566243385626e-08
1.620834633809484043e-07
-2.632986999577426159e-07
-1.741245939266333566e-07
3.121429748772535240e-08
4.838411862867148931e-08
1.940021451273478192e-08
7.515734944274876500e-08
1.167122467794274481e-07
2.166132090758814723e-07
2.922183427569237027e-07
-1.177599679592245950e-07
-2.995566398344617617e-08
-3.945556623568402578e-08
4.748538814527322712e-08
1.070476838642693877e-07
2.720808175153459202e-08
2.179285712712244208e-07
1.694047189298777822e-07
4.595842090476433384e-07
3.215522018565146680e-08
5.188028760816405861e-08
5.581837017470298333e-08
4.390518032746766843e-08
1.051841649057003915e-08
3.732981902678493803e-07
2.919579543823137915e-07
9.677596926169682367e-08
-9.900966827809805367e-09
4.710433520136420325e-08
6.744353253524193386e-08
1.078757906766204518e-07
2.595016369669643618e-07
-4.021340070821267712e-08
3.648646245986281387e-07
-6.174922718565369597e-08
3.735919613258328145e-08
2.268962472792782555e-08
2.987744593347947188e-08
3.007381882020887963e-09
8.862840982827663937e-08
3.196745337164667183e-07
1.696926984824178999e-07
5.426817341096925961e-07
5.740016406660631386e-08
1.037402770110121167e-07
1.031046484836272415e-07
1.861525444290891295e-07
2.251417325764704002e-07
3.788465815786327368e-07
1.271197668478096112e-08
5.375807553652345843e-07
9.124001812640618188e-08
1.609188214719432521e-07
1.726504490699083175e-07
1.890051519010256687e-07
2.819781455537763059e-07
4.300262683957080195e-07
5.490799655783764594e-07
-2.756621469338630066e-07
8.527966597459944007e-08
1.194603760089140686e-07
1.181860614516444061e-07
2.904939423746777799e-07
2.695821294320813561e-07
4.136126972508734229e-07
1.511519623483489669e-07
1.975224244254355488e-07
7.226036183488031323e-08
1.673224540047311292e-07
2.386416442596564737e-07
2.517354147687589935e-07
2.968967099104147202e-07
5.579601216936857487e-07
1.286137178630673450e-06
6.685379537483061376e-07
1.169221376974775150e-07
1.905337333946448146e-07
1.875830791997943613e-07
2.398758893112956372e-07
1.215599105913120352e-07
4.066925172797128537e-07
6.740900229579722902e-07
6.419450739155968452e-07
1.387349009154205204e-07
2.563817446361346046e-07
3.175944989699661061e-07
4.179860470962444428e-07
4.638367884016523280e-07
5.456057039604753850e-07
6.433253983095594796e-07
8.343932721412770023e-07
