-8.275413682529854975e-08
-2.660917960102707501e-08
2.931772605275002984e-07
3.304200572247727509e-07
-1.403729520239406917e-07
-3.456788995666049939e-07
5.651987244675876332e-07
7.236389827934042206e-07
3.804245071114448579e-08
2.596638181175878433e-08
1.421496541621221073e-07
-2.356346306827747430e-07
-1.281285294078475891e-07
3.660269244552050497e-07
5.828688756839699194e-07
1.973986572314528177e-07
1.753717129676151195e-08
-4.519962883227897165e-09
6.726551510688068443e-08
5.226170851896230469e-08
3.474894850009946099e-08
-2.142310367110862562e-07
1.288518880335720304e-07
1.123095945205810636e-07
1.881934255513759279e-08
6.205164164600952964e-08
1.757754100135156836e-07
-1.303173020958771137e-07
-8.217634694712260066e-09
2.992251269817156475e-07
5.974480196718697169e-07
7.607904590151282161e-07
3.805395661912570009e-08
-1.567561365794624866e-08
3.911963731560263219e-08
-3.274709803548880790e-08
1.005776959798584546e-07
2.499019630350415758e-08
-4.596600932937312477e-08
-5.013326698944987648e-07
1.588184249825098346e-09
4.936642655776851928e-08
-4.033467217871161516e-09
1.275167333040300626e-07
-1.158758418791270823e-07
1.087588071628403795e-07
-1.899678794380117040e-07
1.950376779685395543e-07
5.981840591253423014e-08
2.129212295555857926e-08
2.384165860592448894e-08
6.617657252757074571e-08
1.225398460718966145e-07
-3.252249603145314337e-08
4.396101992764197106e-07
-2.225399500798429239e-07
1.130862728827758764e-07
6.986041409789229701e-08
2.310939292249397620e-07
2.179846391406356234e-07
5.481428081385800217e-08
-4.084712830562739039e-08
2.568698472605143242e-07
3.420533702620333658e-07
1.860710052036129205e-08
5.398383714473605988e-08
1.413657920134922653e-07
6.527298595896546942e-08
5.133061615168167879e-08
2.353353452156325028e-07
1.091773237475143771e-07
2.632975066371225535e-07
6.979588873598964347e-08
3.217532618060413997e-08
8.743508069044600371e-08
1.367727123810474766e-07
4.504589310328913068e-08
2.974101035718089842e-07
5.925011940173215410e-07
-1.265661941041251370e-07
7.467352886668004117e-08
4.817544662183691273e-08
1.641346678969745294e-07
2.310417458498868791e-07
2.614307739374326219e-07
3.153387200160185898e-07
4.414999921077302562e-07
4.032414093862336622e-07
9.237053824223712134e-08
9.735167374263518572e-08
1.644389053073936634e-07
1.775721033251195413e-07
3.546124123504395381e-07
2.912584449771798201e-07
4.685357263961087567e-07
7.591554929381902976e-07
1.311381643506823129e-07
1.264750096129586800e-07
1.608947221676157598e-07
3.811641525907072578e-07
3.723747019834246788e-07
3.275457390837948980e-07
3.923803513385386606e-07
4.111906617904910433e-07
1.599255806255187543e-07
2.258354114694108551e-07
2.074458685420225912e-07
3.303655295758544431e-07
4.477283072759782095e-07
5.810287748625234942e-07
5.679186638306000183e-07
4.071411829354274836e-07
1.916621787468857767e-07
2.391489943138123903e-07
4.291738259796013088e-07
5.985178442771387012e-07
5.136593322937846102e-07
9.336918731229852761e-07
8.314984979827561615e-07
7.441987446846720872e-07
