3.026862017871640391e-08
8.977531409393045711e-08
2.086460552530862071e-07
-2.592430713357081217e-07
9.956841721151771836e-08
3.396292560193909455e-07
-5.215606129449784139e-08
2.460357053018163503e-07
1.251340516128692104e-08
1.888046173275612156e-08
-4.340107561357495725e-08
-4.347431132154263297e-08
-1.766324763246326257e-07
-7.592783727180168367e-08
-1.653829483381478768e-07
4.603970650498074042e-07
-5.133532035903008075e-11
1.025638062218635008e-07
-5.102307783264700030e-08
-5.545866840706375253e-08
-5.150000736559210253e-08
-1.669726151771847627e-08
-2.750952030662268306e-08
-1.224128598143289956e-07
-4.072056924935197048e-08
3.664997512461419276e-08
8.075127056056874009e-08
1.185940583142515809e-08
1.733337267627738361e-07
1.727837282921333651e-07
-3.254023821136016241e-07
-6.031390488179297163e-07
2.527070663069764948e-10
4.377421471730169950e-08
-1.072121461870908583e-07
-9.078263558152771623e-08
-1.211580804888775371e-07
3.001586667879194582e-07
6.155012030356583885e-08
8.963229178025833203e-07
4.978628253885735751e-08
8.035783507141740526e-08
2.893331593273054242e-09
-3.688080703414009889e-09
-3.519293821675234602e-08
2.104716943989292334e-08
-8.274270104329051967e-08
6.439447295543059142e-07
4.154557052012811406e-08
2.984286678855483970e-08
1.173067221415056718e-07
1.520977366822749656e-07
1.550937678785288094e-07
2.379712094508780443e-07
1.659142589736458130e-07
1.926767306411332390e-07
-5.871165451217028250e-09
9.494669900625219152e-08
5.969397422487425416e-08
1.284072720094316328e-07
2.522236350103258299e-07
2.908037901533065251e-07
1.131052759753708243e-09
7.413846045880836038e-07
3.194775484351126577e-08
6.509941506056823181e-08
1.081019777393602830e-07
1.648417270179201503e-07
2.260765156572238298e-07
4.018487846650830154e-07
3.364997632347623971e-07
-1.325141879013728187e-07
1.761758477722602300e-08
3.417868288927939949e-08
1.293114704866823641e-07
1.415718640004028982e-07
2.617386689618249157e-07
6.136100719020086607e-08
4.079153211353600306e-07
5.120076711132598581e-07
6.628924713602633276e-08
3.989535782107047972e-08
1.311742973362991579e-07
1.756173881229885832e-07
7.851501541515846877e-08
9.918814251962100399e-08
2.778479985562669251e-07
-4.875384824692257953e-07
9.977797835854422388e-08
1.351823941694838272e-07
1.630105540535679251e-07
2.133176767254499644e-07
3.193729388257849642e-07
4.453624759865816688e-07
8.038099168412427448e-07
2.856550756083170465e-07
1.021238467286690850e-07
1.729283276656604492e-07
2.964450774876724630e-07
1.362312606074688829e-07
4.309193705274873205e-07
4.652655412434750758e-07
3.075755520649608794e-07
7.626264747784643742e-07
1.212753232370819935e-07
1.595480325186678972e-07
2.426850214552263190e-07
3.124245725636817413e-07
2.934673493662804047e-07
5.938033632133830115e-07
6.853120689699661983e-07
7.920071114096806785e-07
2.365944369614438059e-07
1.356315634533084317e-07
3.138679760773469798e-07
4.397769392041928545e-07
6.624764851157800284e-07
7.785395141472035456e-07
3.684156289456166591e-07
4.645809034363149181e-07
