2.017157472743347346e-08
8.325455741786041885e-08
-4.973397057406835209e-08
1.323442683920987013e-07
2.031422535389665860e-07
-4.104282255768738234e-07
4.623114996815651668e-07
-1.238408434222370256e-06
-1.543336400654005407e-08
-6.470034399696388730e-09
4.662246083427281271e-08
2.100048750928594312e-07
2.335471430767807137e-07
3.345479168262041147e-08
-4.144767273163168593e-07
1.576756902698777754e-09
-2.276080028651761974e-08
2.772932302772771956e-08
1.441973974603762653e-07
9.593480154310006684e-08
-1.211404356738093373e-07
-8.749608858668277915e-08
-5.781449336675539201e-08
-4.508057957938484278e-07
3.894593816068954531e-08
5.963113661465417318e-08
1.420659741735100221e-07
7.073267083146246619e-08
-1.221471552309504896e-08
2.717429342651834360e-07
2.661210927852473406e-07
-7.788094575441390071e-07
3.263449198257085874e-08
6.605327721202623164e-08
9.706242827652748792e-08
1.462770970976462374e-07
5.856311760385433489e-09
-1.473968404881968970e-07
4.243292062253403773e-07
-1.615086824823352406e-07
-2.192489535999529154e-08
-4.927246005087124419e-08
9.577044921254219639e-08
1.334103084526211415e-07
1.056992875387041214e-08
-5.596578871347476240e-08
4.128211947295703392e-07
-3.558199785925270144e-07
4.379881043187181139e-08
-3.776403289453964059e-08
-4.117352612220808365e-08
7.769437188504449364e-08
3.086833850852188523e-09
4.040803238897935093e-08
2.567527458233767706e-08
1.374049870154536771e-07
1.510212880441427898e-08
-3.311612920223727047e-08
4.881967262400802518e-08
-1.567383006267377168e-08
1.995930305171407017e-07
1.682045881585249465e-07
6.985138272671474004e-08
-1.707908215967661803e-07
3.954083844710512143e-08
-1.447311410776930211e-08
2.273502839175423406e-08
1.149432038835554272e-07
3.592195754428862676e-07
3.235695136651703266e-07
1.696001291387793353e-07
1.654630044988217181e-08
4.630609987553746509e-08
5.306828601877330834e-08
1.066995746682468037e-07
8.057735337205556017e-08
2.554340623903081460e-07
1.033346493568898041e-07
-7.100589225065184504e-08
-2.552691916186242784e-07
5.517240073036720285e-08
1.071548638428983561e-07
1.988974213236966875e-07
1.314255728063983524e-07
1.877961078094370861e-07
3.232949331753217176e-07
4.783599879312524364e-07
7.474654919097994759e-07
5.630780618951776689e-08
1.419016072645881577e-07
2.234452796206389403e-07
1.800456561165540025e-07
2.667269013522848028e-07
4.970483949933513954e-07
2.795135769273737522e-07
7.888255608904683113e-07
1.070047527991932788e-07
2.068770860066505597e-07
1.537819518697270522e-07
8.618321069794992635e-08
3.349018413729884394e-07
7.721138346897749092e-07
3.196486962976528981e-07
1.003453338577200160e-06
1.314130867694585808e-07
2.253327849502928354e-07
2.559602595331452582e-07
2.074605577343891475e-07
2.827293391316002025e-07
8.878102674353596579e-07
5.977977004377970661e-07
6.814335810461079221e-07
1.489852488748241313e-07
2.032005348170059978e-07
2.966623623774598539e-07
1.111857654751731171e-07
6.516870624575207345e-07
9.002006741919323559e-07
3.380620855150168808e-07
8.675029748536373103e-07
