4.844664175222000165e-08
6.539112573682970895e-08
6.816534911649654141e-08
-5.180460544325046474e-08
-2.265072365974371535e-07
5.075912083871367218e-07
4.548003532738018975e-07
6.481823048786821922e-07
-1.483186034643298814e-08
3.922100942341866499e-08
-1.594016821214442403e-08
-2.030531383508008221e-07
-3.535995076883379777e-08
-5.084087855911189599e-08
3.000672381338642922e-07
1.035341273589203494e-06
2.709955350050215430e-08
2.741328254735342762e-08
4.494645316215085203e-08
5.680423619459713035e-08
1.727200455376645182e-07
3.172403068268357101e-08
2.107562604265228863e-07
9.096708183159153586e-08
-2.737278579496599142e-09
-3.461787124094213623e-08
7.047967907956122907e-08
-7.512486420444290529e-08
2.502027435037497121e-07
-6.022686747197041885e-08
6.062163928654779097e-08
-5.007116115983911991e-07
-8.969277528715680738e-10
7.837574914592120063e-09
-2.736336309822772238e-08
2.276428199870536882e-07
4.312974127180972079e-07
3.519375813488826272e-07
4.789344093509749247e-08
8.805612764949460355e-07
3.770949017282046416e-08
6.500674543311007051e-08
2.189563761082464227e-07
1.146966327029466870e-07
-2.447773246773806185e-08
4.232358439514028962e-07
-1.672759486025459845e-07
4.382705691233657090e-08
3.578225101240139581e-08
1.894003291827148842e-08
7.601636466969112231e-08
1.407027322687716473e-07
2.828909021602830953e-07
2.529083761071664411e-07
2.083355445623262284e-07
1.811616991773034623e-08
5.176808481283097880e-08
6.476374737038545076e-08
6.327899566159951715e-09
-3.503775232241047803e-08
1.433016646848901621e-07
1.747228430209955729e-07
7.163870460282199111e-07
4.554913915287917380e-07
5.340782604603906135e-08
5.015567428564745320e-08
1.223649565052605232e-07
4.188835509630406105e-08
1.005494146474469996e-07
2.556181142215902210e-07
8.196370858425108632e-07
2.621072690829545973e-07
5.206718963291892950e-08
4.702473220712421864e-08
7.693145401987866710e-08
6.334042252252237520e-08
2.826082318487036695e-07
3.453934258417315610e-07
3.969068343548890984e-07
4.171891632418026808e-07
6.383449872215475508e-08
8.320182001241943699e-08
1.614019963039005888e-07
2.333432034018607749e-07
3.200532079984933938e-07
4.445767104994736814e-07
5.247611633712436141e-07
3.708540002607249137e-07
9.065426509502658232e-08
8.547551248538520981e-08
1.725029730861556659e-07
2.260620213175857123e-07
2.840809248522225098e-07
5.200789788380982129e-07
5.643704243371330031e-07
7.621733692043294867e-07
9.280217715848724250e-08
1.656227302858477324e-07
2.343585597624463870e-07
1.689343689912260995e-07
2.968376237771562858e-07
1.435012144595594637e-08
7.846119786396901985e-07
4.679835356042577379e-07
1.346654649931413239e-07
2.576331819689465678e-07
2.767488997024978554e-07
2.994840693737082057e-07
4.416686473007688256e-07
4.379600409684855324e-07
9.205768379604312461e-07
6.556020584726430827e-07
1.908878912230725159e-07
2.829951711296458427e-07
2.677684187060804182e-07
4.082644638663556424e-07
7.160902042606951955e-07
5.140270798353142958e-07
8.032068871372978873e-07
9.264806269453768237e-07
