1.060173788813884749e-08
-6.866236336942171658e-09
-6.462717407930756861e-09
1.259983924996282406e-07
-5.620685931339477203e-08
-5.518758856493966731e-08
-6.404057303467860591e-07
-1.096874515769496843e-06
-3.892050810193519759e-08
3.233793625967096739e-09
-5.092453639239787154e-08
6.285226546694370165e-08
2.111678110086844217e-07
8.217959013653163308e-10
1.526556982913304080e-08
9.162680420879509543e-07
-7.253840925033026976e-09
-1.440129070215848089e-09
-9.707723212826294095e-08
1.446098184799862518e-07
1.569778133597015154e-07
-1.048274748782847590e-07
1.585428627695479826e-07
1.959919535859986686e-08
-1.830115178925825736e-08
1.800923803777251356e-08
-3.637103840457193402e-08
1.268105619280567627e-07
-3.846095009345519651e-08
2.297869369583110513e-07
5.436713090737104292e-08
-5.865410171458528728e-07
2.178629420531976245e-08
6.473209353950655162e-08
-8.074425262096246010e-08
-1.300867298879089988e-07
1.224214693468113028e-07
-2.354051208753079868e-08
6.382166525932938897e-07
3.680397044623882883e-07
3.419651656427700734e-08
7.096836837099705811e-08
6.844419299247094842e-08
3.827632451601105746e-08
7.831895633972804125e-08
3.986403782613520386e-07
-1.447121391023634887e-07
1.907219742857227589e-07
2.561541089209978164e-08
9.032739566399177661e-08
8.261766134648093821e-08
1.501881311714825547e-07
1.946404811173634019e-07
1.479483387924088026e-07
3.077473506227056500e-07
3.831559850016196247e-07
3.488703154763335615e-08
5.341947425177258509e-08
7.603210795645574035e-08
1.128274956620729179e-07
1.324701084505539662e-07
5.850962818773271606e-08
1.513762107474005504e-07
4.978317337528717271e-07
4.490009138773631063e-08
4.913981052361992677e-08
2.781277506057819832e-08
2.973387003518535524e-07
1.573060391479064333e-07
-1.345115168013068777e-08
-1.071822558955082574e-07
1.338744095031748132e-07
5.121792648884195608e-08
6.066863368049327744e-08
-2.404359197738808729e-08
1.245842474568663529e-07
2.399419998876543860e-07
-4.327653994749626236e-08
-3.272726320983737284e-07
-1.807907208462332795e-07
7.185021513814532699e-08
1.565718144754078504e-07
1.841443063617540167e-07
1.805626312438975637e-07
2.422268760014875115e-07
4.373224929230760594e-07
3.937599449306093793e-07
2.815985872331041453e-07
6.708822215655589153e-08
1.331136932643324417e-07
1.324401879048487462e-07
2.209870243055938965e-07
2.414622401528278971e-07
3.525339208425278699e-07
5.992843166073262127e-07
4.437469081316876235e-07
1.135930436203867835e-07
2.357980079491885126e-07
2.008540375222899203e-07
3.598978680947307705e-07
3.264584485033232905e-07
6.500573178743933760e-07
5.295749473281783050e-07
6.166983325527020685e-07
1.531802219941315279e-07
2.436656496951134624e-07
1.878307553093366119e-07
2.497124723053110649e-07
5.463173720684852413e-07
4.215178754011153633e-07
1.147790154688292950e-06
5.033905615771576424e-07
1.994032154165116845e-07
2.017482985613899688e-07
2.737412536092424305e-07
5.605170894917500806e-07
6.122874129367088757e-07
5.784099904066025684e-07
1.390435623165777483e-06
1.353332066976641150e-06
