-9.978498084675675173e-09
4.625653268618763571e-08
-9.453842969055225628e-08
-1.804948364808888639e-07
-3.158712240629490818e-07
-3.294858115254366319e-07
2.508359063063646835e-07
1.139427736917510561e-07
5.097278771898545874e-08
2.285045208385858909e-08
-7.326688061934238302e-08
4.575977464830638667e-08
2.625844201834628817e-08
3.772090570522899326e-07
-1.945540039739377997e-07
-1.148225084072138421e-06
2.803359341389172169e-08
2.377207961935217989e-08
1.414665863234732096e-08
7.468667092390304644e-08
1.061119380470430495e-07
1.381758633586786545e-07
2.957790178573092634e-08
5.240985801447017339e-07
-5.108080700813698623e-09
-2.234234209723878576e-08
4.457690850531347243e-08
8.907785186739372089e-09
1.967357607089800485e-07
1.860673169335770854e-07
-3.468942169188934212e-07
-4.861044729768929593e-07
-2.115929705897868884e-08
-3.098640812599525889e-08
-1.025273075101026737e-08
-4.305035031938521177e-08
8.588384992890057235e-08
8.219574594889525517e-08
3.490331934431061070e-07
6.115736749537010797e-07
-9.201125888757235309e-09
8.152626716654094530e-08
5.167391773672847878e-08
3.678816033413093593e-08
-1.672408675402813972e-08
1.659814907126085139e-07
-1.724515048606967951e-08
1.172323317428836443e-06
3.749215836532014182e-08
5.018692385671277024e-08
1.118552789169970025e-07
5.049876780453468669e-08
1.669810005317763153e-07
1.370158077476637557e-07
1.518440534356044279e-07
1.483719239492887089e-08
2.544000625588484842e-08
8.970571792711567907e-08
9.665234255010089619e-08
2.551693328470288048e-07
2.242854577684856660e-07
1.547374193447731698e-07
-3.761610471135592068e-07
4.429274586217114366e-07
4.243544129443387439e-08
5.566316661557390879e-08
2.666602292465749740e-08
8.756123728928963588e-08
2.492799352492149819e-07
3.566363304740349718e-07
2.600231793367743831e-08
1.221014034864180410e-06
6.449170081652457052e-08
6.413353463841709756e-08
5.272927669804673117e-08
1.261250405260706558e-07
2.290711947885927189e-07
2.174584902400806808e-07
-8.635155490944323613e-09
-1.053615623334294773e-07
7.825963755198917094e-08
1.194422864279334298e-07
1.531197208862645759e-07
1.564680478749698478e-07
1.263937585922964794e-07
3.589763362100614171e-07
4.571675963605228168e-07
7.943356741203871866e-07
8.213381451684965740e-08
7.836234626454181784e-08
1.140324658718343277e-07
1.964004386004759358e-07
1.209376461939237798e-07
3.817151692917641562e-07
4.262343762429536308e-07
6.608067459456914247e-07
1.268875494272888899e-07
1.947032104998894249e-07
2.731344386278468302e-07
3.031292407969534853e-07
2.597191938451937043e-07
7.034197214500463681e-07
7.733927079871493407e-08
1.319148137448440652e-06
1.285846912456979474e-07
1.718312165241876774e-07
2.259977642018119796e-07
3.132813079478303311e-07
2.656211354320642603e-07
3.797694353501713949e-07
5.495854281954478481e-07
7.704790553417004109e-07
1.934821503983249725e-07
1.592201320761861614e-07
2.629981678511748132e-07
3.400041114361502454e-07
2.094996403667135253e-07
9.255439475620794557e-07
1.254350732451522150e-06
1.269945899098357108e-06
