-3.368009416848097899e-08
-1.662299154688225814e-07
5.011989802805115244e-08
-2.101409449675035424e-07
-6.362628538858988231e-08
-3.192887462648150303e-08
-1.270379800702466168e-06
-1.510638948688513724e-07
-6.628556497680124896e-08
-1.339416786017900612e-07
4.365197413203859050e-08
1.330225518765155951e-07
-5.568544902506851533e-08
2.996322902524589499e-07
2.774244677232074802e-08
2.348188249544345048e-07
-2.067351198863011825e-08
-3.802594844201189047e-08
1.462766462110013928e-09
1.556244039918668434e-07
9.255346465255803128e-08
1.436578935964806385e-07
-1.749684763168946281e-07
-2.216213565287186976e-08
-7.106403891176236713e-09
-3.087366738033035201e-08
2.979334610921321407e-08
-5.448892453879952520e-08
-2.205571402715198648e-07
1.245241827795745376e-07
-4.999741996041389255e-07
-1.615669265936407147e-07
2.698799719799581645e-08
8.362612805914703847e-08
4.844442260616874170e-08
1.903582009016293961e-08
-6.009121149664011624e-08
4.617925963126176807e-07
3.428279347851573260e-07
-2.268024800565377973e-07
3.783146320487694290e-08
-2.558851996066006850e-08
5.985295718533868646e-09
-2.155122341285837369e-07
1.052488858791452349e-07
1.278385522849833354e-07
-5.823085619206961194e-08
-4.149432566689004237e-07
4.352401225969269523e-08
4.159707072366698022e-08
2.584643557609122966e-09
1.163445880809260984e-07
8.663547538782402435e-08
3.742048846682050064e-07
5.378573768741510618e-07
1.370079660024511950e-07
2.749054399997106657e-08
4.250365440802025419e-08
4.702421580478529680e-08
8.383327186567805886e-09
3.431398976461403807e-07
4.645714477107161151e-08
1.373885318663494869e-07
9.673041675809098207e-07
8.450767670319046798e-08
3.196190176291258670e-09
4.582539170234615803e-08
1.131218198430393629e-07
2.626687187672263141e-07
1.009528642766608001e-07
4.982829075734044553e-07
-3.798043141831188137e-08
8.779010478781929658e-08
9.472737864047126406e-08
1.592927863533259109e-07
2.984403649855141664e-07
1.525518899094673184e-07
2.228380979457190961e-07
1.067499694959946143e-07
-2.565512146109349152e-07
7.425185017763448942e-08
1.083126938153975074e-07
1.212435225261068908e-07
2.391372511976809626e-07
2.439658723422374564e-07
4.524146562369571637e-07
3.074761579241214492e-07
5.532884722350672758e-07
9.898446529921261594e-08
1.218654920795253536e-07
2.064398902580891248e-07
4.637004243001914999e-08
2.226586920099206913e-07
3.435526306831409001e-07
1.846382438572778869e-07
-1.507255788725332186e-07
1.019041390223725341e-07
1.378919618213706471e-07
3.262150354589170057e-07
1.839022277333632739e-07
2.360953834707356856e-07
6.817073161459037934e-07
2.508472321638371533e-07
-1.614142841577541589e-07
1.252239592392164711e-07
1.765688391815566643e-07
2.769843223338915905e-07
3.617707503037890651e-07
6.194354444813462554e-07
5.869493776606315035e-07
6.444139650611137130e-07
2.073543915743176211e-07
1.894276331932038604e-07
1.773644928863478332e-07
1.972937688598474690e-07
2.583861950202447634e-07
4.479811382752020277e-07
6.285480733304323153e-07
9.939457489338706171e-07
1.267107962604466627e-06
