5.264749537057347716e-08
-7.121340216241023586e-08
-2.143673744616998022e-07
1.569722533330840091e-07
9.686075607633632766e-08
2.018228576470688013e-07
-3.750059195780975385e-07
-1.421343394788833973e-07
1.038339887554105759e-08
8.093186890875698983e-08
1.365445672775032670e-07
-8.532266691760975257e-08
-1.161726881803432776e-08
-2.669618155598101852e-07
1.754272226440068106e-07
-2.426688723458257378e-08
-5.142839677866130422e-08
3.688178695027222487e-08
-5.527808963478854561e-09
7.748871878020891266e-08
1.107558439202734134e-07
1.805964009013235569e-07
1.463040392348635157e-07
-1.185395470074598052e-07
3.255896207086672868e-08
9.982088445751312734e-08
9.864812684573055943e-08
1.248510980269572691e-07
-3.321056226992337858e-08
-3.392046748807799386e-07
3.655965282391638255e-07
-4.384272373855988040e-07
7.855414963990066609e-09
6.123284112780653367e-08
1.133268555130300119e-07
-1.288008377432279552e-07
-1.807437305154780668e-07
-1.392757827454954145e-07
-2.804959384874263926e-08
-3.104799192716287313e-07
-1.069369706430308426e-09
3.563030861351005427e-08
2.070069450869470926e-07
8.520342943435895175e-08
1.399839670569819751e-07
4.568685651881199924e-08
3.166491864664830985e-07
5.470641987531659848e-07
3.513787676505061375e-08
3.856173547381603267e-08
4.845952183463577436e-08
8.713662650275927903e-08
9.270794219656101000e-08
2.143778385496010703e-07
4.647376374670555774e-07
1.054436984584641968e-07
1.153255024822347860e-08
2.851458516491520813e-08
1.551582704336797759e-07
1.042637556746416365e-07
-1.312139354777414867e-07
-1.754606491640191250e-08
3.427707524920876219e-07
6.039087526707035957e-07
2.334382676158038695e-08
3.974953926182113701e-08
1.036594015444012314e-07
8.791087704039391866e-08
1.211982298745045100e-07
-5.025068353955821986e-08
1.075547571752667385e-07
-5.847188435034826796e-07
3.773162179130500019e-08
8.500756370349906414e-08
1.520866347857710508e-07
2.026352934107414616e-07
3.379569983174184561e-07
-1.736169741328694234e-08
1.279145226120108223e-07
-2.496645336720002120e-07
9.606018882200438919e-08
9.560874730644561620e-08
8.787623949777051080e-08
1.601139669509186888e-07
3.306832571270949145e-07
2.430799813315803785e-07
6.193924590978846255e-07
7.133443016914709972e-08
1.829564099846557523e-08
9.905215547366553467e-08
1.151051766966001478e-07
2.542186141620419135e-07
7.365372657757767586e-08
2.000281776185908643e-07
1.301328585787977356e-08
-1.202511481221121509e-07
1.791343915805881558e-07
2.234868555706521828e-07
1.925193600282003082e-07
2.498555628808314512e-07
2.531949776584473161e-07
5.945605301200848818e-07
6.843958741729309106e-08
4.900682171904603190e-07
1.264768857505185271e-07
1.627731830021817185e-07
3.134784082786049858e-07
3.553817839071013004e-07
4.782976547007242065e-07
5.999834823630299382e-07
6.032386747048011878e-07
4.218618660153850693e-07
1.440277682007399825e-07
2.177907571384111788e-07
3.160566595125039448e-07
3.740769955414942172e-07
3.479918622334926912e-07
5.357436981909579920e-07
1.026922987398597528e-06
1.105907261136807519e-06
