-7.563063791934310854e-08
-1.081642902920976126e-07
1.758312800137984359e-08
3.885024058878168495e-07
-4.041974802328654347e-08
1.276225946437285363e-07
4.825100412766774233e-07
5.011494658667186571e-07
1.010385893158017458e-08
4.206276430847688752e-08
-3.876801213574193728e-08
6.107308097622352347e-09
6.178533687568520810e-08
-2.905367039603385966e-07
3.374906779354495358e-07
4.692286519199127775e-07
1.649170319445501567e-08
7.826783261216283001e-08
-4.980628884106353741e-08
-1.498322172042198629e-07
-3.570124212402294885e-08
-1.132586577026625028e-08
-3.583309519725001412e-07
1.949326081304848399e-07
2.422222949283479823e-08
7.023807483219496864e-08
-5.394815884443084729e-08
-4.961126362156018275e-09
9.800528517168071208e-08
5.502634981758475226e-07
-3.958620622820253518e-07
5.700193910104251551e-07
-2.448728661473331908e-08
1.113388993055288798e-07
-4.964617490960250596e-08
2.854121606444152544e-08
-4.719805460259737132e-08
2.345906456993842474e-07
8.578420701103307286e-08
8.048785182572155460e-07
3.070945765782248661e-08
-1.780007202059061361e-08
2.720528195358568978e-08
1.558380527083208985e-07
6.299864549141344670e-08
3.181609272337335132e-08
1.054860783183515239e-07
-1.408259356439836871e-07
2.226498117136768753e-08
4.640157778720881181e-08
-1.834670158035368914e-08
2.187297612966032313e-07
2.015310323486251193e-07
5.083778765774753011e-08
2.133224162042835776e-07
3.098273064016410376e-07
1.653767739606071974e-08
9.117335530978494543e-08
1.392290158544371107e-07
9.317907407109802045e-08
1.105541817811956769e-07
2.014731020586710007e-07
4.346945893830268235e-07
5.092013327908710576e-07
2.961694017200659067e-08
3.714760716520655670e-08
1.921296304572188509e-08
6.154648362985459206e-09
2.938098902346492028e-08
3.949033613898955507e-07
4.507109804499341593e-07
-3.786841212851834667e-07
6.969654027691323298e-08
1.065329166678786942e-07
1.535358762361041932e-07
1.219906671982052928e-07
6.524704275218865183e-08
2.540048886766258211e-07
2.822093209069813389e-07
-1.396258130438138833e-07
1.334046635384716469e-07
1.726692979606748724e-07
2.392135682557294195e-07
1.404161545470860945e-07
3.026357810933026484e-07
3.448193021989365891e-07
6.248113302927946745e-07
2.762505725179954938e-07
8.561778152996002611e-08
1.680966415289269655e-07
2.248339519007842496e-07
1.172374537742252459e-07
2.049163637169634413e-07
2.421623001190605636e-07
6.718992796711215746e-07
5.477285934237660571e-07
1.212873963662836749e-07
1.511786867872127334e-07
2.402132852152127646e-07
1.718779011841887012e-07
2.050335973081086337e-07
3.564100148243057804e-07
5.518181324510732884e-07
6.264727667497431126e-07
1.515813191401133364e-07
1.748536406195400441e-07
2.504533294640119294e-07
2.338427818017096813e-07
1.957807244445491514e-07
7.196484466086548369e-07
5.486995474845021917e-07
7.344750860948383203e-07
1.554726732094413472e-07
2.558282769493715489e-07
2.459487712999364750e-07
3.498322853847957193e-07
2.486534965404662820e-07
5.031579210561238102e-07
5.488063592167036680e-08
-4.418603743809168516e-08
