-5.660859303783802898e-09
-1.907927578278773486e-08
4.098973452356498087e-08
3.882761790453793034e-07
4.481378562733977305e-08
-4.333666714961368596e-07
5.196871290712646718e-07
1.427074309076607930e-06
3.516872956067721205e-08
5.679277622675067941e-08
8.988971375378046701e-08
7.786060360082977223e-08
-4.324554875209357412e-08
3.766755940715880091e-07
-3.658059231505177005e-07
7.281727884098336525e-07
4.976148131109463699e-08
3.093696899449627213e-08
4.654958334986574061e-08
4.731106878290798820e-08
3.335707235012915325e-07
3.803459455457234183e-08
-1.862302361361520526e-07
1.240664178429402408e-07
8.467338573339175148e-08
-1.395899003979821650e-08
1.021742742344966380e-07
3.078237630202580152e-08
8.902151045991759276e-09
9.496147215093811206e-09
-2.160498423228738071e-07
8.969298941580150663e-08
1.648606635065592113e-08
-3.137356333369176944e-08
7.116462477317021997e-08
7.872344387256482497e-08
-6.595253619372696275e-08
7.778843241102799210e-08
2.694289018096037607e-07
-3.274770470406041124e-08
-3.307389446858944084e-09
7.690107246030915425e-08
1.748702745799464834e-07
2.380745275397539290e-07
2.516333413973202661e-07
-2.130373960680367941e-08
-3.655333791052389136e-08
-2.582312648317566909e-07
5.423776019097813827e-08
3.446317843360585310e-08
1.061471294649635781e-07
5.066175500350274456e-08
1.163188208040096620e-08
3.218622040530712986e-08
1.456050842184601727e-07
2.892879928304792634e-07
2.932351625826830604e-08
8.516445443761683251e-08
1.115660936896150515e-07
-1.179519591724438178e-08
1.289000128945519853e-07
1.363531789723132633e-07
-2.379462120746392265e-07
2.254600044411679750e-07
7.279663868214580505e-08
7.660804582941185411e-08
9.886755422549523755e-08
2.283190210177408582e-07
2.244364298915310620e-07
-1.274280773488650076e-07
7.442017391908362735e-07
3.510936899168035712e-07
2.252148719567071874e-08
6.342256833420606692e-08
1.110147591322265458e-07
8.554598075448437788e-08
2.788922215708984473e-07
-7.969288695753729672e-08
2.868294574409123835e-08
3.016466247057105693e-07
5.963339619337849125e-08
1.329406880765948920e-07
2.027946349101098029e-07
1.741797619212948885e-07
3.167708618818625153e-07
1.752298860801566053e-07
4.283543452639521220e-07
3.001892020174362332e-07
9.146155827421127311e-08
1.391523239756193328e-07
1.338794132356373594e-07
1.323023751827058798e-07
4.488800169243908634e-07
5.048675978741309197e-07
2.175144339572232587e-07
5.237837762919221579e-07
1.440812093895925877e-07
1.790850739613400091e-07
2.338330127841864285e-07
3.425086649875461696e-07
3.143465886695299041e-07
4.261919061208453556e-07
7.488552813137770337e-07
-2.118143683800607766e-07
1.764934224953834470e-07
2.202190008893395908e-07
1.981566543871346163e-07
3.236026030347663930e-07
2.985079452924904303e-07
5.282756209719472879e-07
7.252622943816771561e-07
4.652524763115210318e-07
2.227818760965463931e-07
2.660761709389096988e-07
2.925821947825020148e-07
4.213565741016812452e-07
5.616136827599598927e-07
2.666440824422501904e-07
3.013457271846993917e-07
1.654414030118292873e-06
