1.814132320706130066e-08
8.661760928562733450e-09
-1.602358887605348661e-08
-1.205064741234592668e-07
1.090787532513099349e-07
7.161200438782820904e-07
1.156870637859184737e-07
6.678443187266052141e-07
3.922361964120918409e-09
4.116440012146221416e-08
4.072829853357879148e-08
9.676432924955521044e-08
-1.941630403857638470e-07
1.163926671263614456e-07
-1.814884837043515133e-07
4.814111675116997823e-09
2.316208212855624732e-08
-5.157866919258508873e-08
-8.868458719071305513e-08
9.488335959943339335e-08
-2.708180688464012909e-07
-1.378066778094618520e-07
-5.502782340923125765e-08
-7.775100151395496112e-07
2.375228055722130243e-08
-6.839122998609360560e-08
6.518598929829788439e-08
4.626564410711145656e-08
2.209178944703348757e-07
1.935230306805399210e-07
-2.336329160498098235e-07
-1.996686279253971893e-07
2.783564145748522777e-08
-1.504347681746436111e-08
-3.595474209117613241e-08
-7.023372608674407912e-08
5.136268674192834841e-08
3.552194471273082508e-08
-9.675436714827583244e-08
-2.819327019361358251e-07
-1.691985099241031757e-09
1.291485342908104628e-08
-4.042088188471996455e-08
1.057063420998882961e-07
-1.625830940795700278e-08
-1.400436888812264362e-07
3.805943469371041389e-07
-1.151720831413056003e-07
2.169908361630989217e-08
-6.847370560289875225e-10
1.717479209581698222e-10
5.340203578350267563e-08
9.804969637781578063e-08
2.345074919883119063e-07
1.222283586545576564e-07
-3.470632844080419098e-07
2.740295405977529624e-08
7.537629855517736430e-08
5.310213668686430921e-08
1.421119112539299330e-07
1.551911574849421815e-07
2.943741020947338181e-07
4.888280235678024933e-07
-1.628532627718786057e-08
4.345440325005977558e-09
9.063639364182668364e-08
8.586019936454517605e-09
1.132555172761392657e-07
1.158824560679040024e-07
1.483898842040026940e-07
1.206445188202154122e-07
3.784722706691556603e-07
5.692763278576317017e-08
1.090133746807490820e-07
1.839269415753485597e-07
2.094925795171423241e-08
2.503427183719551064e-07
1.367741074441466182e-07
3.271204686871908791e-07
3.680503429774280976e-08
8.042049060321447914e-08
6.638765916363411859e-08
2.008546407430343995e-07
1.884424617846248490e-07
2.944606859340454136e-07
3.687678026046127598e-07
5.275957645088589862e-07
2.548012342118232547e-07
8.814853069877636663e-08
1.423262779892815419e-07
1.696709048699878911e-07
2.135331470958917671e-07
3.706751287833962520e-07
3.761724222553159108e-07
7.301581244343550467e-07
7.508919958739541489e-07
6.953871142119283267e-08
6.627641490884809848e-08
8.111365604987252284e-08
2.196113475963331996e-07
1.757292472626982366e-07
5.049768709365020606e-07
2.146729316389540037e-07
1.185719283848750200e-06
1.400200738801330155e-07
1.915302218797715940e-07
2.506836929945608521e-07
3.453404914259463217e-07
5.384825661600141379e-07
7.117737679080348109e-07
1.059411006166241523e-06
5.445666237174056628e-07
1.322646555218191927e-07
2.580124662116435871e-07
2.998544269212780218e-07
6.252874126561962572e-07
7.774467842563636774e-07
5.402114967618505678e-07
1.067742966538685813e-06
7.567395185541757366e-07
