6.559489801731140128e-10
7.842618357775820115e-08
6.445442740066637329e-08
-1.396316640553461796e-07
4.426646732314794720e-08
-1.571868700805724423e-07
-7.123508304820684626e-07
-1.526625259876170364e-07
-1.253238663924869615e-08
-4.484310753559278712e-08
-2.183498900499362958e-08
-5.356626083649143845e-08
-1.266829764166508770e-08
8.368687104284719683e-08
5.576336346183700485e-07
-3.235895370247431715e-07
2.776487314953027315e-08
-3.652906506373527199e-08
4.143764932492104530e-09
4.243468933188805517e-08
-1.551643074294949919e-07
-1.998016140473638134e-07
-1.787103180541944441e-07
-9.977000706793460823e-07
-7.557109348154504191e-10
9.768265427153962937e-08
3.330849750373994260e-08
4.675435550937686199e-08
-6.653429391220986558e-08
9.485689453685342557e-08
-2.057572903450343453e-07
9.285212357966936590e-08
4.644828290983773108e-08
1.408171045643134695e-08
1.965731829575359138e-08
-1.573856584244199210e-07
-1.054112005166565351e-07
-1.114617831783480440e-07
-2.683106871208150116e-07
-5.591067950457349641e-07
-2.369559809293007589e-08
6.958582580043557273e-08
-1.100372552268332459e-08
9.208402746392106809e-08
1.525786556268302405e-07
-8.133627752384845945e-09
-6.297942396510592237e-08
-1.836032991356736933e-07
5.879974007538433778e-08
5.768939813821036180e-08
3.329770046044553032e-08
8.728693316521127613e-08
2.424908802046231345e-08
1.330916507471894010e-08
1.177353380182003925e-07
2.825004410646841542e-07
4.193472261590641075e-08
4.447155294777027681e-08
1.500465747710848597e-07
2.184340117850147525e-07
1.372549849101464727e-07
2.164172422844079641e-07
-3.006209732342135935e-07
7.513826941941120266e-07
7.274659018467748625e-08
6.370691619450976311e-08
1.009160606869877075e-07
-1.691875990572775794e-08
2.741098500980134076e-07
2.177657025694363716e-07
5.158125085399670429e-07
4.896011189407781821e-07
4.907015998984329415e-08
7.929958528716736204e-08
1.168335781647254787e-07
5.266385200344707346e-08
1.844124762678905048e-07
4.389302096426572287e-08
7.462589309771343457e-08
2.228325065652442521e-07
6.048455479191573127e-08
8.168203220848073554e-08
1.366733862359996775e-07
1.262572036817609759e-07
1.621764372972720688e-07
3.581909662154245297e-07
3.645874832414483689e-07
5.521636615428726090e-07
8.295974394395480195e-08
8.233328083878032846e-08
7.190535378817399527e-08
1.979389253424022452e-07
2.620370141283439181e-07
5.212317102861548597e-07
2.835204473506195151e-07
2.978290140851416185e-07
1.005471689786756656e-07
1.681242671357549958e-07
2.508893938880410551e-07
3.403609374263884143e-07
3.667009908902261344e-07
2.586771287390207834e-07
9.876447199468792724e-07
3.524115743133718124e-07
1.081759659583256724e-07
1.227468943793624922e-07
1.940947608530511907e-07
3.729365967941208536e-07
4.316811176351985704e-07
5.318963040828371535e-07
6.603043823740306554e-07
6.825046527550700152e-07
2.237823408139794197e-07
2.498000853445406742e-07
1.924057603743213679e-07
6.077000785703297170e-07
2.660237305409905999e-07
3.178889657406915083e-07
7.355235114451372431e-07
7.468487860170213761e-07
