-4.557319196400286214e-08
-6.857322805027976116e-09
5.742593821607779971e-09
4.048116295034864585e-07
4.534595370092790342e-07
1.112256286972944563e-06
-5.414325529890555351e-07
-8.217141496450230867e-07
1.976435116019691292e-08
3.257918861659326360e-08
-1.581647283588471027e-07
1.378011844580204236e-07
2.464920620521025263e-07
-1.352724747721429998e-07
3.013929299606725929e-07
-5.927784850188244089e-07
-6.407241414246220592e-09
-7.199792201771203681e-09
3.526404492424204993e-08
1.477447629602171564e-07
2.415236675598601071e-07
1.061930132257116993e-07
-3.860701537617388747e-08
2.114169967081607625e-07
1.007011426151369506e-08
-6.912964477617244395e-09
1.151860714026382259e-07
1.996956235244179492e-07
2.170087494468582372e-07
-1.151606104895996113e-07
-3.320114702044800849e-08
1.105871607779267924e-08
-8.133277849036421438e-09
4.008116350386074727e-08
2.169785916385124266e-08
2.970094618281916399e-07
2.585072141447128877e-07
1.248277681338021319e-07
-4.768304260884307152e-08
-1.863660679439646127e-07
7.321121470447218195e-08
5.145206716500889491e-08
6.171125439377125475e-09
-3.072571156166992018e-08
7.032666555733908400e-08
2.505124547035070187e-07
-1.641861262046106212e-08
4.824288097036742424e-07
5.770052359501629173e-08
7.208865058289737477e-08
-4.121135609706902803e-09
7.962203197138784262e-08
6.924636789991042622e-09
2.422330347022041969e-08
7.255025556214865844e-08
3.803551958713266855e-07
5.020983999335869216e-08
1.004921449639953896e-07
-2.502325929742059615e-08
9.307534246083125393e-08
1.940569650769850319e-07
4.342732346976479557e-07
5.464353021002155578e-07
-1.357908755538494047e-07
7.376367911962484671e-08
7.293555027957014038e-08
5.423601165436968876e-08
7.531160698296803036e-08
1.945050452800666643e-07
2.043272195867436409e-07
5.830751425456575234e-08
3.717225162276517685e-07
4.674444577186811482e-08
3.205019091143716371e-08
4.316506895281551539e-09
5.214327313951890299e-08
3.338500483371626860e-07
3.250991479853710519e-08
3.522124410354885257e-07
4.731881941259282599e-08
7.021244073687733316e-08
8.139615459223786557e-08
8.449919899511796849e-08
9.316203700604483664e-08
2.711346982615538366e-07
3.414845020818163784e-07
4.106754511386245498e-07
1.195130775832668686e-07
8.398905876750618569e-08
1.216642841935709253e-07
1.263667925695622608e-07
2.112911612691236069e-07
8.011474292193465816e-08
5.097219719381531954e-07
-3.682062646782463726e-08
1.857270707939902570e-07
1.887270578900854496e-07
2.396344440852342880e-07
1.414535053541348353e-07
1.082193405049617491e-07
3.304718199877717079e-07
5.266342408562273573e-07
9.098035926881429742e-07
6.397398762351390031e-07
1.800557847871751059e-07
1.887356851386955560e-07
2.102315034487272412e-07
2.854076766052251046e-07
5.510862037083590796e-07
4.046212952520058199e-07
3.098308405461074913e-07
4.591303306976090183e-07
1.739742611712955660e-07
2.898968643234965218e-07
3.533623865835277822e-07
5.222522343979058091e-07
3.777931298697659003e-07
6.544766367666925020e-07
7.578990923796873548e-07
1.189267473034720992e-06
