-1.046158260234122282e-08
-3.646044921310352475e-09
-2.347206862877359213e-09
-6.442074720882087515e-07
-1.191471971852863410e-07
8.027132001019124965e-08
-2.130338757305382530e-07
-1.253649108892952350e-07
2.508043412590260302e-08
6.875874842803695567e-08
-3.507862278825352395e-09
7.860424667717740317e-08
-1.957811318590968107e-08
-1.615147080433380175e-07
1.147562126414125363e-07
1.043626180925383067e-07
2.606292026903119754e-08
6.657342774558165098e-08
-9.726620364773312326e-10
1.662412270481796467e-08
4.211364032451692390e-08
-4.181000933217956897e-09
3.204835976628718316e-07
-3.478892549169160448e-07
1.723183645125232501e-08
3.802993049637277637e-09
-1.208096397466510415e-07
2.992077587932957052e-08
2.327478166093750187e-07
5.191990375272395138e-07
-1.258569594425222751e-07
9.175585289906419035e-07
2.214595849944737081e-08
5.940893169546364808e-08
2.626300072089370898e-08
-4.978172193785159065e-09
2.049214121524911278e-07
2.330301032055426752e-07
-4.676171316906869935e-07
-4.300929604859070668e-07
6.049260526512734190e-08
4.583413232914623116e-08
9.379384926410116139e-08
9.744380506406995888e-08
-1.410504863693339186e-07
1.837277861705707639e-07
6.139489070435176883e-08
9.838931217652863766e-07
1.917039291991485643e-08
8.257607031320774369e-08
9.699618564710183137e-08
1.296266742683391198e-07
1.866901118827952260e-07
-4.412232657584922903e-08
3.275030444523781604e-08
3.952142426548659328e-07
4.564134557537967302e-08
9.112990233116135916e-08
7.596074077631603018e-08
2.035004295936821736e-07
2.857723439261542681e-07
-1.707267301656077963e-08
4.381685422454120905e-08
-9.921254629572802477e-08
3.018644270101517257e-08
2.092543266201503352e-08
1.451884032363095089e-07
2.336725288494814672e-07
2.359107613762206492e-07
-2.452189785027195797e-08
2.061159688821321469e-07
9.161314944896907158e-07
5.891401970953510481e-08
1.113626789593052182e-07
1.027376216627803103e-07
1.413627795978996586e-07
2.121826496785644588e-07
6.400988264915966912e-08
2.905389682759451444e-07
4.542446860808307408e-08
7.939229241197309629e-08
1.597154782563699646e-07
1.437789696733292802e-07
2.616493716817241031e-07
3.936991270132362079e-07
2.911311619467393294e-07
5.991337985184049212e-07
6.075103977864749910e-08
6.548953735498299892e-08
1.388191862762472294e-07
2.251334231694813476e-07
1.865068701956834527e-07
2.079244119061276152e-07
3.598277370760085644e-07
3.582367580185005256e-07
-1.245637211091066812e-08
1.283248013421391054e-07
2.114224128712867145e-07
2.792670370489111603e-07
3.914829888038785725e-07
7.022468960570460757e-07
7.386263979351556579e-07
4.762823783640383735e-07
1.583624275080269962e-06
1.546258956680159623e-07
2.216345895980676537e-07
2.978003900425802586e-07
2.591876947674560345e-07
5.827631738620610926e-07
6.047719183238733219e-07
7.832423128681080139e-07
1.214175523111023993e-06
1.338758092689681085e-07
2.396293603477911361e-07
2.084163657945433268e-07
2.628926373050896511e-07
5.126370179061181493e-07
9.815803447865388164e-07
8.988861916033695976e-07
8.163457570342957173e-07
