9.569879647379812616e-08
-1.119384553046872958e-07
-1.295702342111181876e-07
-1.780987023082267297e-07
-4.759603702826660652e-07
-4.310314795818568231e-07
-7.548935692335001248e-07
-1.147349572200506300e-06
-1.651604925760303435e-08
-3.265133039802755651e-08
9.158864146211347057e-08
-9.600505403309678249e-08
-5.860828683263246364e-08
-1.138968686764649847e-07
-3.609283939030187915e-07
4.845818042826662713e-07
-3.654963049359869679e-08
-1.784532041296156439e-08
2.292560423068074352e-08
-1.739244916594001648e-07
1.425433898320974431e-07
9.671845871567589834e-08
-1.604865082806738582e-07
-1.302362298404245675e-07
3.419500923813346871e-09
1.553921395267321175e-08
-8.675766782320498213e-08
7.775413994811272133e-08
1.050939075798985896e-07
-4.533988485127415745e-08
-3.292905381154321664e-07
-1.854995914278681174e-07
-1.320334094406912940e-08
8.574730733000571250e-08
9.764113553607715400e-08
3.957736223767409712e-08
8.349140485156896690e-08
9.693446282567857963e-08
2.939703740656021307e-07
-1.631319491947466735e-07
2.627214932884182412e-08
6.116159538781072811e-08
1.376626231303309104e-07
8.845011063477672446e-08
2.026390739303287568e-07
-2.266133982973795103e-07
2.143088547069427140e-07
-3.044725167484019897e-07
1.399693454327603510e-08
5.328783155293156996e-08
6.236573106579932692e-08
1.207556530261996139e-07
8.873155629142375756e-08
1.781122952794453131e-07
2.529298319474027497e-07
-5.189991371248725301e-07
3.159468412502566079e-08
1.095842836966071002e-07
1.270140095150935809e-07
-2.051318803009665572e-08
1.298233768586424053e-07
3.721527758489558328e-07
-7.181401925694450621e-10
4.479862305589802420e-07
2.741954248803092626e-08
5.296460155360354220e-08
1.226776206024407287e-07
-2.263086163368906276e-08
2.207809492499422674e-07
1.290153806614746798e-07
-1.676531473054473894e-07
4.411810689077368276e-07
5.873876877942535780e-08
1.013761499358523508e-07
1.971748563608915666e-07
9.601192778245102569e-08
1.738714071785956558e-07
4.231215295413125853e-07
3.037952239123895759e-07
5.879833454541639909e-07
8.876392821036440786e-08
8.862379517879975885e-08
1.290955618659362633e-07
1.455453284959961525e-07
3.040258330399774423e-07
3.543271567648285888e-07
4.832094109712282276e-07
8.719782145018592226e-07
1.035136902792635037e-07
9.326393260003637831e-08
1.175560299147916621e-07
9.888021746812410294e-08
2.762281745548401701e-07
4.596107919634046680e-07
2.160557189939273815e-07
1.304192353276875635e-07
1.168231653890190480e-07
1.612721892256122420e-07
6.706678906465603973e-08
4.840107272322828984e-07
3.697697560236351541e-07
7.896715445967719201e-07
2.601332064195413185e-07
6.757144847460333411e-08
1.748918073531855181e-07
2.101385047793640945e-07
2.543586385417645414e-07
2.502309803033952831e-07
5.433166173063651277e-07
6.251517096530287477e-07
3.691109295378002064e-07
6.821675487624596977e-07
2.441238296315021956e-07
2.456940782568164668e-07
3.172249511609879200e-07
4.451919526751852270e-07
4.297753286425261271e-07
8.798933592922023140e-07
4.856733797781151264e-07
4.163430687197130358e-07
