-2.111276782883407417e-08
1.516374370872610565e-08
-4.714819677934600446e-08
3.602739886454957876e-08
-3.621155236852753581e-07
6.901523072498070363e-07
3.531132792455921868e-08
1.145286912738058587e-06
5.568757464275878118e-10
3.478679933331823583e-08
-2.043741590802620448e-09
1.052286753216991771e-07
2.053150899895751335e-07
1.685534423955481894e-07
6.568105192290007768e-08
-4.878194602585678019e-07
5.480174305183641536e-08
4.855049442322120980e-08
2.051361898858176946e-08
1.466333218172577406e-09
-6.112030544501905547e-08
3.710283294058991225e-07
-2.224601866117578014e-07
3.791665118898321153e-07
5.727142358542794939e-08
9.646294046725513976e-08
1.128729986283381991e-07
-2.849064720427164028e-08
8.026945274667340073e-08
1.534170277593097371e-08
3.216363724712422093e-07
-1.849581354947070990e-07
5.023314091903220578e-08
4.639797751606513201e-08
2.879569498897919538e-08
-1.081072209020707201e-07
-1.505295803917333858e-07
1.436032169630364734e-07
2.806538601683296281e-07
3.922012041873975739e-07
-1.206339840521972291e-08
7.474334291528318896e-08
3.511489048854335688e-08
1.929468802687872731e-07
4.506743982811536648e-08
1.199103169472868946e-07
-5.649026344073653638e-07
-1.010505204359785854e-06
-9.962714690125311065e-09
2.512448072827376114e-08
6.067631968868941470e-08
8.094347523535752909e-08
-1.674773278925534042e-08
7.902090787229960601e-08
2.341226984023483008e-07
3.089901449140857784e-07
4.881978922465019604e-08
4.532897515668583914e-08
1.105481669910558767e-07
4.525585436506202667e-08
1.016927702661509296e-07
1.001981257212002854e-07
3.877328563411799235e-07
5.931045788846622476e-07
-1.171009543650765366e-08
1.518756777204244800e-08
5.527350244364017906e-08
-2.119930749138509973e-09
1.698310919534989467e-07
2.564161637322849376e-07
2.387301435313445720e-07
3.329392123856602046e-07
9.228545653484158569e-09
5.758751359945649241e-08
4.735807008623508310e-08
1.810101002901729965e-07
1.617283605185585860e-07
1.344757123158499901e-07
-6.552489338336921139e-08
6.731914368836648221e-09
5.741685401710670752e-08
1.577871137566087341e-07
1.088345515260162290e-07
8.567542143696572538e-08
1.025073307860851269e-07
4.036542352301651641e-07
5.610225751522390851e-07
4.010862944436953429e-07
5.018889995842047761e-08
8.213382790913326762e-08
1.026571619100150009e-07
2.005754976890987944e-07
3.623563721819313928e-07
2.554580577243776318e-07
5.583004842536840105e-07
7.442858297191170625e-07
6.331756522851749363e-08
1.541003211815718453e-07
1.293913688549347673e-07
1.731937295992454545e-07
4.426478303251640102e-07
5.730477344905205899e-07
2.291126721280516050e-07
1.274171615441598578e-06
1.091669718410327393e-07
2.372000080278250148e-07
1.820715318444353455e-07
1.777483827178814867e-07
5.236541268557857545e-07
6.484907360827001430e-07
8.399430754431608353e-07
1.030918554692264058e-06
1.503547017160654535e-07
1.851310303332666962e-07
3.338145931574296306e-07
3.952207844596339053e-07
5.553701281519825564e-07
5.957490571786107057e-07
4.226538143438972370e-07
7.852280062033420816e-07
