8.439709929216383170e-10
-2.437890492407687902e-09
4.864037800143389328e-08
2.969929113722597433e-07
3.759587910976878280e-07
4.394529422801013143e-07
3.477199376943374469e-07
-7.748584673450613596e-08
-3.568017337965032947e-08
5.463108003224713357e-08
1.306453560678597109e-07
3.047578266848520906e-08
-3.771028574458494065e-08
1.299878726876961746e-07
3.783994440041255352e-08
-6.012423907397540970e-07
-2.461587886711772072e-08
6.031145318987351804e-08
9.021431027338283767e-08
1.956908518277619325e-07
1.940522306872966782e-07
8.459630419761375563e-08
-1.755931384611092256e-07
-4.147298841298060105e-07
-2.372148674173353078e-08
3.975890583778823613e-08
2.232946203564870772e-09
1.933971526394607374e-07
9.409918835065814863e-08
2.648073055754091925e-07
-3.193813877048855396e-08
-1.078585241186249701e-06
-3.821252633933133202e-08
-1.218363654931894669e-09
7.167285773517792542e-08
1.260261412070852900e-07
4.447290577362957837e-08
-5.658129714694326338e-08
-9.021966389538760148e-08
1.093339767451540053e-06
2.756912713293131689e-08
4.293774644114600413e-09
4.205201791258751414e-08
3.537412121867527843e-08
9.411077985629936244e-08
7.245173462732277218e-08
-1.315691409257341765e-08
-7.992124076230633449e-08
3.831363762968876134e-08
-1.816657495190173702e-09
4.910174216408014422e-08
1.774536102602220575e-08
1.519067871808629548e-07
4.821217886788018074e-08
2.363905185620546819e-07
6.275147084191704707e-07
4.488561397498814783e-10
2.674012405169851668e-08
1.793603654739405699e-07
1.346563120127943583e-07
9.989774464668155429e-08
3.771184964384290462e-07
2.792002150805714128e-07
-3.027317985085683975e-07
2.286734671424221568e-08
7.578922494289437557e-09
2.535783772786722915e-08
-5.205211010809038774e-08
1.548826903952596514e-07
2.795639200282051140e-07
-3.636542615687906731e-07
4.748638075587601574e-07
3.431833163365011410e-08
6.943907572371153916e-08
5.982268962103741259e-08
1.708794188075461889e-07
2.129020638129215009e-07
1.236259782354871213e-07
8.476116938960207848e-07
-1.172186444668842343e-07
7.201157811334370316e-08
1.055113463765246032e-07
1.708907009517558542e-07
1.563827634403008736e-07
1.025640522241487087e-07
2.900608993871086914e-07
3.351160344843371571e-07
2.707470837038978976e-07
5.888175265652197388e-08
9.226339589568922022e-08
1.268247769240194878e-07
2.479383626240565756e-07
2.505937914674536178e-07
3.137601182426226646e-07
7.735981271169316019e-07
4.547686579195940649e-07
1.123489012772390127e-07
1.923432011984311843e-07
2.150348958286883403e-07
3.167333384367874582e-07
4.805567835073727752e-07
2.902483146979228755e-07
5.799522116751726375e-07
-1.193413274393385773e-07
1.283373714800398711e-07
2.152338258524640768e-07
2.444682353743852486e-07
2.725914038712660718e-07
3.313082853205228716e-07
5.496207542525155594e-07
5.553252685551006836e-07
1.064200525212465098e-06
1.226099808169590865e-07
1.963957372124595067e-07
2.042241885326577640e-07
4.451688255936385755e-07
5.877597339381415592e-07
6.757418632121239130e-07
1.018341641193913180e-06
1.312872177349166607e-06
