2.263707770990917319e-11
2.172026246207184612e-09
-3.318226462075814966e-07
3.245221141410240927e-07
1.244797620241926346e-07
3.892879253739440333e-07
-1.460540291872379215e-07
1.333915275272787472e-06
-1.956466857200972387e-08
1.686246322427061850e-08
-6.957750503728823704e-08
-9.474194606586994556e-08
-5.056225066362267973e-08
6.630822896358160414e-08
3.738757459220543182e-07
4.538574086655235109e-07
-8.345007453706744728e-09
2.138926862996474019e-09
8.959428905002959496e-08
5.892296590101175935e-08
-3.160888485289100537e-08
2.185969561015200034e-07
-7.380238324305662141e-09
3.687930990304273036e-07
4.046719240134917073e-09
7.412613804147994043e-08
1.061901781236043255e-07
2.721254338842132126e-08
1.621177171916280508e-09
-5.780462358083056667e-07
3.177329220807542008e-07
3.977291176473642811e-07
3.664431014258467574e-08
9.481628651938754239e-09
9.382984385952052903e-08
6.378870805007944910e-08
8.246077407120054443e-08
1.849546009658059543e-07
5.257049935274388359e-08
-5.565029148160983207e-07
5.033168486356169226e-08
1.149173819112909197e-07
1.372621103255981188e-07
1.806959614353119729e-07
1.547415897015286894e-07
3.580627229601942384e-08
1.459877696670097056e-07
8.261613354394168235e-07
3.803729169568383815e-08
7.093910574603191263e-08
2.866997879220233164e-08
7.938673468969648069e-08
1.353993109917649573e-08
1.472535958283999590e-07
2.014690866743901724e-07
2.711463775965512518e-07
2.624867074768651389e-08
6.002830481669703553e-08
-4.422141061496845977e-08
1.459707127666734408e-07
3.426999701922241104e-08
1.918455451121234188e-07
6.333826607169330660e-07
2.022522095806106920e-07
7.332399708987428962e-08
1.260012312618896786e-07
7.124622307613352140e-08
1.747477023921418721e-07
4.188672115052585799e-08
1.815002042818319254e-07
1.539557125077817661e-07
4.284732309265606475e-07
7.703969777622238882e-08
1.110487430961818069e-07
1.225304910108185235e-07
1.430713278283097003e-07
1.570299193245298951e-07
3.458277095561786362e-07
5.250823680275544595e-07
3.420959186194816639e-07
7.501323762457526574e-08
8.028111570959304667e-08
1.765030707094039815e-07
2.565874926703538434e-07
3.099448380421059632e-07
4.059210684764278499e-07
4.825146902762400661e-07
1.569470419615671267e-07
8.360648406686457881e-08
5.082690509896358601e-08
1.492856703779272528e-07
2.098957613141260286e-07
3.022074792201423985e-07
1.233328597735203885e-07
2.010764546856215539e-07
8.685992293351572703e-07
1.365636334882276699e-07
1.621944577013565613e-07
1.350289959848446976e-07
2.143937835355023431e-07
3.420545653295491382e-07
5.463955168040253878e-07
8.160409361205810171e-07
8.215478136818891592e-07
1.306367899051068324e-07
1.445678213480877798e-07
2.404065999853933088e-07
3.622163718770662886e-07
3.429314621641409798e-07
7.388008892987982509e-07
5.827392704968264220e-07
1.046160962279650351e-06
1.797288892107064091e-07
2.369479057074597166e-07
2.701856320343583000e-07
1.872368198709763481e-07
6.202227118527982952e-07
7.363804621536147341e-07
5.654067579132863495e-07
6.183459825093262162e-07
