-1.024454510981623141e-07
-3.542433380104697636e-08
-1.549298600387998993e-07
2.147369321956732042e-07
1.842874441521692410e-08
5.758143207945040069e-07
-5.103063839985301665e-07
1.345612685133920398e-06
2.914085674307436002e-08
1.918440437399749287e-08
5.252479948285169832e-09
-1.943163197498752475e-07
1.505109342876137586e-07
1.196656900550658449e-07
7.021263713484085460e-07
9.316759448755553982e-07
3.358272158228678839e-08
-8.171705642025296926e-08
5.244140507466876632e-08
2.019205948043753307e-08
-5.292452815242813252e-08
-1.023796005573899904e-07
1.242726253314550368e-07
-4.854528809034881308e-07
2.404933341399472092e-08
-3.082601712064526809e-08
-7.661065273124460727e-08
-8.747051646654807085e-08
-6.461299648824457052e-08
1.651025152300339061e-07
-1.414326961357615961e-07
8.108183755529888067e-09
2.380632355128039746e-08
-8.256748586901256536e-08
-1.800915446326696432e-08
1.034319115176533372e-07
8.732827359445834722e-08
2.606801451466389250e-08
1.511152431469826577e-07
1.963113820704358447e-07
1.475758414882305548e-08
1.257565499719429480e-08
4.323348138463757388e-08
-4.733913687856279738e-08
1.730001224226967242e-07
2.549973639035925766e-07
4.080945502182839751e-07
1.762611820753033641e-07
4.828177324530022430e-08
1.066672618238834627e-08
4.387645861482403533e-08
9.203258867230225478e-08
2.054926558500999130e-07
1.127385915420536258e-07
2.249500685195568224e-07
-4.897231411947571532e-08
3.393973290384540458e-08
4.245340076847756142e-08
1.049242179347361548e-07
6.829844273008809361e-09
1.373820805798122947e-07
1.761649208847846669e-07
5.125483693615066540e-07
9.390732639057840610e-08
7.364134457411976008e-08
7.199514001191929752e-08
8.400737541241513031e-08
1.888237143421051646e-07
2.752821894880467393e-07
4.816796892446576245e-09
-4.546533990451133516e-08
-2.012217860558471237e-07
4.296718752261833610e-08
8.370888884238066119e-08
1.634413234665495272e-07
-8.444676138626215968e-10
6.981219075426037105e-08
1.855372997743018826e-07
2.001179538145148567e-07
-5.685269494994021219e-09
5.028955902465222958e-08
4.455732099625993890e-08
1.457151991543720049e-07
1.658843918455729211e-07
2.873316793276249542e-07
1.857784261351223960e-07
6.274226374969237100e-07
3.547951853029842454e-07
7.887421542378264821e-08
8.489718528598445383e-08
1.040539999386946271e-07
1.570922730209851609e-07
2.774355959901267065e-07
3.342132541830924958e-07
6.217586758762369903e-07
5.254944037891989271e-07
5.645313391111872092e-08
5.992711694502650834e-08
2.488928784120554940e-07
3.626308306852731117e-07
3.832539797104734238e-07
4.215709622525716505e-07
4.340041507046737224e-07
7.430996002016509716e-07
1.294633195725029699e-07
1.394510449240966632e-07
2.641882302520739050e-07
3.320890012259307196e-07
5.895681939897311727e-07
9.342438510452274565e-07
7.973648790132235123e-07
6.020476801756954611e-07
1.608702056821480444e-07
2.129156550190139488e-07
2.385672614162799686e-07
4.596988640064957125e-07
8.156601660266120872e-07
8.369701069176344905e-07
4.190333732317469643e-07
-7.495876920361005670e-08
