-3.538119386122980637e-09
-1.144883736811037083e-07
-8.382765545267635757e-08
-1.901296397155433542e-08
-3.895350828493233045e-07
-4.081736242343328811e-07
5.426101804780327622e-07
1.147037475970525142e-06
2.280231525173475991e-08
-3.696443083909414824e-08
-1.459868897632999717e-07
1.005901971226924604e-07
1.743400392809288736e-07
-3.310071851366044214e-09
-5.759493649270128568e-07
7.596806161280133549e-07
-6.225283269438353588e-09
1.782012911067492120e-08
-3.657201928035450616e-08
-9.664373668542666792e-08
5.510322945949168743e-08
5.999890827331917917e-08
1.973437449499072903e-07
-2.460788548234065671e-07
-1.884137403161849902e-08
-5.777232987908813334e-08
1.432145106858149611e-08
-7.286424136259469818e-08
2.515944944364998358e-07
2.934505136570536533e-07
3.317153686991067305e-07
4.350053526868002040e-07
2.356454217572828668e-08
2.161300917727066098e-08
1.707171621251931352e-08
3.140038382082800070e-08
1.895500908652277267e-07
2.596635614447145160e-07
-3.135130880953731946e-07
-1.955382703282158839e-07
5.855229921317450220e-08
3.643801341416778351e-09
-7.134471590352203086e-08
-7.121242544141960932e-08
1.180043455626204427e-07
3.274432014462944772e-08
-3.356589693775916657e-08
-4.927733148568772061e-07
2.804427170747883946e-08
2.660743140864798454e-08
5.019158806671602540e-08
2.718551509510009174e-08
2.300757395344146141e-07
1.088336161999894191e-07
3.117836775568068495e-07
1.187835186733059987e-07
3.218132843699544204e-08
3.058822484599169323e-08
9.188991998042388928e-08
1.396219302662915302e-07
7.949522215368267622e-08
-1.382765784217960099e-07
2.701582534996013611e-07
1.414533100880890995e-07
6.986508414748027893e-08
9.106457797795433269e-08
1.362997339912740891e-08
1.399144506937497450e-07
2.006890228779149265e-07
-1.439181810763024221e-08
2.505495464910054361e-07
4.069307407800991755e-07
6.569301634430738846e-08
8.922372327167912740e-08
1.072476165091973555e-07
2.081748989887312595e-07
3.106134760597330907e-07
2.709737581026710049e-07
1.341185038596599141e-07
5.328236114590103294e-07
1.074448656360718150e-07
7.967757251677878786e-08
1.479480019209587265e-07
1.877672290314428689e-07
3.392920486005628044e-07
3.511013355033644557e-07
5.965721916826427596e-07
-9.931882657018874670e-09
8.898072165933922244e-08
1.291434105919350376e-07
1.479023859304360896e-07
3.465407259408233845e-07
2.927187056800146242e-07
4.694943326166606272e-07
4.421205040885131625e-07
1.790167650781295932e-07
1.023406626382585770e-07
7.576953617156434684e-08
2.823009129864920048e-07
2.420526251391200991e-07
6.313113950823461454e-07
3.600805744066794670e-07
1.138220349985616411e-06
-6.357567215450068727e-07
1.383435337264648593e-07
1.516796604789962877e-07
1.988301620015327257e-07
2.927079329897757281e-07
5.534072300492229250e-07
6.678385480743838430e-07
5.381687904664304042e-07
1.213753893745495574e-06
1.728857229064142196e-07
2.434648523300560849e-07
1.645945720367567384e-07
5.146325534232821033e-07
5.298098800883366878e-07
8.346819544593839791e-07
1.349644809037909788e-06
1.777379345573712836e-06
