-3.189406518086418422e-08
7.240511710279488425e-09
8.635582268784745011e-08
-1.210133223979417463e-07
2.345318009096857652e-07
3.590988250404009491e-08
-5.688322017906069829e-07
7.326609909260251640e-07
7.023703480154644399e-08
6.801468350636981408e-08
2.778577192431505670e-08
1.484217121227065575e-07
1.719271976133475965e-07
2.754024106987796805e-07
1.005338984804016639e-07
1.903699152677539300e-07
-1.277982620368337585e-08
1.036526465463338238e-08
4.040286654213194820e-08
3.661348768719565107e-08
3.094549161708842784e-08
-4.588419169658951351e-08
-8.595617659898576301e-08
-9.967295363997585923e-07
3.770130272671181938e-09
5.939035069746394569e-08
3.428867578055503131e-08
9.334797132756717261e-08
-3.306863727744579733e-09
-9.495920253541228051e-08
2.614927939960055166e-07
-6.517216067754880886e-08
4.420298858110616431e-08
6.046329538796548331e-08
1.517067429647436472e-07
-2.210568703552403741e-07
-3.017829240354519407e-07
-2.233807779371471070e-08
1.091020814591262375e-07
-6.593880935101866000e-08
4.732157560192137070e-08
4.069483096365913385e-08
-1.009947018994507468e-08
1.264575820083155861e-07
3.845733180142479155e-07
8.681284332509509399e-08
3.790602860023164624e-07
-6.076996408511170091e-07
9.305661133246569513e-09
5.552290432502379630e-08
2.471607126086438354e-08
4.287551853917324883e-08
-1.861056338899818632e-07
1.619547260467889175e-07
-5.135534113221114112e-08
1.985334394841619938e-07
6.634562043827949220e-08
3.790152656604340420e-08
3.085010880542425663e-08
1.154027553884044987e-07
1.693287908986238973e-07
1.474533538759840837e-07
3.181111753920511667e-07
3.730844715687365356e-07
4.484633729117545195e-08
2.067773461952800020e-08
-2.320513815296602338e-08
1.117795725926912887e-07
2.683718260558156265e-07
3.079615693846076314e-07
5.609769878208989239e-08
2.065756136273415144e-08
7.841764335923946760e-08
4.928669894034326758e-08
6.427680012889335056e-08
4.364980844325461979e-08
1.275972280205816376e-07
3.353470310764765651e-07
1.012691836335251181e-07
-1.492115689657372770e-07
8.174944237887565515e-08
5.310596419108790087e-08
4.373078501271541765e-08
1.684340674683718341e-07
1.937564899247426930e-07
6.028157395641027628e-07
1.906202216065801491e-07
4.008864475962095120e-07
1.045410683095635345e-07
6.725236005785458160e-08
1.358338738338775328e-07
2.462896221322710462e-07
1.219125442508764167e-07
3.907432751893663769e-07
2.420025717036616943e-07
3.639590389061883410e-07
1.196026869549103370e-07
1.817069845175483228e-07
1.388646686548399074e-07
2.238798568469303478e-07
4.141540097133310963e-07
9.104693049366413462e-07
6.872018141907353838e-07
-4.888476471480485752e-07
1.545593460736338568e-07
1.353639584544784132e-07
2.015584055342569762e-07
2.773052083129225257e-07
4.630708394687953638e-07
3.947015945092677260e-07
8.511363791716426810e-07
9.707342699805079610e-07
2.269062664899993675e-07
2.114527508633844690e-07
4.172922148218957464e-07
4.569749007090427919e-07
4.330074808416255964e-07
7.135373837556934721e-07
6.638603180203834828e-07
1.051270208027473437e-06
