-9.843378041819009474e-08
-1.616453612497855446e-07
8.278996665782697385e-08
1.914373279022337707e-08
1.865737898124241232e-07
-1.672721590144981451e-07
2.942230750463021373e-07
4.924576521701938634e-07
1.287280030516686101e-08
-2.911116643279533084e-08
-4.166712024195457461e-08
9.453408807092420570e-08
1.049337644982375341e-07
2.706520564317204097e-07
3.726755627035979438e-07
-7.989574032396828532e-07
-4.294574153289894649e-08
-3.358169871128765779e-08
3.913185767391954974e-08
1.845966386767776099e-07
5.413539430647170856e-08
7.853002627267671811e-08
-4.564057237047689249e-08
5.543473147086600915e-07
-4.793361519301480454e-08
-3.351818061601893897e-08
9.616912744974961658e-08
7.873436772323238846e-08
1.122090673354355298e-07
4.181642012452090761e-07
-5.189852636594492815e-07
-9.715129130289927740e-08
-3.539826056428440323e-08
3.834857197761652310e-08
2.323748667954289654e-08
-2.058271304765417047e-08
-1.440044727140287785e-07
1.182185929463435868e-07
5.380267125578305857e-07
1.741764934386775419e-07
1.967391653629371689e-08
4.115204739846038731e-08
1.161118825136840406e-07
8.168781205153090662e-08
2.181085582772323575e-08
-4.029090166066567263e-07
3.143142209348815089e-07
-8.295355831209215436e-07
2.940270421756243439e-08
4.884986448276980352e-08
1.191776909295868270e-07
1.272594526607224257e-08
1.042106881341905717e-07
2.056681586332057032e-07
3.607099755499536845e-07
1.790942223422911095e-07
5.016169067824798393e-08
2.291726739917574616e-08
1.012473752628529619e-07
2.219589286390974092e-07
1.784511607094463274e-07
6.990742160225615891e-08
-1.411363340373011022e-07
4.820474322004802121e-07
4.782647215943635570e-08
1.328545893721639618e-07
1.890502247573873549e-07
1.857146756878467149e-07
2.378039944053935498e-07
3.179922233819086481e-07
2.098962730422220778e-07
6.708711558541256626e-07
3.075156242318420744e-08
5.555559999929404719e-08
1.472094890154802999e-07
1.462796900130529339e-07
2.322093720194795718e-07
2.413771943538865475e-07
6.975779497269563406e-07
4.875943415573129622e-07
6.823065565298851511e-08
1.160732694944907469e-08
1.321680831388515494e-07
2.104666351682589928e-07
2.895447273430685454e-07
3.889337785633509418e-07
4.094873236484128529e-07
3.206740768144155492e-07
6.267371137540439981e-08
9.495575365497493399e-08
1.840317100979226699e-07
1.874418800292734653e-07
3.594718072558842784e-07
2.810218786665341380e-07
4.589799291500969961e-07
2.886487037461825980e-07
1.415095232503397320e-07
9.192972131459207032e-08
2.913729458614575844e-07
2.621089664141197189e-07
3.456649950943321009e-07
8.536852940855969065e-07
8.617161848556544630e-07
1.688208778329819451e-07
1.355450122834927467e-07
1.249962384096894610e-07
2.952553999969119835e-07
3.665473927279926036e-07
5.502182257874770875e-07
6.728046664299794685e-07
5.476966940502483626e-07
7.850852851934868827e-07
1.886528546116315212e-07
2.939805271780871901e-07
3.034144003819062065e-07
4.130269032567818252e-07
4.137969133485024797e-07
5.351677051693214958e-07
8.446549146555056369e-07
6.975645156898936455e-07
