4.796182584168745143e-08
-1.854005178048770193e-08
5.078404706715616524e-08
8.706457001707371690e-08
-7.511426247091420491e-08
3.860722440644794329e-07
7.322967035779448379e-07
6.792446501282424487e-07
-3.314018000055243962e-10
-5.600536022366031680e-09
-7.277172114327118783e-09
1.171986166335922643e-07
-8.459305208143033151e-08
2.189576019841184298e-07
1.073942734221473769e-07
1.091343480453930860e-07
-4.864863311067859887e-08
4.932404516348737426e-08
7.392180219484366536e-08
5.155053054523301562e-08
8.858660763249211609e-08
-9.629576471425082667e-08
1.978806078814601256e-07
-1.972861985330567471e-07
-9.244048593979250634e-09
-3.294552401619674876e-08
-1.972045618565834625e-08
9.873075030436210447e-08
-1.424160031698375511e-07
4.640456781028442737e-07
-2.023852269037994489e-07
1.178196825858569138e-06
-1.186704460941275353e-08
5.657851950317099088e-08
3.702420753791124208e-08
1.218094690860026793e-07
2.043882242536902675e-07
2.606508240182997954e-07
1.867404250995482318e-07
5.303022071708597697e-07
1.050580728767505489e-08
-6.435290793027186833e-08
9.133044854682872960e-09
1.430616453237301130e-07
-1.482163589398363223e-07
3.623606132861863572e-07
-2.722787493800246291e-07
1.100098026084568666e-07
2.303699985423869237e-08
5.738355086418208386e-08
2.795899571345656035e-08
2.098628526271511851e-07
1.066527365179134424e-08
3.834061165508196587e-07
5.794333143744064020e-07
4.992207101126098283e-07
1.660074685019431177e-08
3.049364965412796207e-08
4.225315981892050835e-08
3.724207837460871377e-08
9.863617059759502404e-08
6.769919429802845503e-08
5.172967778806465646e-07
1.566176518348405014e-07
9.262010588769188059e-08
9.234552073870569622e-08
1.057201490306799908e-07
1.541893757577829804e-07
9.561633004744526014e-08
3.535826360553935197e-07
-1.497878079544273868e-07
2.279645887072260080e-07
7.683930277168447070e-08
1.240489569076654454e-07
1.253075552858381236e-07
1.593769777464008085e-07
1.372124384483871861e-07
-5.210705769137783146e-08
4.142966424342687023e-07
1.707325319365568292e-07
7.817361613304143257e-08
8.874117487592450941e-08
1.474547831642776457e-07
2.387169380604077622e-07
2.577381804704590322e-07
1.869456148154886078e-07
1.067074658538937519e-08
3.169145288194220664e-07
5.285765585579674894e-08
7.108890206704498450e-08
1.378137373670587809e-07
1.840770277830742900e-07
9.970692437705086300e-08
3.647431443226106483e-07
9.647766560648864098e-08
4.462776657782175521e-07
7.423688432631411692e-08
1.346399156109874991e-07
2.603511277361761708e-07
1.695923382253157231e-07
1.869711780192298955e-07
3.136945865865852561e-07
1.151795618785125549e-06
1.297937058062542434e-06
1.241747632721865722e-07
1.632910447255028871e-07
1.166601702142756402e-07
3.252506647045704269e-07
4.124459075600835887e-07
1.997664954967028591e-07
9.060524269713582224e-07
3.955449148965656787e-07
1.685636764478494430e-07
3.018265215384712088e-07
2.397074051358646443e-07
4.862938451998840197e-07
1.842056053260307883e-07
2.932963672676162108e-07
6.892486236397294574e-07
4.263171029491163435e-08
