-3.735023002340815334e-08
5.033037902771150152e-09
-5.596200979280373538e-08
-8.840598161734684937e-08
9.005633666725618350e-08
5.949521299299674362e-07
-1.427985319079796940e-07
-1.002231839196266106e-06
2.357995357311093427e-08
3.334372065018630932e-08
3.472329017814020631e-08
2.061087213880021059e-07
1.364352115754263153e-07
1.481802690924766390e-07
9.126039267538484772e-08
2.519183909216995152e-07
4.347135532152996457e-08
1.978371523061176298e-08
-3.356012816229098845e-08
1.332064614501738576e-07
5.335125904434711034e-08
3.660009609067794849e-07
-3.698584157664998328e-07
2.318832918074408366e-07
4.507221448464939271e-08
-1.367435630801080746e-08
-1.031377036790912365e-07
4.242203494278419714e-08
2.466385379180673310e-07
-4.623304652437023414e-08
5.046999230804213826e-07
-2.715776409806911094e-07
7.762136323357219123e-08
9.394118914520659803e-08
-1.357855583483806349e-07
2.082684609685201270e-07
1.047838307335091969e-07
8.249968891576015243e-09
-5.482757913371500976e-07
4.252638783929378659e-07
1.704547616751989400e-08
2.526353733516189292e-08
9.696202203186310840e-08
2.502434222910673297e-07
7.051570284455010697e-08
9.653744223122742286e-08
-3.972168363707597312e-07
5.878351240597747403e-07
5.040693065294432082e-08
1.002708009785571271e-07
3.109697714841651719e-08
1.225522124902593604e-07
2.234375877107410342e-07
-4.611816850525596406e-08
1.235439967166940019e-07
1.607625356252697713e-07
2.740273794448898092e-08
1.216601212530534035e-07
6.320315398574046802e-08
8.849563448776452777e-08
1.761243112837365151e-07
-7.518467968022822613e-08
2.491105618495459439e-07
6.152867873544677150e-07
5.551206036627442411e-08
9.862094582878503107e-08
1.169612151485660419e-07
1.712661423449565025e-07
3.143462247889020487e-07
1.070411822928428055e-07
2.303347282443818400e-07
5.991973091607028474e-08
9.195455429044681871e-08
1.327725878728138818e-07
1.366238525426760749e-07
1.008131613298056643e-07
1.466648972157489733e-07
3.659795408572779939e-07
9.647791330143464805e-08
2.250061997564653561e-07
8.639300636565699636e-08
1.433509665033045222e-07
2.665076148286458167e-07
2.004365080358368246e-07
2.970663446578496457e-07
2.878234518283820931e-07
5.291917164031685918e-07
6.386425725655083843e-07
9.133656834590600830e-08
1.326730664778850973e-07
2.649638202136681356e-07
2.091091704336838910e-07
3.173529520382724765e-07
4.426933104876565002e-07
2.132491119303966709e-07
5.001422877048586407e-07
1.728067274393427110e-07
1.893496836806009784e-07
1.817559174568731537e-07
2.232541446414729681e-07
2.933541292194490435e-07
3.965867620810695100e-07
6.395905966334669997e-07
1.075136731773159211e-06
1.242713062631177485e-07
2.138045802768858453e-07
2.495586533470042556e-07
3.298734161686683792e-07
3.336992580071037332e-07
5.515238239307513038e-07
5.934458371064868083e-07
-1.228392297193757805e-07
1.724027708415518217e-07
2.318571675145608752e-07
5.052632969858193001e-07
4.492395603890734769e-07
8.668802118771519717e-07
6.387032411305994831e-07
5.873440417182286289e-07
7.621380248669416620e-07
