5.607409561197275818e-08
-1.017327306149075105e-08
-3.840789450639780198e-08
-1.182760510689615773e-07
-3.026774732478827623e-07
-8.459533936896622205e-07
1.477703556032234301e-07
1.726870323999447114e-07
4.716294603598084077e-08
-2.689554298615864255e-08
1.723098171571080982e-08
1.351662257765201044e-07
2.595975187184043418e-07
-2.525776381005750087e-07
1.760206515455200186e-07
2.657346562975021774e-08
1.699482175783451501e-08
5.371751549432216716e-08
-5.090283382184198124e-08
4.052092946611361153e-08
-3.080802064200753719e-08
2.472668362156706561e-07
-5.177185753414731523e-07
-4.051497091017821273e-07
-4.621400945392632193e-09
1.700201029024827573e-08
4.191771093000878983e-08
8.228487452726086205e-08
-5.527298509890391446e-09
-3.083962428672289741e-07
-1.938302337542071168e-07
5.339360158395817562e-09
3.743591063071202481e-08
5.626580361775942148e-08
-5.885361348496534353e-08
-1.610133803246458275e-07
3.874710632097050350e-07
-8.176147351378273195e-08
3.767035058350828349e-08
8.199898038258893630e-07
7.407151018813064892e-09
1.238496131343400934e-08
1.210783179615640894e-07
1.264838851635988180e-07
7.589413714307028223e-08
1.503189045343962430e-07
5.444962946629510241e-07
-3.237283188983620727e-07
2.504067354455272783e-08
3.314613481664378161e-08
8.970598288381030745e-08
-2.130970569786213258e-08
1.562494609611438622e-07
5.836205902996419322e-08
2.958310437609466009e-08
5.452648861645042697e-09
3.868593288837903213e-09
1.087497434201039749e-07
5.046912170475997533e-08
2.053020845498883180e-07
1.231247959002484902e-07
1.158171374421227746e-07
-2.502199563068186525e-07
3.715282498656294960e-08
4.333215093874014765e-08
6.285775739455854607e-08
1.058870356019150276e-07
1.622444239299483467e-08
1.288534347871478322e-07
2.831054698942828011e-07
1.782145265545088607e-07
5.326669567789524495e-07
7.649852230391223398e-08
4.597537977240336057e-08
8.597258935170966876e-08
1.382818309308813599e-07
1.241394599696762190e-07
2.278022813369316847e-08
2.739436838870682202e-07
2.963703476145613016e-07
9.292231432062782227e-08
5.293058848802238054e-08
1.287235555712526339e-07
2.527701913231572680e-07
2.282343289317159424e-07
2.348220058467915973e-07
8.698700013133646532e-08
6.764340020538453432e-07
8.697438489140121971e-08
1.229688891771357272e-07
1.494244574569660349e-07
2.053038986926620368e-07
1.557629715854349119e-07
3.424511185083229790e-07
2.816988728902543641e-07
4.603060563445031332e-07
1.213960162332827360e-07
1.656781198334487800e-07
7.712163948243061419e-08
2.713441806112342896e-07
5.723368416948657322e-07
9.846334632310460358e-07
4.243090891576017525e-07
7.504247097705835663e-07
9.467262858239002705e-08
1.441048566994293426e-07
1.195949524043801906e-07
2.737840008199261046e-07
4.607492851316283842e-07
6.800207560828042071e-07
2.907486655221331919e-07
7.979602777123646931e-07
2.007700730118512786e-07
2.573203041180803318e-07
3.496849706200922483e-07
4.614211869585441724e-07
3.538185741560257882e-07
7.599117154453177854e-07
9.563268375273551975e-07
-7.337408914925417780e-07
