-6.024540675733975317e-08
-4.299827794447730619e-09
5.728657060595714383e-08
1.580022927574549925e-07
-4.726812330580807257e-07
-3.073669111195075048e-07
-1.957045239127224301e-06
-9.565351804952718372e-08
-1.089505712800589465e-08
1.445399676149498458e-08
-1.144209965013498627e-08
-6.564890499572691127e-08
1.775790274410526465e-07
-2.167434301406254906e-07
-3.731843324032463416e-07
4.813012110158145294e-07
-4.332541065024188602e-08
5.195996871750963845e-08
4.582238749201385680e-08
2.109184365390693731e-07
1.691104121334256051e-08
-9.449342174217224339e-09
-1.639864556915147133e-07
8.719986940077235643e-08
-1.753530658900774869e-08
6.928806480022173628e-08
-3.654921142792350963e-10
5.541932422709126579e-08
7.213974026075342095e-08
1.715209098640259157e-07
3.247932349935757522e-07
1.356004590052822503e-07
2.507661843811293661e-08
5.169356502764349910e-08
-7.911885356907951383e-08
1.860860092654392897e-07
3.859454131291331857e-08
-2.132834289173472786e-07
-2.462508431109768924e-07
-3.088644624031624445e-07
2.311963252143186409e-08
4.302562664987335389e-08
-1.358312668536132741e-08
3.761826506695499138e-08
1.517446970080999106e-07
3.158236384901499550e-07
9.173478281295778839e-08
1.415973276643262620e-07
9.975298874590529599e-09
5.830406090750465076e-09
6.011032946117290081e-08
-1.705974904066496451e-08
1.500478871148877986e-07
-1.098189884588875058e-08
2.746484518050959029e-07
1.442676780669026344e-07
3.732841688209830676e-08
3.062898636311688814e-08
1.434768475139184563e-07
-5.974570462672029579e-08
2.934750210902048226e-07
2.492778858599874925e-07
2.886043165315210785e-07
7.225237094957899784e-07
5.810847433218730882e-08
6.581576970043166874e-08
8.780562798430487598e-08
1.935334716796451595e-07
2.423931893490218477e-07
1.859128870830051448e-07
1.313841556273009410e-07
7.043912608576858037e-07
3.110250566408058873e-08
4.565967552370288099e-08
1.140941568426446011e-07
1.802314324265014969e-07
1.948801233709522343e-07
1.584355426913766238e-07
8.009405113822423826e-09
-2.628107670423019753e-07
7.105230278803921035e-08
1.380595998986822979e-07
1.754840737596982239e-07
2.412860212575761854e-07
2.809006095439436141e-07
2.794072512250284563e-07
3.125086639577542928e-07
7.059696509831623805e-08
6.722233786841229334e-08
7.713178592364045297e-08
1.312167290350381260e-07
3.462904067124027278e-07
1.444246929433547735e-07
2.801148572563239502e-07
5.735436981748528064e-07
9.440058763737626215e-08
9.806700947640145892e-08
1.558542770856386436e-07
3.211223372289591599e-07
1.951569627569793685e-07
4.198495504328832813e-07
6.700247620494939115e-07
8.580888175086503519e-07
-3.594331439829240866e-08
1.570630780605360948e-07
1.717699327477136229e-07
2.636701282123191503e-07
4.271059159212011332e-07
3.668320211992635832e-07
5.742890156091293607e-07
6.858334988955554721e-07
5.150986108230329970e-07
2.239622587939948545e-07
2.153541084323508737e-07
3.495884880965093625e-07
5.150243518731859061e-07
6.930614904751276125e-07
8.153972720253964959e-07
8.519414883626087583e-07
8.095238111712356704e-07
