-3.153103061040142503e-08
-1.140090392340830685e-07
-3.153365925611017580e-08
4.735085434680592017e-07
1.513025915814892436e-07
6.870257571035742284e-07
-2.115418427968093051e-07
7.076627031498824104e-07
-1.647669980323672746e-08
6.081936817268675931e-08
-3.811622175451749706e-08
-7.840631979383005333e-08
-6.471582932689047253e-08
2.495111048553486106e-09
2.888177173918646440e-07
6.566553143802867710e-07
2.107897416347579512e-08
6.154932400036147279e-08
2.102708723684174597e-08
1.797346980059843712e-07
-8.743785370484275854e-08
8.869652645254391341e-08
3.058592029071334596e-07
-3.241186295667426210e-07
-1.062954912296932174e-08
1.829565704664572096e-08
3.606012675828529563e-08
3.267271475565902881e-08
1.254213134779181100e-07
1.657228577007714455e-07
2.133150829396874008e-07
-4.647208182656161362e-07
6.457079177160850061e-09
-6.039290550970552009e-08
1.025663103429559174e-09
6.691153678863667760e-08
-1.779486377614842418e-07
4.709607113679724352e-08
9.885634871856606776e-08
1.434011250744894322e-07
3.315599527573133086e-08
3.078676655003305466e-08
6.355505603885216414e-08
1.526844954319193729e-07
3.260373423603645753e-07
-9.661652318563199624e-08
5.562133400528998495e-08
-1.375762033108551979e-07
2.283996231254327178e-08
9.662476723773669281e-09
8.333263367883889999e-08
1.285459566584652195e-07
1.616970762318831371e-07
-2.100081844830874961e-09
1.748546683020650778e-07
4.679040885286290343e-07
7.693743981023074243e-08
2.516605454486880197e-08
1.226276999577028820e-07
6.899505508510548093e-08
9.704782935076430917e-08
2.284130379821655897e-08
3.134678245575461051e-07
-9.739705253852556025e-08
1.433538941956300416e-08
6.204830964754088245e-08
7.441391976497061306e-08
3.843732789187916987e-08
1.874228725680498172e-07
1.870277875750435679e-07
1.374471599132836235e-07
3.298488809671603966e-07
6.976868841174184288e-08
3.279098150624312715e-08
1.258129930055572681e-07
1.424554424551851059e-07
7.039662292277063342e-08
3.831432389495138438e-07
2.050723196910152395e-07
-3.137747023243186914e-07
6.822303891913171051e-08
8.742910433395090701e-08
2.405805346376227180e-07
2.519433690711642242e-07
8.829754418823015086e-08
1.968470688325813187e-07
1.992415482035335004e-07
2.868691549903312571e-07
7.644424497206327331e-08
1.150818936266415853e-07
1.988170793433315652e-07
2.247811082663964686e-07
1.856341334078907399e-07
3.792897401774694565e-07
2.283410302283017127e-07
6.353862967783875288e-07
1.669067438534673746e-07
1.742713818778437624e-07
2.864549122308395646e-07
4.517423296686191932e-07
6.238528730968951797e-07
4.452992186024834902e-07
7.675210931214918688e-07
6.043549788206627343e-07
1.408264175033646256e-07
2.120429505119863838e-07
2.622064546920699285e-07
3.587523747448701747e-07
4.798772760694545823e-07
6.545185481977757222e-07
6.743879023398347059e-07
8.400345123412251525e-07
1.251360917626338454e-07
2.586327491032486575e-07
2.542978680183750987e-07
4.719701105884338801e-07
3.837635421202868584e-07
1.018135690275182071e-06
4.735502615773178532e-07
3.203936135033593370e-07
