-2.426729358368659622e-09
-8.626296701820581745e-08
-5.845422522476247303e-08
-7.434644566000563304e-08
-8.026686239143562456e-07
1.881791595004760094e-07
8.280422403048431553e-08
6.303909195598009189e-07
-1.743354767932478492e-08
-1.678662133642256571e-08
-6.894672110972161287e-08
5.106928387574243395e-08
1.969770879012214322e-07
3.098133539857783399e-08
2.713084601103250199e-07
3.329681457522435455e-07
-6.336834367075792864e-08
-2.397275219900303833e-08
-1.019178374736062210e-07
1.367956500923186276e-07
5.603652660519631428e-08
3.383856505153834943e-07
-5.940521929362710045e-07
2.812875794134860736e-07
-1.592597142683649254e-08
-8.689630761495505306e-09
-1.679975113300812151e-07
-7.063491910489385450e-08
5.268507037890420857e-08
-3.261652389235594086e-07
-1.926193532763193751e-07
-1.169266040372732662e-07
2.539932438154791218e-08
4.069129224495638026e-08
-1.074936077111405399e-09
1.210127447710195993e-09
1.883168298527551510e-07
-1.613143862606265140e-07
-1.210569696106862605e-07
2.614554442402737104e-07
4.395668868301410371e-08
7.890423984561418998e-08
-1.416361501816012169e-08
1.812260242902805919e-07
1.822938989936860661e-07
2.555257313022643804e-07
3.740710654437335743e-07
9.554038406775900928e-07
3.077524926086218525e-08
5.372405904056776368e-08
-3.790320767977747917e-08
1.111436953596753733e-07
2.291565847393418847e-07
2.258965633891273371e-08
2.656667729662879461e-07
2.264452280533224383e-07
4.380306167246818670e-08
1.348314569458695008e-07
1.515184175147710896e-07
6.235612878738938078e-08
7.790346495172658533e-08
4.806341730920952255e-07
2.485249983068677313e-07
3.805878705927753067e-07
3.958308788599348076e-08
1.483807435690515350e-07
6.715447703712400173e-08
1.391048985971547879e-07
1.421563243845377676e-07
1.698214526600716472e-07
3.211952205654250012e-07
1.277049474427992952e-08
3.099821084978758920e-08
8.876435000867128706e-08
8.180466202291684871e-09
8.574536881931267176e-08
2.287340304586182518e-07
1.296695133602269156e-07
9.516010092529673213e-07
5.566885963390844740e-07
5.353112596525217916e-08
1.440200006732258515e-07
1.385606166556170032e-07
5.318924323120756455e-08
1.775740205366442276e-07
2.151006095584431040e-07
3.967385816502325499e-07
6.448940137522175069e-07
6.976344846212384951e-08
1.682706611303926221e-07
6.865897845609390921e-08
1.938411662518854583e-07
3.042396772199994665e-07
4.448557936962564373e-07
1.153025200770684733e-07
3.285123071714827986e-07
7.464727596469396141e-08
7.590060677908555173e-08
2.151239119392211372e-07
2.746006007685499877e-07
5.449067179942795428e-07
5.198705380077414066e-07
7.046594982916479924e-07
8.658625144468147630e-07
1.805691622791428701e-07
1.439033650195325157e-07
2.884079328238486387e-07
2.873431799301372241e-07
3.120166236706808361e-07
6.913568034889082259e-07
6.563149797595255376e-07
1.250722115894562733e-06
2.687039033516489978e-07
2.680048649054322489e-07
2.224085875885571382e-07
5.057771858473880916e-07
8.149862196675142831e-07
1.173470960599521212e-06
1.096362870313130068e-06
1.152518739167627269e-06
