1.880277512460719299e-08
-6.491023786936451067e-08
-1.920621313179797037e-07
6.177860138358040082e-08
3.023380708815916860e-08
2.374786836740011826e-07
-1.969404223080166916e-06
-5.169916244529147512e-07
-2.434696855156521958e-08
1.819333126262680955e-08
9.773417989193606400e-08
7.941576867111261493e-08
3.977928651595161767e-08
1.502123241958803985e-07
2.378694335265969221e-07
6.530529703365607214e-07
8.320070627359181132e-09
-1.164146741792706347e-08
-1.058848564733630576e-07
8.043456409745925879e-09
-7.438074889217300908e-08
3.496891777677089294e-08
-5.442118868931229081e-07
9.475260315850414120e-08
4.571365224978637308e-08
3.208026605344616314e-08
2.410810968872839702e-08
-5.156397153393999498e-08
6.302342368591936005e-08
-1.946523675102613521e-08
3.516548875149629927e-07
1.514229864881117299e-07
5.289462959072817806e-08
5.159681828830726806e-08
-8.539876092931335603e-09
-9.192474443511470590e-08
-3.205560220286834760e-07
2.942226105494617778e-08
1.687531557136359342e-07
-3.699362377009260611e-08
7.616251291190221287e-09
4.005906137540706471e-08
2.771085587388003624e-08
2.351532868643816179e-08
1.795011808845630232e-07
1.776870995401945044e-08
8.063442916388642846e-07
-3.537456298473438356e-07
2.901469611467115938e-08
-9.282828912207641854e-09
6.082622702743524603e-08
6.694992242158103866e-08
1.164347393988035491e-07
2.126010567771687734e-07
2.169642578978337903e-07
-4.273499667811920250e-08
3.633196908393846771e-09
-5.089591256168774344e-08
6.610487978627889350e-08
4.014831844335457953e-08
6.938437520400124628e-08
2.116654937426746482e-07
-1.206774535459818915e-07
1.324906109783257604e-07
4.614234373367901852e-08
9.409959021512954429e-08
4.713479884988587334e-09
-5.120154641140439717e-08
1.390735528152457938e-07
3.943566018763458962e-07
7.938412960660045754e-08
2.987416773347745611e-07
4.652391226597813790e-08
9.452512915508747016e-08
5.171722734975090414e-08
1.974773657071233960e-07
1.805304114382952642e-07
6.151523519742157956e-08
-6.698456228420947784e-09
5.187181509075318401e-07
6.122767174261442641e-08
1.073710858979024569e-07
1.564582193495838753e-07
1.115716425385890757e-07
3.172523867235275876e-07
4.879398335483177689e-07
3.626753383360223562e-07
6.594657077277249749e-07
6.014083819910351526e-08
1.489243676916767271e-07
9.797804982479761572e-08
3.082182208911358268e-07
3.367397752719808641e-07
4.712722931199315178e-07
5.760675518046710359e-07
-1.000248142583894231e-08
1.099884867162254984e-07
1.177666734120759205e-07
1.397908399167451443e-07
2.835894937644030576e-07
1.874263000426020282e-07
7.564637670875550877e-07
3.181586584549867524e-07
8.421787078862068540e-07
1.128704025395840815e-07
2.100236994148962675e-07
2.939173426522608119e-07
2.789914223884679001e-07
3.386884163061488310e-07
8.330943295987648219e-07
7.419298291992749188e-07
7.203550601489961130e-07
1.739954639785649640e-07
3.085752288426743558e-07
2.351574635390517193e-07
4.264844844096525077e-07
4.225581219338204260e-07
7.665160446558270719e-07
6.952449873994371884e-07
1.431254660629537992e-06
