1.104190710627125298e-07
-1.811079208665484115e-08
7.576806346779088327e-08
1.185458825162455283e-07
1.373782586392856204e-08
1.037313245709638414e-07
2.981153077991331232e-07
8.845768741428032301e-07
-2.715852455530631567e-08
1.657811114970938446e-08
-8.041016465049471730e-08
-4.222004306770879031e-08
-1.928193561078993932e-07
-2.346393828239045243e-07
1.424157908172043135e-07
7.936543601032915946e-07
5.829208535967975028e-08
5.463071497132941682e-08
8.218403621495920226e-09
8.130495578096922267e-09
-6.717831414381869879e-08
9.924664766159766735e-08
3.112291209609958295e-07
9.703047047219872637e-09
9.884039260689241931e-08
6.544466009419382131e-08
3.455054412481280920e-08
-9.895284555091707757e-08
-8.191430542021627058e-08
-1.648329580579790190e-08
1.190701847633226788e-07
3.052462360449424712e-08
5.306322836117198002e-08
9.438599098286563789e-09
3.481928763116403090e-08
-1.382866489217189852e-09
-1.473982629912111682e-07
-3.068782736994965775e-08
2.577409129449623471e-07
9.872961816498534942e-07
1.379711411781686097e-09
4.927830448471669905e-08
2.324252327068036182e-08
-4.968357525411981390e-08
4.229245653076664611e-08
6.146653518731172289e-07
-3.475756504289150804e-07
2.687551169809441420e-07
1.437990758133193718e-08
-4.292127730827336954e-08
4.733158017183016416e-08
1.500877839007211188e-07
1.262747185303893671e-07
-5.979935507635645570e-08
4.426949752175594562e-07
1.474173000280792535e-07
4.789541619361377861e-08
2.310528172131744319e-08
-2.650061973492797904e-08
6.584009431867095657e-08
1.894613939095527414e-07
1.099821999922823612e-07
-8.608714673459649227e-08
-2.596609927833365285e-07
7.865100407568203180e-09
4.366892752535024741e-08
5.074876959950860775e-08
9.571668588138766879e-08
1.121541848194583376e-07
-1.199376010039930525e-07
7.365498064199860392e-08
8.116884843561570693e-07
4.618278567093778693e-08
1.530404634600137581e-08
1.530797729959154636e-07
9.320514802788390177e-08
-6.955638805284294008e-08
1.874917990212345414e-07
7.723789794959977054e-07
8.312619031302007841e-07
6.663369739181627782e-08
8.226031596846083894e-08
1.073851109959461109e-07
6.936801981884205521e-08
9.166466334982581393e-08
7.769117495967962055e-09
7.739576708460359845e-08
2.919108655431519753e-07
6.207255805503775321e-08
9.510273100660455903e-08
1.074921360701821698e-07
2.440794384485676571e-07
2.773072451752853669e-07
4.224020263155137521e-07
3.917167742655813709e-07
2.832988977944662130e-07
4.463667225688872724e-08
1.189242798808900912e-07
-1.853808115737655734e-08
2.931033578824868865e-07
2.941092609840233147e-07
2.754962517732736405e-07
-1.582639375394470971e-08
1.086329918641222980e-06
1.133364101557429238e-07
1.912640937396336474e-07
2.684900079263127592e-07
3.252193056310381858e-07
5.120563686849072951e-07
4.767603601261515528e-07
3.675906050661397164e-07
3.474124840357386723e-07
1.758193327200630601e-07
1.795002312251256907e-07
3.306686338579328849e-07
3.697252281609914397e-07
2.976599598222183131e-07
7.336523720721638025e-07
6.260536080982752868e-07
1.088414165005918495e-06
