-6.363517534190073303e-08
9.241417640567040204e-08
2.099845398905589587e-07
-1.316574018107132575e-07
1.662536848774177325e-07
1.109169552435753123e-06
-2.946410121666527943e-07
1.437485191722335895e-06
1.625847035896640882e-09
2.290534297696454438e-08
-3.294649496780373998e-08
2.721655615939322953e-08
3.690057136072907074e-08
3.679206961107875273e-07
6.807558703379357747e-07
3.319726951697647880e-07
3.906862808798000646e-08
-9.425116783158593662e-09
2.733549329275662390e-08
1.718900669459591036e-07
8.299631124411351969e-08
2.003082250930080210e-07
-1.141488271291685868e-07
-9.695892284944580977e-08
1.774482641644240703e-09
8.773029627154575678e-09
-4.914511297541996476e-08
-3.787826797545259095e-08
-2.847408064180922528e-08
-1.245654008217179374e-07
1.042759766708887061e-07
6.951109360444380906e-07
-1.765813631990302479e-08
-9.575516407188348960e-09
1.112728907968255238e-07
2.008771166887212751e-07
1.255206221371223337e-07
1.795066600777564911e-09
2.328593832854416003e-07
1.031231703235431710e-07
3.711041140249794141e-08
7.317692595995563429e-08
-3.062065660299635234e-08
6.541642280447195416e-08
7.576522562636490263e-08
3.327191797366760062e-07
3.684918921691773285e-07
4.145790130616375986e-07
6.870543772645247600e-08
3.066734996119233682e-08
4.058337906238967936e-08
1.387666644041498195e-07
-3.221970826660399690e-09
1.970999583169163627e-07
-7.357043092252112018e-08
-4.299413698041701024e-08
5.241328888549331868e-08
9.250912226754421441e-08
1.464642349026843443e-07
4.661329851877207596e-08
1.321868022572639842e-07
1.110622058316051897e-07
3.418456114606213022e-07
-1.311861989665979719e-07
7.040748725891433063e-08
1.219101008856317124e-07
1.297577880485263470e-07
6.380079388821414749e-08
8.715054988326932362e-08
2.926492170345725847e-07
1.227151098555588325e-08
3.192874509286861922e-07
2.776622935165612951e-08
5.089335491111417091e-08
1.038846166895136217e-07
1.043903291320773174e-07
1.966831313268251882e-07
4.274438245186006032e-07
3.101906803333805001e-07
1.506663191963313314e-07
5.724577828012723959e-08
6.904764582652766260e-08
1.057795678539940783e-07
1.733126249249461586e-07
2.671925346517917266e-07
3.905819487817296383e-07
5.857273873669598608e-07
7.252533707273441294e-07
8.971751570411658266e-08
5.205726620007135892e-08
1.225309534820526330e-07
1.488692620410975674e-07
3.228843112491824399e-07
2.866721481070278227e-07
5.233092808392548829e-07
3.129042333067137061e-07
1.070161819218773525e-07
8.269606659370348747e-08
1.116920756566343528e-07
2.043824121638712248e-07
2.483214364866106449e-07
8.963166948856853834e-07
6.128222066041883492e-07
5.772547799026867529e-07
1.450986080846383927e-07
1.348474626660505654e-07
1.326692733358806377e-07
2.422071451598851610e-07
3.701070844550997716e-07
7.235493572893783648e-07
6.397782853950226043e-07
4.867932843861683902e-07
1.840780205999990262e-07
2.764289109607756657e-07
2.149951874711245069e-07
3.045336783236547193e-07
3.398750247518143196e-07
9.381535220968281851e-07
4.836095070449454598e-07
4.878847893991248958e-07
