-1.282906440880416893e-08
1.192083158559397987e-07
1.741973983808898342e-08
2.222319997445115972e-07
8.434139828527297189e-07
2.827499643618898396e-07
-4.720051671273173045e-07
8.703226016928047507e-07
2.333510185195691449e-08
8.015444043907413845e-08
1.161608360868998937e-07
1.577931160996472450e-07
-2.168305480174008553e-07
2.007385544636132450e-07
-5.073700211856370044e-07
3.230238130780726723e-07
3.819381087602569727e-08
6.913864470525718159e-08
-4.696548213680194754e-08
-6.774536124721487856e-08
1.424750707288232586e-08
-1.029036245314367615e-07
-3.479338672121733537e-07
7.739717731443107113e-07
4.501550608824608174e-08
-4.738034463383615921e-08
-6.114821950179559223e-08
3.774365574288467738e-08
2.306719423610619722e-07
2.985911162685524848e-07
7.185031278342806504e-07
-2.360858644494051061e-07
4.604436129450154147e-08
4.176297978752547281e-08
-2.797504108045239423e-08
-3.354615534984354092e-08
-2.218841549184728637e-08
3.025335547308579559e-07
2.860576026144089456e-07
6.276267270792896969e-07
5.589778826568552965e-08
3.642698828541036086e-08
1.335887789310166425e-09
1.620669742349219439e-07
-2.698301640577886516e-09
-2.344957902719793314e-08
-4.130220659102242538e-07
2.107601789739424377e-07
4.241985693767169211e-08
5.672536771329279225e-08
1.159704153754636547e-07
1.096065199486974669e-07
3.208861300612742052e-07
2.872280615921495292e-07
2.807044223510516062e-07
7.313139020451357603e-07
4.851212820500071285e-08
6.840994281939855344e-08
3.587435810257197335e-08
1.443667117923231641e-07
2.670425873994345876e-07
2.907590861400185273e-07
1.749634491484505615e-07
-4.775485761990325270e-07
4.093196004451083295e-08
8.806695162869695498e-08
7.658243624546609540e-08
1.468650069405319715e-07
2.488948275093891378e-07
3.739932607632606966e-07
8.126084135209011046e-08
1.636439711547384208e-08
7.521863842504121615e-08
8.452182327983516209e-08
1.330916919413079813e-07
7.196557496417343540e-08
6.552813081931188619e-08
3.581505183916329762e-07
4.042571127111392171e-07
3.742331517463029738e-07
8.055015248226089401e-08
1.131654092737949523e-07
1.814931335420736656e-07
2.237327520441002239e-07
2.221876923990203852e-07
5.813087493992256039e-07
4.954381027296380902e-07
4.503559503017432486e-07
7.235707907906741481e-08
8.081466842431085761e-08
1.990956278855486951e-07
2.063472907655595028e-07
3.883286783067465821e-07
2.498352359657481011e-07
7.533790706672138363e-07
4.129341697627520188e-07
1.449217361249108908e-07
1.731840528106186841e-07
2.794201998524242894e-07
1.207199926921457821e-07
1.339003406713232056e-07
5.974388495926987998e-07
6.612837499699507125e-07
7.853350639141056229e-07
1.206711538968565451e-07
1.570521207695281166e-07
2.587216129343446279e-07
3.330404070733042599e-07
5.602970538677290969e-07
5.404386258654947475e-07
9.596647704272086873e-07
8.329973223219591634e-07
1.357987298981087232e-07
1.568214122763975287e-07
2.680823744960671598e-07
4.172797943132986759e-07
4.329557807888562084e-07
8.065858902467243840e-07
1.128574994360304956e-06
3.212661846912308108e-07
