3.202222997821282467e-08
1.810141319909177268e-07
-4.117024527445368269e-08
3.509576625401551371e-07
2.270353424267988232e-07
-1.595231207475246320e-07
-2.764401084229964223e-07
-9.740789096865383728e-07
8.895670696481785423e-08
4.248612396026888784e-08
-1.365830860286692335e-08
1.542683649922531054e-07
2.755809508156265357e-08
4.723538050260265065e-08
3.218487725238572463e-07
1.276298145145127457e-07
1.693245219117619067e-09
-4.354634146541322242e-08
8.982744113226366124e-09
8.647975731962884493e-08
3.598314677624114850e-08
2.486336092374530732e-07
7.036418529069100382e-08
-1.118821152576044270e-07
6.548178460896585812e-09
-1.591008926304121144e-08
4.878887214655496391e-08
1.845418024157530019e-07
9.477584675278875116e-08
1.254684345302095460e-07
6.766459712535046893e-07
-5.295058284814880851e-07
-4.198707135534329504e-08
-7.083846240008433662e-08
-3.425582118892283571e-09
-8.936255621637716865e-08
-4.245611301792498080e-07
-1.933675175244280975e-07
8.119460106700581382e-08
5.614123817903734878e-07
-8.428072326590795445e-09
-8.191228326703409164e-08
-1.060385815541784819e-08
-1.374526616124311793e-08
-2.173990156522822336e-07
3.013237279650960203e-07
4.175386894538803558e-07
-4.939366670323028397e-07
4.425881790417702981e-08
2.779513176942272345e-08
6.001118925849597085e-08
6.777942777299847067e-08
1.720445450741838538e-07
-4.527462184739488349e-08
-3.133338172371340631e-08
-2.616049332745288979e-07
1.107314530473203653e-08
3.458195339185735972e-08
1.082718727453019251e-07
5.780825896518592387e-08
5.641694101317672834e-08
2.919231265284450027e-07
-5.456358774964832072e-08
-5.653687351933811192e-07
5.089500173105086698e-09
1.945084660140485775e-08
9.169294724375902796e-08
2.676003549332269945e-08
2.415435502989192416e-07
2.762588674294196378e-07
2.207102849823687153e-07
-3.429831293918115932e-08
5.044807274863631205e-08
4.273026930919145324e-08
6.830516132260786720e-08
1.288891462262887798e-07
1.916050448475126871e-07
2.186777279155165505e-07
3.015165511071060970e-07
4.444049389178538499e-07
6.521575660700613206e-08
1.099345111299721610e-07
1.568358040586997466e-07
1.630556240479623542e-07
1.068544289999949769e-07
4.355418379224157968e-07
1.606048431009557534e-07
8.535229747973706354e-07
9.264229585286970710e-08
9.128547467624665897e-08
6.644195430662225972e-08
9.124451269248171171e-08
2.539658369811446001e-07
5.113584085584841756e-07
5.199004984701760214e-07
4.225715217827751914e-07
8.402076418071106400e-08
2.067493773287463098e-07
2.279102363766774738e-07
1.929549645573909820e-07
2.288199635924182364e-07
3.889399320323520054e-07
5.010110197858979223e-07
7.300896484532393248e-07
1.448741257133946874e-07
2.014774291345220066e-07
2.705208442284813215e-07
2.518601681654617525e-07
4.831131863576007462e-07
4.740350424151271842e-07
2.658524519717968360e-07
6.223924960204870319e-07
1.986000452851264004e-07
1.952048735415937094e-07
3.457297740705267560e-07
3.509611912003310144e-07
6.278364245351865850e-07
8.408250224415670507e-07
-4.232202867528851615e-08
1.498853650153098198e-06
