-6.225714998202796038e-08
8.553228082292572562e-08
-2.869907593756969686e-07
-6.808598825271000456e-08
4.065141239658653493e-07
7.026168271527125283e-07
-1.032051480529247152e-06
-6.993967344064254006e-07
1.594798889716417972e-08
-1.658244440132208466e-08
6.547418981660983183e-08
7.362373568781252747e-08
7.391509695171429618e-08
-1.545538294725498714e-07
-2.880715745452358528e-07
-2.966762351658998545e-07
4.539970801579878155e-08
1.653548820959517494e-08
1.142790507930379154e-07
-1.806663903332774181e-08
-1.589079213492267216e-07
2.093840703079852889e-07
6.272454365681914706e-07
5.534803935321011210e-07
2.136764226754025481e-08
-8.664333664100046614e-09
1.226940120262377626e-07
1.271626350687656664e-07
-1.485551725376149725e-07
-5.000522175435610563e-08
7.195830234583058071e-08
-9.033190953909516742e-07
8.678317640752639754e-10
-1.186224377184807143e-08
1.401318427535222135e-07
9.748097383270832890e-08
-3.187409802228408842e-07
1.177744264816569109e-07
2.276817667848094157e-07
-5.224934218823999980e-07
-7.177459023762896641e-09
1.843205169224511970e-08
6.243516056752189589e-08
9.415400434401123334e-08
1.801547284110171593e-07
-4.097212019123304073e-07
1.253287854618657690e-07
-6.859935402060983036e-07
8.479559658930628931e-09
1.483096153220913413e-08
5.100104218279198778e-09
6.322341084071665043e-08
1.724118140086323866e-07
1.901764039595177856e-07
6.367426188920392391e-08
-1.432250028912990158e-07
1.115101625679803277e-08
9.497837484398450080e-08
1.431787058560960440e-07
6.775018047211789964e-08
1.092004224109191289e-07
2.859972464483193542e-07
1.769889721341846585e-07
1.388869293885849660e-07
4.594843161292889336e-08
2.232774987520830964e-08
-4.784219026762531414e-08
4.287092718048359707e-08
1.161477973498628895e-07
2.239107560260714498e-07
3.146991236128654751e-07
2.713453900718712856e-07
1.075496288053813403e-07
1.142885746461420258e-07
1.114166478135406832e-07
3.025900902472309912e-07
1.541113636362276383e-07
2.784929508764569213e-07
3.549931076220297875e-07
2.003906896489629955e-07
9.776484011596511449e-08
1.294968529335681135e-07
1.393165822219633379e-07
1.694032337760423712e-07
1.699549753927411503e-07
4.168326301768610275e-07
1.038919325675529238e-07
7.462730481833465452e-07
1.131274131501282457e-07
1.472119616543393565e-07
1.185687046926458065e-07
2.580168533003363860e-07
2.083607554692195194e-07
4.105825823974429569e-07
3.379804940678574025e-07
9.077842080950677069e-07
1.267346030717461974e-07
1.842291139694065908e-07
3.210164884722874834e-07
9.171017093944395055e-08
3.198871590071790331e-07
4.244207915173820133e-07
6.130384892886150025e-07
1.382783053043724326e-07
1.346457581664517637e-07
2.316527092889476806e-07
2.407948372350820277e-07
3.775693651343637626e-07
3.638508084251094102e-07
5.454357871499181707e-07
7.034704862601706181e-07
2.928580868680474461e-07
1.630192842158318664e-07
2.525708919569617771e-07
1.821632251647984228e-07
2.807568918420481375e-07
5.212671077675036435e-07
9.183483836752903718e-07
1.221535572721367930e-06
6.619137426816542617e-07
