4.684969692897857568e-08
2.812874029383834805e-09
-1.070362520251994525e-08
-1.726248197317599199e-07
-4.835077418824293599e-08
-1.627505214811908234e-07
1.134736035542286453e-06
-1.474390750728482352e-06
5.005277724460008313e-08
5.822805242767522049e-08
-5.678427253953279116e-09
-4.773815414715043795e-08
-1.699755567286603744e-07
-3.972182188154805998e-08
6.380877662806910097e-07
-2.192599092541797711e-07
2.358134558585535927e-08
2.286723089282958953e-08
1.223955805630261267e-07
1.753695870629766204e-08
1.474264702003815226e-07
1.306286493156537317e-07
-2.123354550590075821e-10
-1.534894515090875539e-07
3.488818932452913142e-08
-1.111770794232896795e-09
8.544834271110313315e-08
3.147843202159209845e-08
-7.431933176074152028e-08
8.371733156752551216e-08
5.095596835120811067e-07
-1.580578699306537069e-07
3.300615936056454057e-08
5.031228353047671215e-08
2.490524066718365991e-08
2.058321499487914862e-09
4.464040158889456791e-09
-1.259896537508733107e-07
-2.639828399482167904e-07
-2.125719877557523474e-07
4.179070264873813148e-09
1.684784960022045497e-08
5.624855470186184951e-08
1.353193742471043682e-07
1.379954074790393575e-07
2.045763718910734864e-07
6.346602111334838339e-07
-1.830220878544074351e-07
3.460180179594514816e-08
2.565608145962979373e-08
9.971594946348157056e-10
1.108025309875510334e-07
1.081402366522406315e-07
4.822693633751580743e-08
-1.355183429977646897e-08
7.951935984913062849e-08
7.543275254358999637e-09
4.538308759707811181e-08
1.052631177489581342e-07
9.355627776181991710e-08
-7.739100859040574454e-08
2.066816167650420447e-07
4.952954675547697501e-07
4.838633265495647049e-07
1.961237106000417099e-08
4.705048208882452284e-08
1.551713132562075918e-07
3.030200163169491688e-07
2.171148106229968566e-07
2.780395194509401405e-07
3.961607827451203249e-07
-1.172303825860954027e-07
4.176605922728945330e-08
7.074599372842996933e-08
1.205367349898378885e-07
8.578664496999459419e-08
3.117074768930857376e-07
1.574479510904080640e-07
3.435558569451841504e-07
1.978199746357321270e-07
6.291594582413493821e-08
1.269689829087760023e-07
1.584698403340990609e-07
1.450400654841985538e-07
1.799207374224852233e-07
1.730760470353174284e-07
2.300893684603764636e-07
-5.834867999956030302e-09
6.071541419966839428e-08
1.494244819857398595e-07
1.275314783748448942e-07
2.429361116487174985e-07
3.191419911885197361e-07
1.790874041634931651e-07
3.886635938731712703e-07
4.447895806786530275e-07
1.185167075064721518e-07
1.714683753343842497e-07
3.841009399434275432e-08
1.901831839880336567e-07
4.016609048879780518e-07
7.339382290436838722e-07
5.277192574130292740e-07
7.484515573621825451e-07
1.391024228446070641e-07
1.709105706698688226e-07
2.085503383059412132e-07
3.941599437248621382e-07
2.699766653209365603e-07
2.882379655618874801e-07
7.617778346815216643e-07
4.883502582513992050e-07
1.812561522828056539e-07
2.635851778873311958e-07
2.885218057516178903e-07
2.074900550650206063e-07
5.505772416328448854e-07
2.276628943527668600e-07
3.105903298888961804e-07
9.485682461546354133e-07
