-3.330169396860615756e-08
-2.322023798453534417e-08
-8.262718345748771408e-08
-6.911667574826784192e-08
1.615377685030163448e-07
6.643405531871599494e-07
-3.819001979080519551e-07
7.367560105150652435e-07
1.150059909589679652e-08
-4.350153751185990172e-08
-2.545422097644078290e-09
5.630728963444292941e-08
1.543146490908134063e-07
3.728191456811881260e-07
-4.307904750835948834e-07
2.933926513158501588e-07
5.084042243358034619e-09
1.849136209935489960e-08
2.973874104869395806e-08
9.468276453705485347e-08
-5.156588248822471729e-08
-1.441973419943116185e-08
-4.674076810008411366e-07
-1.041519722287423765e-06
-7.177787807873499808e-08
-2.309917973956264575e-08
1.912756214991825753e-08
1.906522852386783736e-08
-1.152303182441477136e-07
5.565747837641025847e-08
6.989018482211709417e-08
4.537825716964272466e-07
-2.615419438671598848e-09
4.355586790001037513e-09
2.792366292632964116e-08
7.642994248969497733e-08
-1.512144539081090210e-07
-2.636719608892823624e-07
-7.950589139221350718e-07
4.518778609403111402e-07
-5.416383111152047385e-08
6.725864742756617479e-08
1.628450837659656043e-07
6.069334821428073204e-08
2.504802076745909888e-08
2.886234393538992401e-07
-6.338470513230797248e-08
-6.522902444956067444e-08
3.211251818659141521e-08
2.408079314926892630e-08
4.824572418442638817e-08
1.082703484508087697e-07
1.352550754194663160e-08
1.792718133314718406e-07
1.406199551645986916e-07
2.749722765477830667e-08
2.180827685244150187e-08
4.617219268000695030e-08
1.005925978057298474e-07
1.793054098283701690e-07
1.149498602293625348e-07
3.584727040892019610e-07
4.570155280768062239e-07
7.602647318562880683e-07
7.069185077007795968e-08
6.176488545256462541e-08
1.028944468503589525e-07
1.049376069989546689e-07
2.423541655869427628e-07
1.853958249040212956e-07
2.234362231591485752e-07
1.919473957559205199e-07
2.961698347829514086e-08
4.054282004570960030e-08
6.966336323201037081e-08
2.278518159023468308e-07
2.425576320504222392e-07
2.739957546493388933e-07
2.662877117944774041e-07
4.108211123227694013e-07
6.600541537718996307e-08
2.130456992180641133e-08
8.798483981849278257e-08
2.134855876146351850e-07
2.304481250444336048e-07
5.382550417654955055e-07
3.720860372439381990e-07
4.003563738172395608e-07
8.054195111114370787e-08
8.170708991399486916e-08
1.857068427504708132e-07
3.281385739464609938e-07
2.464116297161543668e-07
3.059942378382475940e-07
1.994062408261772253e-07
5.435897683473029021e-07
9.544254765300401091e-08
9.185978851025794330e-08
3.079718747790740044e-07
2.816860175798969477e-07
2.954925447451743481e-07
7.806751822723065533e-07
8.732947184217847894e-07
3.098656454774836818e-07
1.689831962816139652e-07
1.881698459688886857e-07
1.644524842719487996e-07
4.438192622330399225e-07
5.052137901898017591e-07
6.029420538825204055e-07
7.720331761875931728e-07
5.601052007469871952e-07
2.177349716421927838e-07
2.613908047006673396e-07
3.199624883050590087e-07
5.520899697500153908e-07
5.346772202290796317e-07
3.933199860558281861e-07
1.336504577229179815e-06
9.322359638356938846e-07
