1.857367824242591304e-08
-1.426332958492280750e-07
-2.067092842751249828e-07
1.992123476752422103e-07
1.306144519175951880e-07
2.403989120911641238e-07
2.184680074508938690e-07
6.296113103547117476e-08
6.367929435378709855e-08
1.092931639632037446e-08
1.018784539315030263e-07
3.362495915482442939e-08
-1.308436072372856996e-07
3.882199119836000822e-07
8.919311776244505838e-08
-5.057211672046191284e-07
2.147149052203973443e-08
-8.658787242810590302e-08
3.455127965239734490e-08
3.904431955508202617e-08
1.065503270407009451e-07
2.034394496814191996e-07
3.048623370616846437e-07
1.520502459548755843e-08
2.338032887132454548e-08
-1.208590061650585103e-07
5.382090015302682898e-09
1.220469202867967618e-07
1.681176776957096807e-07
1.155444786744430151e-07
-2.769894310876145417e-07
8.545973830417977662e-08
3.621952457185138793e-08
-5.393367727420460068e-08
-3.548260272744056364e-09
-5.681441092233199257e-08
1.189740764532540814e-07
-3.177738163200926835e-07
2.022960040323812374e-07
9.519417391849370656e-08
2.618717938097266789e-08
4.564122020412209138e-08
7.564956678634682812e-08
-2.624358042468673409e-08
1.520012498668457516e-07
1.875581888267844242e-07
1.595900363120969523e-07
-6.721799817496633452e-07
3.923931264027008563e-08
3.486934316816356818e-08
3.408384348179385141e-08
5.888885087618365622e-08
9.426593846656736515e-08
1.177460830199198435e-07
1.047778563506178344e-07
-3.380643638579293334e-08
2.689319860621034808e-08
4.319718140310264318e-08
5.753180187652371753e-08
6.566844252554469379e-08
-2.318920171882291488e-09
-4.628008246117502360e-08
-1.698429320647704777e-07
4.255468020103228851e-08
2.750241189844764104e-08
4.714472925456436295e-08
1.002426385298194957e-07
2.743827497768965731e-07
2.725720473897850530e-07
3.378553992624475686e-07
5.779459060399686085e-07
1.366722100858955353e-07
6.532537230662446819e-08
7.573637592085534387e-08
1.099705048113539739e-07
1.389355508146934705e-07
1.784799938837539912e-07
5.684538857283340868e-08
5.309068663390300136e-08
9.443300440904092663e-07
7.030044336537420623e-08
5.128640009407671542e-08
1.454651358133447257e-07
2.482952472484922395e-07
1.334654402134888498e-07
2.502910587340806534e-07
2.921755465237886072e-07
6.431146272869538469e-07
8.506095140743619244e-08
1.344896923319638882e-07
2.036782301052249903e-07
1.412884739223491941e-07
5.321820165058153054e-08
4.084157824098701367e-07
2.499902275029134313e-07
7.675956359641820635e-07
9.934830337062926960e-08
9.153136870961130030e-08
2.782613453537609945e-07
2.097657615732716410e-07
2.678843163570170551e-07
3.744059227655424015e-07
1.119881329305299258e-06
8.463780922651905573e-07
1.495337485664210233e-07
2.109762383499396043e-07
2.416183189567756498e-07
3.709747190780477446e-07
5.112864850391888021e-07
6.215347977511145307e-07
4.292278030519501293e-07
1.026012042654127185e-06
1.335891902291524756e-07
2.794261066623016434e-07
3.639071669071118005e-07
5.708992356613819478e-07
6.538006050657354367e-07
9.386839567633719686e-07
5.423442736821851554e-07
1.489348920887345659e-06
