1.038075028089935436e-08
-1.414713125217739402e-07
1.087407481514596353e-07
3.320982396893854850e-07
3.397225861186150904e-07
-1.029740243724886418e-07
-1.955454130284272837e-08
2.252528851294822657e-07
8.164934095383984264e-09
1.014087503472297695e-08
-2.611271374889841467e-08
6.578020724550056905e-08
3.237643306520972803e-07
1.900328279325899448e-07
-5.540650197061987591e-09
8.664103740567228524e-08
-2.618594696010216077e-08
1.039144627324144357e-08
8.540435364067515263e-08
8.902573625386860002e-08
1.078599641154567477e-07
-2.789198075319268443e-07
-2.493781474338216107e-07
2.435218087209045998e-07
3.819658886263184864e-08
3.408511006119198198e-08
-3.951260734980122279e-08
3.140937718753286749e-08
2.805285688113145520e-07
2.622627725760037561e-07
1.831632784570770172e-07
3.051296178611555477e-07
4.157138952347720449e-08
-3.622729865229518216e-08
1.067313628787722984e-07
6.830706617856676638e-08
2.134309252335748605e-07
1.686721083616622479e-07
-4.366019022502894970e-07
-6.944688343006577358e-07
-9.192034245340986946e-09
7.797493754627792964e-08
1.461211905856128144e-07
3.158063907617028226e-08
1.534210809141046227e-07
-1.815142954885290893e-07
2.431312821123083357e-07
1.030153900714749015e-07
2.403428244975195853e-08
4.578430764928443370e-08
7.316519332166864211e-08
8.275789502185212183e-08
-1.674088336595229246e-07
1.119599689653817218e-07
2.635925190757244002e-07
1.437963691918997755e-07
4.841085385174816657e-08
7.555561207570413922e-08
7.857947275574234014e-08
-2.384095950595893654e-08
1.706824996784700585e-07
-4.339106565256563615e-08
-1.371315064261988894e-08
4.942054683955078478e-07
3.211585414227277007e-08
1.370659412007352038e-07
4.906498019735387562e-08
1.239220696120197402e-07
6.529244117785040768e-08
-4.174590506944336377e-07
9.023412882136943745e-08
-2.182054179228444521e-07
3.391499022078011682e-08
8.595584875774119240e-08
9.966412146788472161e-08
1.453535507992268060e-07
3.207427090156316543e-07
3.131938241528203761e-07
4.671067022714060912e-07
-1.166796507384210466e-07
8.677750532576530034e-08
9.911259115032882088e-08
1.409072938712615933e-07
1.745457114995820611e-07
3.143965533683115770e-07
2.431951200688366604e-07
4.067290725066020001e-07
8.116897526982761588e-07
6.015154733218153901e-08
7.729030873122568105e-08
1.740120431739446285e-07
1.536205874094648657e-07
3.505370125398236542e-07
5.132754387259798384e-07
3.241287569521499661e-07
8.171814160985959227e-08
1.911174463220276659e-07
1.119272530799367871e-07
7.349777642846944138e-08
2.896022082409752767e-07
6.607345512657775043e-07
7.229712426414082615e-07
6.196951657259320191e-07
6.239600119422885490e-07
1.930041856771316989e-07
1.567715490176792462e-07
2.123313859491278575e-07
3.004445995821327261e-07
4.782514495110545755e-07
4.321560958991486569e-07
4.776130841857130493e-07
3.216686622355857614e-07
2.144070725120277822e-07
1.922156903476423253e-07
2.100441645028640426e-07
5.137849649552599811e-07
5.954699414434654450e-07
2.431074609847645895e-07
8.099231659363227488e-07
7.974121231344654381e-07
