7.918827092055295280e-08
9.061362059915752131e-08
1.106737656659953879e-07
-3.098424841917700574e-09
-3.851239195304829958e-07
6.611884656025622951e-07
-4.908172697886886727e-07
-1.074966571194319998e-06
-2.726182985752787534e-08
-8.790197933038079898e-10
-5.697362576469093627e-08
9.240445889264853536e-08
-1.689763446227647958e-07
3.559965243351789859e-07
-7.393545075863233832e-08
-5.064624147622372916e-07
-3.510505527315728944e-08
-3.355431380451076279e-09
-7.517789237326548822e-09
-4.896895789330614158e-08
6.006551812452236837e-08
3.080430325158016508e-07
-1.305918094782034661e-07
6.572802012321931263e-07
9.318245068190287963e-09
-5.377528511621028493e-08
-4.188327755826325327e-08
-5.970309274489869868e-08
5.125539263938190431e-10
-1.092254442258617419e-07
3.248785353233525125e-07
3.052375383222987512e-09
1.171221310418404434e-08
-6.229084826978114803e-08
1.461273310765448042e-08
7.770249776736436955e-08
-4.988793866848146903e-08
-7.390213326649256783e-08
8.623980478483719766e-08
-8.989980807552579995e-07
4.321939325712250339e-08
8.932885401260659500e-08
1.382337310672524266e-07
1.919008445023960021e-07
2.572032966261656573e-07
5.587795859139819101e-07
5.416205340341017385e-08
2.064720663002948573e-07
4.120846366988834075e-08
3.965918917741594308e-08
1.023447770864186880e-07
6.866243384469586959e-08
1.264406621512204267e-07
2.673594635393029567e-07
5.105340350535473371e-07
8.474372179524778949e-08
2.047836380349237636e-08
5.095766261770824987e-08
1.515930452071907480e-07
1.035547241439121099e-07
1.346904387975312278e-07
1.376498289599353749e-07
-9.454100297994483759e-08
1.487222564769079535e-07
1.290807475265251215e-08
2.170628623117903581e-08
5.604326727952401924e-08
1.431395479024355140e-07
1.954514420752713012e-07
-1.566101005795996745e-07
1.535767298442147849e-07
-7.699298198345053215e-08
4.536094652997541355e-08
2.695082324463599346e-08
1.442804377347557283e-07
4.124604771627636131e-08
1.177685969007241597e-07
2.875091806815655391e-07
-5.964616470606733151e-08
-1.820555767039695288e-07
5.880257872094822682e-08
1.088810082895655021e-07
1.262334134075823335e-07
2.104777720241214674e-07
2.343773690308506043e-07
3.261948142516134437e-07
-1.332953612349347153e-08
5.424435393497494912e-07
8.291021639217343089e-08
5.954914186367152117e-08
1.010157734350663964e-07
1.934859800015753719e-07
2.195326793856995343e-07
5.661367433412837125e-07
4.496486414537224625e-07
4.566316619416227279e-07
8.120476009340207939e-08
1.952271952958213312e-07
1.428042737951965927e-07
2.253105436291441853e-07
2.413809895232928213e-07
5.435526832387332302e-07
2.848352055526407950e-07
6.627745660521279871e-07
1.242758261791179261e-07
1.941010154940448576e-07
2.717180050448196531e-07
2.700876168113173659e-07
5.001205597608170871e-07
5.153900805371855261e-07
9.517030072785795355e-07
7.947935922648214020e-07
1.104151902074788153e-07
2.016881692720760387e-07
2.607586752377813900e-07
3.474365116759855383e-07
7.229259144797630381e-07
4.359131379025701856e-07
7.968273924496108966e-07
1.218745575158348277e-06
