-8.248771930288960200e-08
6.239343555744005679e-08
-1.368712176300025407e-07
2.450772271359125453e-07
-1.872313546113511428e-07
5.103290168461392432e-07
1.885786927274994511e-07
-4.658117806744621191e-07
-3.317670369870959137e-08
4.165622638693945203e-08
2.481783920832221052e-08
-3.267705316953669742e-08
-1.517142975022715290e-07
3.158667601094920134e-07
-1.692861988232002739e-07
-6.815231406045842045e-08
-4.005219260771267713e-08
-6.897183102388041265e-08
3.176756916400595559e-09
1.029214026809648336e-07
2.985929789315651333e-08
3.126643597581399944e-07
5.493539629204884433e-07
8.213037540025506160e-08
-4.295485033595091064e-08
2.779190809857997620e-08
1.171829622444354897e-07
1.411552550413281347e-07
-1.068075353543133193e-07
-1.169442747117114065e-07
-7.842875855928789031e-08
-6.087654981865170705e-07
-3.692367206362934161e-08
-5.333027194957933392e-08
-7.530091690357760453e-09
-4.982508592608468110e-08
-7.589453227379487894e-08
2.824503256734089070e-08
-4.067024354228058668e-07
3.913478955215076054e-07
2.020668247354246591e-08
3.874187452646065923e-08
-4.019993100868791485e-08
8.632254558743573417e-08
1.894926889479760288e-07
1.262743160403512644e-07
3.427612889038346528e-07
3.405502613272206952e-07
1.331995124999397284e-08
9.963098729867848782e-09
7.799606571940181426e-08
5.923715847617453373e-08
1.857004684656351130e-07
1.253057453815861973e-07
3.329253846271539558e-08
9.491452793122622690e-09
5.367773538349786357e-08
2.449902583381596218e-08
2.770977259281435310e-08
3.457010577796509483e-09
2.183179681609007901e-07
4.410362320448253283e-07
7.627701609788171837e-07
-9.511319211326751656e-08
4.262750413500908141e-08
1.138903895538709839e-08
4.575178385143058877e-08
7.948305232174533378e-08
3.974329581163283179e-08
3.693262532665908608e-07
-5.822327811515405696e-09
1.691419051306070471e-07
2.800984355439968395e-08
4.783901365080970160e-08
1.087293761233939940e-07
1.792579090060830369e-07
2.133908376998980295e-07
2.837689269757253374e-07
1.124225588745233072e-07
3.221784659057219353e-07
1.152610261931317480e-07
4.251725638398871337e-08
6.254723256546658804e-08
1.008853123846372775e-07
4.018565252342651932e-08
1.566710603675629790e-07
5.486548079270785135e-07
5.917720467372092177e-07
9.048022056663620707e-08
4.398784661944245409e-08
1.707726067394997490e-07
1.904480184450012773e-07
2.578183264650175188e-07
4.827651920002424669e-07
4.700333786798404017e-07
-8.798868983807683586e-08
9.660765282532739263e-08
1.733634501433963052e-07
2.645579971528616220e-07
2.958604543402851198e-07
2.283846509341525797e-07
4.287746116813061780e-07
6.562925336900580346e-07
4.543178954471298415e-07
1.790184223428397792e-07
1.419457555716567167e-07
2.865539343068276912e-07
4.223882384427949169e-07
5.346197710005060711e-07
4.375723545602664317e-07
6.491562237405309233e-07
7.799488470708411695e-07
2.000641448984222280e-07
1.390935252400493875e-07
4.045013454653627708e-07
3.271258166517274335e-07
6.592491832093982754e-07
7.730210274357391484e-07
6.003842409025496125e-07
6.679039318652235730e-07
