-1.759669172282482941e-08
1.549261717735910667e-07
-6.665556002657838855e-08
2.025951667534176370e-07
2.664936750225192076e-07
-7.701709626536083575e-08
-1.998835871698899035e-07
4.341957562098875321e-07
-3.183811355303485874e-09
1.163102080902351319e-08
-6.994874344247519586e-08
-8.971315110351822172e-08
-1.474264091706519801e-07
5.271019928711545676e-08
-9.274877154138192419e-08
6.252239438850906065e-08
2.231255085770063720e-09
-1.029286210896972385e-08
-3.756455438320705180e-08
3.217308083843975697e-08
-4.765717048393675893e-09
-2.393719435827882206e-07
5.075823066011251976e-07
4.903949478508650148e-07
3.578225520202574978e-08
7.311677604383489495e-08
1.804709062119118790e-08
3.440146359184159076e-08
1.402137232643925351e-07
7.924113123226906026e-08
1.234763859008730153e-07
-6.887123399493142324e-07
3.511454732067358945e-08
5.513513420748682179e-08
3.439828701343504455e-08
8.520056952227819387e-09
2.356069980355866792e-07
-1.533567234001342506e-08
-7.011422022388664253e-08
-2.592287138123495579e-07
2.138402010255928315e-08
-9.140777966900848514e-09
-8.473279394389035609e-08
-2.071074595005980868e-08
1.263384800236774266e-07
-8.873829770268032411e-08
7.125610393306062566e-07
-1.603128702907472016e-07
4.156127397517981579e-08
-5.135556765310584357e-09
-5.487168122857525293e-09
7.569855802569434060e-08
1.788803377261197642e-07
-9.139206549153184246e-09
2.354599288103249967e-07
-1.366285063757540395e-07
-3.889396548370191943e-09
5.076288787496546314e-08
1.009060634113949233e-07
1.155188287336058803e-07
8.619841929524201574e-08
2.143475836985640899e-07
8.829894722631163438e-08
-7.764684829908798044e-07
7.064558074589691678e-08
4.011418611617349773e-08
-1.668134950926229157e-08
3.151646964425733245e-08
6.804517474408859358e-08
-4.994911761039832591e-08
4.137099597704525135e-07
1.425543686421244330e-07
7.922984488519156180e-08
8.663160091840554083e-08
1.016796578206960934e-07
1.602030172467881884e-07
1.629689376773454256e-07
1.915766930046890621e-07
1.635288724121054247e-07
2.825356929264024001e-07
1.000985686759119464e-07
9.535472465488102234e-08
1.164469470884360532e-07
2.141181283914731640e-07
2.533348286995992889e-07
1.429015145222080695e-07
4.588141091735427505e-07
5.951868579483804446e-07
1.160008105823679009e-07
1.345806455555293264e-07
1.006510812418127079e-07
2.869494170659101893e-07
4.110389626199031271e-07
3.561808025801465253e-07
2.004772085591223350e-07
1.345236558026637600e-07
1.055417086071497946e-07
2.288134986426263001e-07
2.154786342425148659e-07
3.453814115299918200e-07
3.973944479786624744e-07
4.315531334707525423e-07
7.786002844288824489e-07
4.995816798219823515e-07
1.310889985358822591e-07
1.955233812807204588e-07
2.201396513133859802e-07
3.686808880258424806e-07
4.208475869314594124e-07
5.406040921248809039e-07
8.983115122471095612e-07
1.107017676858490242e-06
2.049845280152455216e-07
1.602027223209295268e-07
1.415109240562929540e-07
2.597642873781712842e-07
4.019460326532792710e-07
8.508403845039092483e-07
6.343193356019347009e-07
5.511120820710680742e-07
