2.875284722155602935e-08
-3.707253308312677834e-08
1.972579454668999039e-07
3.837233880731420549e-08
3.821707577971392987e-08
-3.774138583661538225e-07
-9.462552014606351115e-07
-3.963669922321799256e-07
8.410886485540209793e-09
4.633573025623303058e-08
4.098431716910691520e-08
-4.767398437649960252e-08
2.207744621743133956e-07
2.246371394305126776e-07
-1.440672645072416243e-07
3.201044284834345616e-07
-1.334649650589057513e-08
-2.328993821867166565e-08
2.683556904540191009e-08
7.479753025387276282e-08
9.392688346374950996e-08
-1.900922864270884754e-07
1.849067225885585670e-07
-2.603502923954414333e-07
5.333442505122047885e-08
1.325206655597582044e-07
1.067842842539692069e-07
-7.574475373476103129e-08
-3.801076816684100692e-09
-7.185388335784663308e-08
2.418771016085202335e-07
-1.201847312025615410e-07
7.955722279665999077e-08
5.942502414074573293e-09
1.142287696271463234e-07
6.081900713675652239e-08
8.498204474684018637e-08
-1.608036945095505798e-07
9.432727821244848675e-08
7.803247684660020844e-07
4.366326609157963794e-08
3.898614905272430730e-08
9.445123657371300332e-08
8.925665270676348191e-08
-6.557817399239518189e-08
1.817891042808088069e-08
-4.164385332869123610e-07
-1.967801739555471171e-07
3.245868325798750957e-08
9.715437666646514864e-08
6.790106248560537196e-08
1.082219860568839435e-07
-8.108286374601647777e-08
3.691539602694844439e-07
8.184442692080283168e-08
-1.314918081146991290e-07
1.108796057547025385e-08
6.960089156045555303e-08
2.091485915824611351e-08
1.502832097153632508e-07
-2.750019079055266039e-08
2.790410950708083984e-07
3.129372782333693503e-07
4.864303776613534651e-07
4.152493996203961330e-08
7.678893983312109681e-08
8.476817873138019916e-08
-5.651223599151116073e-08
-5.209518769565511760e-08
2.650585106628289178e-07
2.921415576694554056e-07
3.975680090393279612e-07
2.859098190859293111e-08
8.553366596942010838e-08
1.146302145025082882e-07
6.645405916077978020e-08
1.383877096545914140e-07
3.159621289742721935e-07
1.179700312332471948e-07
5.752245396251395239e-07
5.789273459997744023e-08
1.355596786671343203e-07
1.201504444157740596e-07
1.620778503623741306e-07
2.702305073102354432e-07
3.402732610269942910e-07
3.011208772307088957e-07
3.633642912541623942e-07
5.749721215905097312e-08
1.399300394702777667e-07
1.744390883074106428e-07
1.878279574922154339e-07
2.468253381993488040e-07
3.268405836694338859e-07
4.482338170111579253e-07
9.598636344515336971e-07
7.575555947391303668e-08
2.093050502145459313e-07
1.723789824137307537e-07
1.735749562875728373e-07
1.623249293578919871e-07
2.650041350453479952e-07
3.396018527443271766e-07
8.800019749996456320e-07
1.117180069087788600e-07
1.968753879296750885e-07
2.831780816909026983e-07
3.251192032147141796e-07
4.923037826622535459e-07
5.475150909690897052e-07
9.861455694615196588e-07
4.724378773367064910e-07
1.272711356369736355e-07
2.161619365176530748e-07
3.921872436918734764e-07
2.730515082307482829e-07
6.220815368339859755e-07
7.533409581298758552e-07
9.677915138324312590e-07
9.590369805927216218e-07
