5.002982792347037147e-08
-8.054592846974808672e-09
-6.725748595018343215e-08
6.398417605726789981e-08
2.243491633989875394e-07
1.306015403391373206e-07
5.659639503368539408e-07
7.671230202492619964e-07
3.281187656183213950e-08
9.434617840933352274e-09
2.964308751531786880e-08
-6.236420807937683582e-08
1.633688864905445750e-08
-4.243687989188144516e-07
1.618972057053351212e-08
4.641459480142986069e-07
2.765697281006095017e-08
-2.319559913723728325e-08
-8.102030954190353181e-08
1.680509584823460951e-07
-1.031642375736631180e-07
-2.263776748236315702e-07
3.295547805183110125e-07
1.849934919471397961e-08
3.642930191487494092e-08
-5.443605675511712383e-08
-8.181637595523659535e-08
1.521493667613151707e-07
3.748744143879017477e-07
-2.997614094710414091e-08
5.355227780398832866e-08
1.318942548049033263e-07
5.643593062304588478e-08
8.521845278415033395e-09
-8.219806714204424633e-09
3.261457480250535273e-08
8.445570323450494262e-08
-2.663551196419357908e-08
-3.292997848443551333e-07
-3.005717143555084841e-07
5.097093433624454396e-09
9.799560175209797895e-08
1.186031025517766305e-07
1.697276358149344838e-08
-1.093435397179217780e-07
-1.778008354060974549e-07
4.929535197549894077e-07
8.605323535553244378e-07
1.067513948781766553e-08
2.620404741374199732e-08
9.249182173421398649e-08
7.048404312278537476e-08
5.200413373561376325e-08
9.278352136648640874e-08
-4.199919268527057810e-08
4.427961631561861776e-07
2.317197037764844939e-08
3.469025936646619880e-08
3.298610018604276038e-08
1.752970186621846266e-07
1.089711965546644508e-07
2.043463528281625904e-07
7.434934800657084948e-07
-8.424797933936618984e-08
1.255950296255994766e-08
1.609946988097762524e-08
-1.460292266134590488e-08
1.139358899621976805e-07
4.572071720057584883e-08
6.463863149725186841e-08
4.884655145687969825e-08
2.435401548164323982e-07
6.122861822830375741e-08
6.988722605597641879e-08
6.949197209212135997e-08
1.421113310661338749e-07
1.247502014790555934e-07
3.990941928005298013e-07
1.286827000023453402e-07
3.066390925028946178e-07
7.685814329509884247e-08
6.216962039638876595e-08
1.140225429553502178e-07
1.357525792166034170e-07
4.025255143204023599e-07
4.107502179717353497e-07
1.378571026707838016e-07
2.569802330382124227e-08
1.214876260898913473e-07
1.604485144390047558e-07
1.225556680352055107e-07
1.920749710998300377e-07
3.948023071292340062e-07
3.339659409732887220e-07
4.375638938985777034e-07
7.582162117412986078e-08
1.524787386539786547e-07
1.117012202072619008e-07
2.012293727816881481e-07
3.117988875455786978e-07
3.062150713173418587e-07
2.722671424988176474e-07
4.798481585691242304e-07
7.956242768215078475e-07
1.719164977704774133e-07
1.509037348439172164e-07
2.743836469419366264e-07
2.984487957541852177e-07
6.060679416110883949e-07
5.187593593087472931e-07
4.758294401315145970e-07
2.280645010468378655e-07
1.657281538416291807e-07
2.487145510410644747e-07
2.993935519889172656e-07
3.478840442673240425e-07
3.738408836314023848e-07
4.732642948862321527e-07
7.059467009426418825e-07
5.297093671278989872e-07
