4.693843907117702971e-08
1.320324803536843989e-07
-1.778045079289708197e-07
8.164199788280134848e-08
3.284304031108976988e-07
1.478040784002160626e-07
-2.348243754323901192e-07
3.252527958423149787e-07
-2.123475839356427706e-08
-1.842666031443340113e-08
9.796513798527621329e-08
1.203882390975795711e-07
5.121189738549688943e-08
1.322549365132692377e-08
-4.314655063836972315e-07
4.349673935976544330e-07
-9.472293375198112251e-10
2.826702672381443505e-08
1.266386108712083145e-07
-5.353058094934804532e-09
1.741955545147806510e-07
1.523194152187449870e-07
3.881833624868441430e-07
2.817181476920210068e-07
5.628544979517725102e-08
4.124167494721262080e-08
1.163329526014880731e-07
-1.561033581372954711e-08
1.637110935689249744e-07
4.385427879239299928e-07
2.916723023053070997e-07
-6.304720035122915816e-07
8.323273074759166459e-08
5.333440563376183653e-08
2.401534271931874897e-08
-9.043283581362523680e-09
3.609607635836156923e-07
4.189383114353149334e-07
-5.569732090902387983e-07
1.045567240096045653e-07
5.786189294118211276e-08
4.814010464992389348e-08
-5.204877874560920274e-08
1.637969012343921276e-07
2.197835732211195034e-07
2.978869432159732887e-07
2.125759720132661388e-08
-1.898033240432063099e-07
2.494000375059517368e-08
2.897296804589077319e-08
1.712931670613278399e-08
7.934676465860617336e-08
1.644525559971107981e-07
-1.010880658517751497e-08
8.095803282799020367e-08
8.198590420002996939e-07
2.427845155939398078e-08
3.984065720002016579e-08
2.493485702011631320e-08
1.139393841144396324e-07
2.212993624392883510e-07
1.170667178993668029e-07
-6.453068806970902856e-09
1.057909714853889464e-07
8.340991276719755305e-08
8.631285551496953913e-08
1.143060128081657636e-07
5.141079448615067242e-09
1.625675734759671259e-07
2.172243838695184160e-07
6.301215758933015689e-08
-2.868926816401781124e-07
6.219202664938473780e-08
9.826348454671575476e-08
9.406370401383006217e-08
8.430596097939066084e-08
2.973735110176897002e-07
3.772531361328505668e-07
2.619096207003953366e-08
8.314781972701008099e-07
7.847388315853605072e-08
1.292635730311993186e-07
8.193805187319913365e-08
1.064501465006298143e-07
2.908337612213156293e-07
4.521167500486039856e-07
4.011624481412235928e-07
6.124821863261173507e-07
9.067635134814889830e-08
1.182524931271716414e-07
1.851838906685782696e-07
1.685864740675036791e-07
3.488124067440234216e-07
3.852967092151693599e-07
1.660241444189684339e-07
3.516742451614645621e-07
4.844370597650902266e-08
1.991644252511194896e-07
1.009901701968673059e-07
2.938703198565090385e-07
5.290496447967863390e-07
-6.259880032264758754e-08
6.046446634358482351e-07
7.438900523502611495e-07
1.274855823480264356e-07
1.783906764607223049e-07
1.966049320248134571e-07
3.277209507192629282e-07
3.916361464620665584e-07
3.486507768321828693e-07
8.009148347587196532e-07
9.011174338681051855e-07
1.786697386107700476e-07
2.486312176096851480e-07
4.157955986251274913e-07
3.985108514868524652e-07
5.651137495347125269e-07
6.951308562482838192e-07
6.262957982539789585e-07
-3.833067004655323281e-07
