-2.224822939517278779e-08
-9.466769777925681894e-09
1.090034387443496187e-07
4.944215333687349935e-08
4.637963611188185975e-07
5.695853466594060561e-07
3.498896754458595127e-07
-2.210499803745375945e-06
1.845649450814407994e-08
3.779686169527163196e-08
1.029846003570751797e-07
-1.584279860603087158e-08
9.645811147578603791e-08
1.699524050237705888e-08
5.704514347495542681e-07
-2.146292013715864423e-07
-1.919483645153401552e-08
7.035420282968460150e-09
-5.371997927206090507e-08
-1.012393312181005487e-08
6.718866063030997683e-08
2.301669526647190152e-07
4.724428266048083595e-07
-2.032534317316125606e-07
1.015447620499187856e-08
2.883934187331723048e-08
-8.589542075898236766e-08
-3.925543282276649410e-09
2.123001532832110917e-07
-2.207950163139111428e-07
-2.989916215668205878e-07
-8.968580441882239265e-08
3.300888623876476865e-08
6.992772207665780516e-08
4.763844932331063004e-08
-5.555469095077255038e-08
-1.862542767025322665e-07
2.917156939819682747e-07
-2.036490485123482480e-07
1.733366531294135823e-07
2.339610481138183666e-08
7.028125283847856969e-08
9.658436331448811954e-08
-2.820906035752101719e-08
2.644450457625615156e-07
-4.908935959948997948e-08
-4.246414590715968574e-08
7.804184969426825214e-08
4.518932182687572861e-08
2.416991103212202926e-08
5.783055490880686184e-08
2.049524900090495132e-08
5.890046971261407141e-08
-6.357364854728368810e-08
-8.343879100462069025e-08
3.189379230379399347e-07
2.437259986837956437e-08
-6.067970685226277052e-10
7.005161892545082228e-08
1.929731298371459634e-07
1.758543494424117435e-07
1.429619580099230569e-07
5.014638327350357850e-07
2.130282831035665739e-07
1.949698956179164985e-08
8.191821857761213794e-08
1.000659532752531557e-07
8.404292896730814211e-08
1.897666900340821126e-08
2.276135872107944720e-07
2.500342718354299238e-07
3.523842096208948484e-09
5.856009480089542637e-08
5.281228453145365170e-08
8.357272915214190032e-08
1.573220692899990106e-07
-3.014674513793564940e-08
-1.553670773482839128e-07
-1.598167955476234021e-08
2.351579025940989390e-07
7.014353178995726201e-08
8.769942138980445831e-08
1.335546138797041524e-07
6.760332411403053730e-08
3.205096704699282907e-07
1.576677830279855580e-07
7.272025405294081941e-07
7.957426523260157705e-08
8.554382725016760359e-08
6.903949081185294690e-08
1.283522064613721392e-07
2.017592082208698633e-07
1.955184492316802715e-07
4.377734141478147451e-07
3.920751939132680457e-07
6.192067122090305075e-07
1.441212388757591039e-07
1.866014421157470586e-07
3.939464292915251496e-09
2.197632707316222273e-07
2.898803838732009304e-07
6.217529531897880390e-07
3.864048321162003977e-07
2.214440725101936238e-07
1.367357398356518094e-07
1.722858003862657389e-07
2.333993148957546912e-07
3.946067008785845057e-07
4.698757300977532053e-07
6.210068246290960752e-07
5.114429706936060640e-07
3.079190681773029229e-07
1.200053206203212348e-07
1.489281313172741044e-07
3.863162726064408723e-07
3.668353591654540368e-07
2.020293795703736568e-07
8.104792322997073176e-07
6.332137148611121333e-07
3.573916060808970481e-07
