-6.324003142207770457e-08
1.776087236744321835e-08
1.380643658395202003e-07
3.285942464141217167e-07
3.935900603442818074e-07
3.392112952442138036e-07
1.591279627866955231e-07
2.659944337407488960e-07
-2.605341254266281540e-08
-2.425120493964816043e-08
5.166160820564517068e-08
6.695287585819885378e-08
-4.734985447003703544e-08
1.401856800704832123e-07
-6.693872619545969509e-08
-5.433392196296258140e-08
1.494541456438924495e-08
1.701479957746685843e-08
4.269395227951912188e-08
3.710492490348880755e-08
7.448462654194117055e-08
6.166104580801726289e-08
-2.005201822570396620e-07
-5.634033946072049972e-07
-4.212434281542724661e-08
-1.041272173237348109e-07
3.457469285643543449e-08
5.732248679356820590e-09
8.479699272484541282e-08
3.114189383094907289e-07
-5.044536136430271507e-08
-2.860550892285039539e-07
4.349322159438391241e-09
-1.273971902031777933e-08
-4.690733736110411085e-08
-1.271233451164018620e-07
2.721582382186457767e-08
-4.097356627186953874e-07
9.179405343274450481e-07
8.653139696912910989e-08
5.952846468450660568e-08
3.791928547483207062e-08
-7.416464098776705498e-08
-7.835240588116012885e-08
2.135876669978760281e-08
-1.194142417917326680e-07
-3.474955102265151650e-08
-5.470663907359770498e-07
1.746173507846673608e-08
4.265423105702006449e-08
1.490956408916259810e-08
-4.087607240021814221e-08
1.991023020314431488e-07
-6.379115651145292160e-08
-4.447487570830983787e-08
3.071992850521482699e-07
3.285540199605124604e-08
3.747996494208722668e-08
5.664842997571839454e-08
1.053093375895050056e-07
3.418606014890171360e-07
2.844190208069606593e-07
-6.837478041808503152e-08
2.593495750517288809e-07
1.249212793710171370e-08
5.051345430189654777e-10
4.283132655373979494e-08
2.467362543377466204e-07
1.401062334735056274e-07
2.553151966289589448e-08
9.191978224425604074e-08
-1.298395564652111749e-07
6.033666289240621031e-08
5.927504562829702260e-08
8.877048454070959862e-08
1.733249858526013390e-07
2.623322587679843707e-07
2.596330466663779598e-07
5.234407358705131241e-07
3.093929843956515427e-07
5.661929290885876160e-08
1.197851251817929776e-07
1.891005434253054373e-07
1.967717747482264853e-07
2.639080741254986649e-07
2.497709515705399011e-08
4.790734772685629407e-07
6.224095332333092162e-07
7.690908777543011748e-08
1.076742347315276472e-07
1.633992579995781535e-07
1.530686924203529645e-07
2.513233680502971256e-07
6.280238436116264494e-07
5.450825894797040098e-07
4.244111194081539522e-07
6.996671428941914271e-08
1.179993753782347346e-07
2.011668500493834262e-07
3.402742987486096139e-07
4.839826372205921091e-07
5.116254413703375899e-07
9.574595481330984694e-08
7.385781962848630109e-07
1.577097192331667700e-07
1.717009383491409426e-07
2.523175811343523811e-07
3.607717674483387986e-07
2.783246106124707444e-07
4.027093002002290987e-07
5.710830869430822220e-07
9.109990664758568016e-07
2.019375318135983970e-07
2.338761573594076035e-07
2.348569963392900406e-07
4.070250252851089787e-07
5.428635312369190089e-07
9.352964927145489980e-07
9.519435284375704170e-07
2.308251610960644209e-06
