-1.532085471175968963e-08
-5.378070178617928223e-09
6.327022408192681539e-08
-3.143957984581852808e-07
-4.045129900305900728e-07
8.559519199132782670e-08
1.131443657687289313e-07
-8.607291307222306621e-07
-1.043750819501122174e-08
-9.662753220179002863e-08
6.816903737318538717e-08
2.345823862999145207e-08
-2.445186190241176634e-07
7.145728648382306986e-08
-1.692401500562532979e-07
-2.444972207157872827e-07
1.462399761722130480e-08
1.720357028871358383e-08
6.311455850065789934e-08
1.048630169989318777e-07
2.191038248684126391e-07
2.705065209052830663e-07
-1.573451634039309207e-07
3.446179519506584321e-08
3.241423633675993537e-08
6.420508758949153025e-08
-8.449366447783975464e-08
-1.166848450178404817e-07
3.137712812487289200e-07
1.631669057530786175e-07
-4.099823955150791751e-07
7.368195942242624673e-07
3.687779332130008907e-08
-2.270996923979293253e-08
1.166611138135867805e-07
1.026931195772600607e-07
1.015973626654811720e-07
3.252503656049698085e-08
6.083425598645253142e-08
-9.533790033621466480e-08
-2.921418382929329951e-08
4.865543581907662247e-08
-6.449117056117886176e-10
1.867553089472988703e-07
5.699069001785455227e-08
2.035856276004864627e-07
1.295184110177804565e-07
-2.398330173997621060e-07
5.729574579389690332e-08
6.814095365193342925e-08
7.502021091325052896e-08
7.492986288710071483e-08
2.322148739658285052e-07
3.171160931160589047e-07
4.990820768884022544e-07
3.755685162795869254e-07
7.707246278295445339e-08
5.599173070616488568e-08
3.780582408283749091e-08
4.404828655348617216e-08
7.632323571724885844e-08
3.272724306049199799e-07
5.132285813223865480e-08
6.891816283585665801e-07
6.638725101276820915e-08
3.988175370339667684e-08
1.825243978403313264e-08
1.503849981048872683e-07
1.231874059718174075e-07
2.263040796508525808e-07
2.390612082072769685e-07
5.964076120882169972e-07
8.029029433032479113e-08
5.114065990880152954e-08
1.013295484723332021e-07
8.327088964003162035e-08
1.067191922266456871e-07
1.121626917164110310e-07
1.929891498280655698e-08
-3.051283882924292930e-07
8.097358262966154231e-08
1.493965301550131836e-07
1.136723955818686385e-07
2.099208927549666295e-07
1.471241553518172994e-07
2.828191865375833823e-07
2.493275136400407013e-07
8.434052606130594360e-07
7.095579438301515393e-08
1.152847140026999418e-07
1.717794404567899929e-07
2.402813346139263567e-07
3.936040855671407823e-07
3.161808569867601883e-07
4.051120888551416033e-07
6.501080643230303686e-07
1.531545500457222622e-07
2.361203428888417748e-07
2.276012557824628841e-08
7.157245145118710318e-08
2.962445244103964202e-07
3.768835636019884115e-07
5.585496857098655477e-07
5.499019414295965496e-07
1.383337378619479520e-07
1.781519279687990083e-07
2.635612759189261707e-07
2.349589109489599134e-07
2.321970427268552424e-07
5.039577065324115166e-07
5.667869251989086652e-07
1.403961480924943516e-06
1.654705507247006592e-07
1.258754192424925280e-07
3.006095701537972199e-07
3.114306669217003944e-07
3.637230135279180503e-07
4.378627075967336565e-07
1.076502964911467951e-06
9.959121351103829426e-07
