-3.726096126944183175e-08
-7.850102486750345421e-10
-4.207162067737856338e-09
-1.893257852197933485e-07
-1.872236864020995718e-07
-5.038461978098975643e-07
-2.646091889582427130e-07
9.540422384993305849e-07
-3.271702644905293485e-09
1.834692336499456766e-08
9.307941556614175318e-08
5.273137014862331556e-08
6.027037419669203843e-08
5.865332050359728319e-07
-1.628377395308283730e-07
1.443095724056079032e-07
1.672565226671268417e-08
-3.355986298194132051e-08
1.265801461415450084e-08
8.599197674572125447e-09
9.746730660410115187e-08
2.596596937546985889e-08
2.647793828366867053e-07
7.921383417478177168e-07
9.130115766987645485e-09
5.835421321734440522e-08
6.678539465924145342e-08
1.153878217518787878e-08
3.471733987657157816e-08
5.115841464887230920e-08
1.178620734542786724e-07
1.772565447430708205e-07
3.535847754049437183e-08
2.261848594518047153e-08
7.484513289856614911e-08
8.091578262525405730e-08
-9.455799745587028120e-08
2.169370436301322173e-07
-2.012228813311118691e-08
2.315261608019957847e-07
3.563851245393256880e-09
4.133547319422214791e-08
8.748146300055070343e-08
-7.318684551072838783e-09
-1.120204885153143210e-07
4.598834293957028337e-07
1.938827025983056339e-07
-9.501928259474311447e-08
1.754615942119556842e-08
2.220309644086114200e-08
5.904827657027444999e-08
1.390171835714203993e-07
1.325754476941637111e-07
1.939524502298867070e-07
5.724643846866729874e-07
-1.044139618218488465e-07
5.142984114815642231e-08
-3.273941152082149593e-09
7.997474843592493608e-08
1.222473188930556204e-07
5.091235081067500953e-08
2.005653448824634621e-07
3.619554671285124881e-07
1.053778233349143380e-07
3.364762851131055036e-08
2.302066138372634582e-08
-2.386545783163689165e-08
-4.520493143974296598e-08
2.289340388651871489e-07
3.191033401643006595e-07
3.866908179570581623e-07
1.532374708899982388e-07
5.097352404104798839e-08
5.621882020995245940e-08
9.303365354872049953e-08
8.323740826161654544e-08
1.781709060883835380e-07
2.372477436610081293e-07
4.041284248411593630e-07
-1.684057342303595507e-07
8.814625439820287634e-08
8.009929265835072868e-08
1.259607752576318239e-07
1.493782142317925625e-07
1.567110182681362389e-07
2.689039486276536972e-07
5.719689841277176655e-07
7.002475288738679236e-07
8.096540179086728722e-08
8.262279938773186959e-08
1.090049521844222604e-07
1.431647378064202295e-07
2.066802367779231363e-07
4.784545470405317207e-07
6.203902442963000629e-07
4.606460584042046316e-07
1.468575840265561011e-07
1.832038483025669004e-07
1.999689016175390783e-07
2.112358902559451905e-07
3.906338922918122548e-07
5.723857036570666801e-07
5.207193901974235583e-07
1.385463795973244001e-06
1.432944769762604416e-07
1.583618873162096672e-07
2.786528142855241267e-07
3.838234598203623738e-07
2.540156738573612646e-07
5.115951935381536296e-07
4.553911393637374998e-07
1.104315183862183483e-07
1.674030413933609063e-07
9.258873363853194292e-08
2.470358412939201365e-07
3.796789575144310055e-07
3.784358644963073329e-07
5.532349473468570108e-07
8.659342879312266581e-07
4.700674752820693026e-07
