7.661599506358674782e-08
-7.032587922953829385e-08
5.355544992850041696e-08
1.227809777858390143e-07
6.421614638748887780e-08
-5.079254772241464380e-07
8.408474371581827500e-07
4.812997883645185382e-07
1.839350747547159937e-08
-3.879695182419878611e-08
1.053285380681265767e-07
1.687068024942808085e-07
-6.833658351695964736e-10
2.116125809373568504e-07
-8.404182797682814700e-09
-1.892527200517915623e-07
2.443997848197253218e-08
3.971003490163058055e-08
-2.697169820108752876e-09
-8.430412001369158308e-08
5.192524679293952644e-08
-1.724957725942865793e-07
2.296000813400131009e-07
5.183487623338869827e-07
5.601871352938841017e-09
6.261997635209560829e-09
3.990311891315699243e-08
-1.621742035017887918e-08
1.096612533639576262e-07
-2.279051203153914607e-07
-2.888849145591799321e-07
-7.877403183862297660e-08
-2.472873943163559094e-08
-7.556627575587497838e-09
3.964342795077357232e-08
2.064882045243948564e-07
-1.718489252183843754e-07
-2.698967217005423231e-07
-2.763207312645855444e-07
9.352723856461434723e-07
-4.386440996276342569e-08
-2.031201215383769443e-08
-3.565183263118563897e-09
1.085011454372162222e-07
-3.617269307729044664e-08
4.629694083764449923e-07
1.621687066431123791e-07
5.942743609511370292e-07
5.513671943350927774e-08
5.014342267868227364e-08
8.749433191924527090e-08
1.095872102118455023e-07
8.787836517574254317e-08
-8.863585675960062568e-08
2.204944431972154301e-07
-3.681608206044501682e-07
4.444515331865605568e-08
4.080176191575121182e-08
1.072009084938023861e-07
1.279990391024359719e-07
2.075513276253681557e-07
2.034801926788750709e-07
1.860741381470112237e-07
5.133830606167316683e-07
2.988255759108104903e-08
5.086232046226139368e-08
1.580969981347528657e-07
8.148733701588377219e-08
1.638526172500280243e-07
9.871610287785218289e-08
1.969010356364149147e-07
4.404263481822068663e-07
3.758628908098646718e-08
8.320566478130343821e-08
1.335690081714912425e-07
9.865764410499072783e-08
1.200004714366408559e-07
2.574232976972420332e-07
2.441540696637959137e-07
-4.421766518281602400e-07
8.516348213376972410e-08
1.254451146847998129e-07
1.220749953426479829e-07
2.268156211276803296e-07
3.344350064611608001e-07
5.094920228846349839e-07
3.300560865013911693e-07
6.803011435123028782e-07
7.266839365475621228e-08
1.492578668304017358e-07
1.659669536091977768e-07
2.477245355248416621e-07
3.958134379905618554e-07
4.211350921481275419e-07
3.489054473053498917e-07
8.169132898940415755e-07
1.312600240287033590e-07
2.605916463926693019e-07
2.131407295805069486e-07
3.200288614404763879e-07
5.494182021154753085e-07
3.356409908340242660e-07
1.965321988506309375e-07
1.209516882456506990e-06
1.319137293297430927e-07
2.254995321945439835e-07
1.681146139493184417e-07
2.859205204392058951e-07
5.486710976170775951e-07
4.577769835715395854e-07
6.457666451050327711e-07
7.336285652151150495e-07
1.190070275635229136e-07
2.947116069231784289e-07
2.945909706968880105e-07
5.322882289309002616e-07
8.932117460604013071e-07
9.352080156307238345e-07
8.870543640026797941e-07
6.159655089012668126e-07
