-4.610333012316109716e-08
1.473930093488386787e-08
-1.019027420120726942e-07
-7.602115632137820975e-08
-1.046549998334110456e-07
8.474949705650922372e-08
-1.184972179751475526e-07
1.681603517887501928e-06
5.556315530864292320e-08
7.521313965161678299e-08
-3.824357226325944548e-08
8.794557806494327667e-08
-5.769875030638608995e-08
-2.637103653688290330e-08
8.278827874383187159e-08
-5.486547730374470972e-08
1.105021943000119079e-08
2.802561450012217804e-08
6.929906315303127959e-08
-1.082755607958890068e-07
2.248693358631637875e-07
8.710503119933607983e-08
1.014315729312811873e-07
6.553505156317504883e-07
-1.772792826884397783e-08
1.776711938784850956e-08
2.522690187717819113e-08
-5.285414369321139404e-08
2.691910183774248886e-07
1.869260129932814769e-07
-4.707204645919185463e-07
4.204297109928005613e-07
6.017533966052659567e-08
4.006401633756578964e-08
1.015744402670572342e-07
2.318429923309338577e-09
-6.382564266463692585e-08
-5.029220655571854785e-08
-1.679772976810477237e-07
5.089004823174183565e-07
3.183284762637543035e-08
1.068651599120454842e-09
-2.197472736592687450e-08
1.706431133367134118e-08
8.036934485632691074e-08
2.242547255436334751e-07
2.109640935905423203e-07
1.443417199553411406e-07
5.695659582141310402e-08
4.710477084784059655e-08
7.439071373717040368e-08
8.759853968245102874e-08
5.413639762009327936e-08
-6.872392639098924054e-08
-1.766173990299028214e-07
1.437018908869018053e-07
5.369399587565551334e-08
1.475489516496002222e-08
5.480687899351759746e-08
5.454384799313923804e-10
8.505531572559883055e-08
9.178766450428921770e-08
1.199820824752534330e-07
-5.958822124079574742e-07
6.368275572188644968e-08
1.997524988598991999e-08
4.326251886787332626e-09
9.968796515539211612e-08
1.269774356331568658e-07
7.985759917676675059e-08
5.185424583791945805e-07
-5.642446195850971160e-07
8.481017648137359470e-08
1.310097345677733259e-07
2.289606024372824995e-07
2.706968626034616693e-08
1.867631234856007981e-07
3.706787062121425241e-07
6.384473854169288268e-07
3.069200896334799039e-07
1.116611924019312731e-07
9.554182492558697433e-08
2.297563705004978205e-07
1.708274565489060279e-07
2.015921160631609640e-07
2.475463315178678921e-07
5.481448953618094936e-07
7.534621832680482376e-07
1.248385522478765553e-07
1.516020504665234392e-07
1.494602062741124836e-07
1.763720499534501748e-07
9.816418978116287634e-08
2.863221516812067194e-07
3.559517766248956366e-07
1.674851264364037898e-07
1.652823270320770374e-07
1.479859310128750864e-07
3.265391587693511593e-07
2.503629991960231171e-07
4.152408840303893536e-07
7.582128095374646231e-07
1.182484268171149156e-06
3.078571088079060567e-07
1.618964204854805841e-07
1.716721663296767079e-07
1.930386733736358852e-07
2.126246580903209131e-07
1.749588598890017522e-07
3.840878586265608646e-07
8.912250696611308414e-07
1.969829114285979624e-07
1.993654090757000626e-07
2.062950790197324041e-07
3.901341877770737512e-07
4.213539031216495694e-07
3.199367890771833796e-07
4.386832627571392288e-07
8.254845869975448424e-07
5.316466469395345920e-08
