-4.428176627635417102e-08
1.228999744430930267e-07
-1.589591907401521216e-07
-1.106860467899172484e-07
4.443272450366115376e-07
5.971397845081026358e-07
-2.710362870802974542e-07
1.955678793567997228e-06
-2.246240544841616479e-08
5.166298680075289968e-08
-2.685574322216767934e-08
4.110272672762502477e-08
1.513544517504865054e-07
-6.283839738691586971e-08
5.760146525325502288e-07
3.715479947869182688e-07
-1.729039390637828661e-09
1.262759151725224081e-08
-4.175871816650796960e-08
7.637252475633313456e-08
-1.254253609416420892e-07
-3.266625151848640995e-08
2.249437949633151651e-08
-2.977835300451713710e-07
2.262373646827418410e-08
2.765406813220858750e-08
1.318703101329254249e-07
-5.438764007235499176e-08
-2.920117965173753829e-07
2.985158047408239374e-07
-3.281823496955156032e-07
-1.772961564565933865e-07
-2.033479950917341022e-08
-1.737831301842104326e-09
-2.181353454636919560e-08
1.926535975689160249e-07
3.297663264341891228e-07
4.166101876278381446e-07
-2.188346885938729777e-07
3.323727102238886366e-07
4.245210471073684457e-08
1.402906098892771007e-08
5.692808339300445620e-08
1.363044767632388964e-07
1.469999367466765487e-07
5.324330188636773561e-07
1.927888842253548588e-07
-1.317153030880346057e-06
3.758943095365868356e-08
1.565336559244325050e-08
7.287498088878775666e-08
1.029483541495866837e-07
6.225208110954142072e-08
2.346793678246548541e-07
2.972745599393336330e-07
2.769604454836951331e-08
2.301202549506544517e-08
6.776790832491496853e-09
2.302894903463427152e-08
4.148275873302487076e-08
9.618782525407085573e-08
1.719561651039587601e-07
3.514765767364029155e-11
3.643684899873315649e-07
5.264715471006145725e-08
4.965541293895009329e-08
6.100640313692021891e-08
3.049694204689738178e-08
4.021414796988252546e-08
2.040993152874388948e-07
2.308328692535352660e-07
-1.655724561101192413e-07
5.226567806472181684e-08
2.649187102440463899e-08
8.795043810913663910e-08
1.558083953534402383e-07
2.337724113087481075e-07
1.799374568733580347e-07
3.720762534489481554e-07
4.777314599000389742e-07
9.030242821507217481e-08
7.392766598139664653e-08
1.349495386946351424e-07
2.471415693984665879e-07
2.901876837120049294e-07
4.182938038422744221e-07
5.831017163683397462e-07
4.855386713116402977e-07
9.216898968454081626e-08
8.966794884258723124e-08
1.336780510791129441e-07
2.431156935261200786e-07
2.886971864801698429e-07
2.911255397070286227e-07
4.545221302437852080e-07
1.247383684349059961e-07
1.152295300731071714e-07
1.176024110330413178e-07
1.502247945645696450e-07
1.887373616656933482e-07
3.364299358470946001e-07
4.047226457880068208e-07
9.831196851981071365e-07
1.239159651288259067e-06
1.317427560679497826e-07
1.560360086413797907e-07
1.838491109057006158e-07
3.840889865003513298e-07
6.071207608097536544e-07
5.710900561994769524e-07
6.684237100470496732e-07
6.273661884448402912e-07
1.991350710572370956e-07
2.216437043507454984e-07
2.954416215524870414e-07
4.153873858262587821e-07
8.502825358886997670e-07
4.819699122020962567e-07
3.519772236351458464e-07
1.430363148828103073e-06
