-1.495837961433510213e-08
4.012054445174593701e-08
-2.587615697371236224e-09
1.752247326180892487e-07
-1.274467201549856746e-07
-1.626310168448683222e-08
-1.289491144317542814e-07
5.048696767694316364e-07
-7.045339892417050410e-09
6.745350568608544497e-08
1.627594573192854681e-07
1.213654518970080996e-07
-8.540933936144847299e-08
-1.266134560323122258e-07
-4.993277135951981678e-07
9.580958724771608080e-07
-3.156601961286489441e-08
6.180167811088007674e-08
6.014498923130873666e-09
5.731213950579025808e-08
-3.437212315644447851e-08
-2.380780820070964709e-08
4.302263062895450332e-08
-2.290322120791905500e-07
3.036654417033401453e-08
6.609747827081228834e-08
9.326908951785918015e-08
5.423014577370905026e-08
-1.564639315908456273e-08
3.692054792472135472e-08
-6.497100013861047648e-08
-1.081959339834495132e-06
-2.808875556647171860e-09
1.280284318419415001e-07
1.536951349494282825e-07
1.367752665224210344e-07
2.857121959762809671e-07
-1.739891443652149874e-07
-3.985470096068362491e-10
2.272884533017310349e-08
2.427065226087039591e-08
3.267185973864417053e-08
2.693311052840077403e-08
1.488404378083054876e-07
9.401947270426298430e-08
1.666067590250835343e-07
1.165209571450068040e-07
-3.486166549391393030e-07
-6.656474241023611334e-09
-1.386049397632444810e-08
1.315258232843452571e-07
6.211135641222445285e-09
2.879291133871119735e-07
1.920911456312718901e-07
3.807306243402892751e-07
2.989288046434525951e-07
-5.551617563942243737e-09
3.237695237108910856e-08
6.433940364227000883e-08
1.791985189703356267e-07
1.654415696409553419e-07
3.251322674264304970e-07
3.194604126480460504e-07
7.215265443201425211e-08
2.239949181715554942e-08
2.682708602090331753e-08
1.214047516634064655e-07
1.212108560027444063e-07
1.485318297237258460e-07
1.417074119666145126e-08
5.714927775785552726e-07
4.071478921820105118e-07
2.723821003283716405e-08
2.175213570946924642e-08
2.890479546002668127e-08
1.262194778208402897e-07
2.308515651886881217e-07
7.594034689354555282e-08
-1.479676964996541751e-07
6.565072175424754848e-07
4.536662971737039046e-08
9.667360194803973809e-08
9.648191392619579156e-08
2.052577764062702794e-07
2.748686335999254215e-07
1.509858164119175159e-07
2.103394959068393867e-07
1.222243354067731145e-07
8.028886016256946543e-08
1.332118927462925335e-07
1.112809625766520334e-07
1.662009798147777179e-07
3.356847318806319995e-07
3.991612463232416451e-07
4.224071886084825278e-07
5.333749843608318448e-07
8.795156599637162152e-08
1.110155484553227935e-07
2.947061357371264837e-07
3.700080428447359068e-07
2.931339797563469657e-07
3.894675094643367081e-07
5.926528432216118697e-07
5.535198301546081974e-07
1.235406541955370230e-07
1.576469208340779850e-07
2.883570822544578813e-07
4.813247794702058258e-07
3.667018097401337024e-07
5.323999031946225965e-07
5.299460426712668804e-07
8.914571851142791136e-07
1.821657295902377183e-07
2.244967731691578254e-07
3.081630643858456083e-07
1.136903841422601605e-07
4.550373150116937445e-07
8.026443432935067339e-07
1.138960226569377614e-06
1.116150619150205750e-06
