5.133548977234161817e-08
8.733642327022510406e-08
4.013506569795706025e-08
1.298128687579262162e-07
-1.481685692415102225e-07
4.640345214875220107e-08
-2.690360059917631833e-07
9.219252165015766026e-07
4.781130136399445970e-08
-5.241680944825657634e-09
6.806236056007973100e-08
1.715795162315019889e-07
-2.606458036824580093e-08
1.267065454372238108e-07
-2.457751115041790716e-07
2.736706592056014155e-07
2.021867977440176545e-09
4.933903465320251370e-08
4.790100680306444156e-08
6.948186445578318399e-08
-1.194064918515009782e-08
1.551679156379775260e-07
9.955741420099844577e-08
2.391445852192971660e-07
-2.236403160469778478e-09
2.744706760816780892e-08
-3.157855988478025201e-08
8.555771830698250163e-08
2.982802385927633688e-08
-2.310010627909709383e-08
-5.841377296070255352e-07
-1.782288324078799543e-07
1.084563775130981020e-08
5.766018393601756034e-08
-4.400113846781052211e-08
2.579426750842149881e-07
-1.551523778157360357e-07
2.469423490297445255e-07
2.521217169871591577e-08
9.721802867933962726e-08
9.772497626680693672e-09
1.519629515876146049e-08
7.278109106536600329e-08
1.062978969939185816e-07
5.972387203338617241e-08
4.896348202377575282e-07
2.079649322276703475e-07
-7.499627167570996268e-07
3.109621819320480662e-08
2.250575245002027039e-08
7.168024909336930925e-08
1.056406048559250915e-07
4.812071836443495346e-08
3.163670331200699946e-07
-1.387941770233969811e-07
2.769451049178047497e-07
3.611286209006789471e-08
1.392263039110596841e-08
1.006441018779932259e-08
1.038881748415415196e-07
2.459309119115448312e-07
1.750920456715389387e-07
1.126260824620007920e-07
-2.854960739775992688e-09
4.695947597703339979e-08
4.408967583079899705e-08
9.152547085492952267e-08
4.043247424572538286e-08
3.254460686517068550e-07
1.803943298230399676e-07
-8.444341605926881183e-08
2.959612423735305349e-08
6.567918250970628518e-08
9.682155927138361906e-08
-4.121888164147876206e-08
1.964738454971645688e-07
6.389396737361776502e-08
1.825702716015511293e-07
-2.395809051191951969e-08
7.798199113829601644e-07
6.832749655289506492e-08
1.022707360116851619e-07
5.618384347685396125e-08
1.944765469124874671e-07
6.153440774296252974e-08
4.824181630496971780e-07
4.639024114735684735e-07
2.991210406283323308e-07
5.799682604464900313e-08
1.164772878877344026e-07
6.868957617852283332e-08
1.510288839703097727e-07
2.779639636554259004e-07
2.316729082215025797e-07
2.011620977816594401e-07
3.960065800024920161e-08
1.583711908084480126e-07
1.626380277495541149e-07
1.650055474243178593e-07
2.716047313852410990e-07
3.275683389831841437e-07
5.600941152688567074e-07
1.720809718915474054e-07
4.861142707971484055e-07
1.554253956264485020e-07
1.825077700465647313e-07
1.992270969827921773e-07
2.464622274352953434e-07
4.525764354782414511e-07
5.611736183072620853e-07
6.988430006090997046e-07
8.730274343586400354e-07
1.728217456738282211e-07
2.824702305162401129e-07
3.400294386258062396e-07
4.656409082284496472e-07
5.441687335164141684e-07
8.267002140729368356e-07
9.818896690157461076e-07
1.298216570834172538e-06
