-6.766097841131833804e-08
6.344492544032850525e-08
5.777816829331351728e-08
2.237343356815772713e-07
4.132118085203297715e-07
-1.875992113296141982e-07
6.860630078248216715e-07
1.666788123819141984e-07
-4.640667747505323329e-08
-4.928758383164834453e-09
7.761580066537801067e-08
1.972309237034796691e-07
1.006599164221976325e-07
-4.833396326082583571e-08
3.701143316244040726e-08
-5.284003595495196377e-07
-2.063045909163519152e-08
-3.953404695088596611e-08
1.441670922452377560e-07
-1.405154781708860894e-10
1.787086163839086827e-07
3.978316768813817225e-07
1.886137273645612200e-07
-1.208248807600796813e-07
-3.024272396789029743e-08
3.638328120703936583e-08
-1.229168515073705420e-07
-3.335618420043196714e-09
3.312826824852392356e-08
-9.545065338320663634e-09
2.538658485389818968e-07
-4.170931436856104413e-07
-3.709672205321106170e-08
6.840228139676044278e-08
5.545187179184354388e-08
6.840182133760060344e-09
-9.089758093125691019e-08
1.637344813779643653e-07
-6.786010379933399735e-08
2.284537346687512028e-07
2.160929745169124504e-08
7.027257403735006326e-08
-1.537943397788060906e-08
2.025811875667224507e-07
1.079531115634013638e-07
5.644987479262660635e-07
-1.278354862230100858e-07
6.361517829612144123e-07
3.122449126897372079e-08
6.007393883164407837e-08
1.282291060147488987e-07
2.226094409548250231e-07
1.010982470274013230e-07
-1.280184387723033092e-09
3.038202743108567156e-08
1.272249286118608202e-07
4.500120699979063420e-08
1.556841811144662072e-07
5.266711095936738949e-08
7.413548363732040111e-08
1.079744049764206521e-07
1.283061840009393761e-07
2.076539697637359997e-07
-1.792440686283405235e-07
3.221704486757904564e-08
9.726436756717000353e-08
7.340879645183842998e-08
1.069434960968055487e-07
1.917792491746001616e-07
2.998993150793001067e-07
5.436617089293540554e-07
1.057978187702167803e-07
2.663142616501271408e-08
8.641661805570321876e-08
1.016451151274231515e-07
1.952754854512702682e-07
2.166363871916578366e-07
-8.776447762017896944e-09
6.783239792342480035e-07
7.576540426111191402e-07
7.657976376319672514e-08
1.239789591337320348e-07
1.551298131304266064e-07
1.283356827229682992e-07
3.013405420963207531e-07
4.560874047116687272e-07
4.983063371603946555e-07
6.091758847827435743e-07
7.405637335334722003e-08
1.064340370268448437e-07
1.246748645463445685e-07
2.140334072183835587e-07
3.959751616595759787e-07
4.338747014378114910e-07
1.696948248949412717e-07
4.094200185889729069e-07
8.286566003851828708e-08
2.151291186915286018e-07
4.312852421690590327e-07
1.986563527260060560e-07
3.461832552154371083e-07
4.161440729647992404e-07
3.697615505201982516e-07
9.915139273433138557e-07
1.626099140183037242e-07
1.443720928980917560e-07
1.850558689525698483e-07
2.960988181495068324e-07
4.474895069840060101e-07
4.639762145488107854e-07
4.539919008592334123e-07
5.961194815490683991e-07
2.236307555382645404e-07
2.274961179173052245e-07
3.483574811187039896e-07
4.458877809354164659e-07
7.726219784414866162e-07
9.552261846388685512e-07
8.246239692940461439e-07
1.084409431727747793e-07
