-6.572840357750864907e-08
1.868516921366561455e-07
-7.969502351454546730e-08
-1.808659905737986373e-07
1.100565423541051382e-07
-1.743161778408396715e-07
7.963327745732567467e-07
-1.104150935123682005e-06
-9.724359821037967879e-09
2.173233468447111813e-08
-1.727542550813800055e-08
3.207504441896682324e-08
-2.183745990453691720e-07
-1.553597242652816011e-07
-8.508222241209543053e-08
-4.785820034089417907e-07
-4.845257398899976214e-09
1.960051394089608098e-08
1.015036475441053484e-07
-1.535023584601873046e-07
6.555088893216372214e-08
-1.870816549315473234e-08
-4.739100145305239435e-08
4.102514921991929498e-07
-3.310620780549972092e-08
2.098384449244973647e-08
-6.139856483947583782e-09
-6.603408951882094104e-08
-9.240594097151405513e-08
2.847887418692884502e-08
-1.585148298069858668e-07
6.493490839754342846e-08
-1.640756299580118497e-08
1.072430884753186043e-07
1.628731958321779991e-07
6.114873617810630178e-08
8.744516554132813179e-08
3.931303657563268104e-07
-2.351455574080472841e-09
2.426956999567669505e-07
-3.252776860065976011e-09
2.265941729709108400e-08
2.754765954089712493e-08
5.928126973536481820e-08
6.650672071739004619e-10
-2.030914958957936670e-07
-1.031433626644980904e-07
-5.099137245074594509e-07
2.016821085837791442e-08
-1.806707687852499364e-08
6.127048955170677645e-08
7.205171141531412365e-08
6.133375784077493926e-08
1.371331388517564121e-07
4.330926078796732588e-09
3.650491775157401327e-09
4.129700029752756467e-08
4.112316815756822966e-08
1.136689640586572553e-07
2.815211223334814929e-08
1.128597374633552042e-07
2.374816344246602636e-07
3.108953768756059821e-07
1.757330422881870217e-07
2.302103137891677246e-08
4.978286946788082787e-08
9.667626265013481400e-08
1.670879212034875672e-07
2.350901243138726338e-07
1.654728665903295069e-07
7.732042289797059937e-08
1.150874119508110919e-07
5.532140278086309601e-08
1.016531557804122544e-07
1.270430663141864993e-07
1.803093015222882545e-07
1.415935326392721636e-07
8.032145436832716929e-08
1.334922168706723708e-07
-2.249506355493819563e-07
7.450101180524392837e-08
7.473674456603481009e-08
1.100007703001746523e-07
1.704996643634933071e-07
3.166877604309575914e-07
1.114488658100898378e-07
2.717237300100094198e-07
9.545986108755705180e-07
9.211387763809787522e-08
1.434973341303026765e-07
2.011479980950678959e-07
1.154198286227663453e-07
2.491109195866497091e-07
4.528548522482751573e-07
5.432706122825844486e-07
4.289609093483461240e-07
1.473990053433258265e-07
2.173683158609477886e-07
2.718644209466916078e-07
3.643132263015660305e-07
1.235508032707876642e-07
4.976862934992620289e-07
8.193245735547828891e-07
1.849212338087744974e-07
1.893788154319898821e-07
1.809164772162624272e-07
2.099698759227273749e-07
3.921203406890745466e-07
2.893605315137522820e-07
4.154092529844372276e-07
6.121426080707004753e-07
4.092191652586999519e-07
2.124458595888929465e-07
2.822389288818807236e-07
3.687873687588720544e-07
3.462121970542830627e-07
4.101283130421293562e-07
5.359977629651670077e-07
1.566699969744757491e-07
6.337569165502812687e-07
