-3.197118940465494206e-08
-6.051747674791982684e-08
-1.562487466518472709e-07
-1.340048554576706334e-07
-2.400738447176577961e-07
-6.765036454790216063e-08
9.224610528489323334e-07
1.304621891967150765e-06
1.126627378835353291e-08
5.657675586206832037e-09
-8.867423780116250326e-08
-2.511327785860093336e-07
3.619311709400624383e-08
3.016506203784146992e-07
1.074505652169417053e-07
8.783743555320019307e-08
7.234533960570422363e-08
7.896023244306579037e-08
-1.520372008904449254e-08
-4.984662776232014308e-08
9.466742549468912153e-08
3.560953863826810788e-07
-1.635518177187242299e-08
4.756819299323809842e-07
4.677348648649552467e-08
2.272224371475362302e-09
7.834388637218869901e-08
4.494678993446521105e-09
1.098815708987715257e-07
1.037863351996099295e-07
4.297067797909266396e-08
6.204050872246736367e-07
6.480907836291540867e-08
2.916310820551919313e-08
1.144587143658170004e-07
6.177059508967735440e-08
9.951940743753509390e-08
-2.991253865536090850e-07
6.566993021625702990e-08
-6.113287552143367034e-07
1.843541492213119169e-08
4.834191173649073226e-08
1.471117831487457165e-07
-1.299346693108100799e-08
8.514194282795414923e-08
2.878075370434438368e-07
-4.575614672583672340e-07
-3.876053331418798443e-07
1.855816483220346084e-08
5.480882815832400646e-08
8.912118885892756770e-08
9.793580764571563458e-08
6.309503998319463772e-08
1.240436837146407815e-07
-6.498378969938506952e-08
6.551648756058334074e-08
3.290349828111193811e-08
9.357802620425543826e-08
-8.335869131682035517e-09
-1.122320554503688571e-08
1.801805105634831226e-07
9.983161504957453211e-08
-2.089685500269313915e-07
2.197243097479863393e-07
6.239603229988839717e-08
9.604406386037016908e-08
6.078887677647559518e-08
1.387747501344171837e-07
4.170790041740122649e-08
5.437518162825590789e-08
1.272409288297751782e-07
-3.292505289116562372e-07
6.880229576997978379e-08
1.360513963811511536e-07
1.716338747041133226e-07
1.634150946074372453e-07
3.470692941223301694e-08
3.248651921133131024e-07
3.167630877133334157e-07
1.712536273712011807e-07
6.820941799494501963e-08
1.136929898086115568e-07
1.034359946338340450e-07
1.540320481087669990e-07
1.318901508172458822e-07
-6.131132737808803921e-08
2.950960856295098322e-07
3.898384433753347700e-07
1.151956216644080873e-07
1.321260332891821721e-07
1.741051565747427116e-07
2.632912274092977827e-07
2.467620305143969936e-07
4.166456352351942192e-07
6.278213063113997441e-07
7.500657501841282149e-07
1.604665456642689070e-07
2.130996104736259738e-07
1.706819536094891292e-07
1.224045206479247992e-07
1.438270786045097589e-07
2.596057528422162174e-07
5.625109541069034381e-07
1.474948548211939273e-07
1.329060064996168064e-07
2.294562870015962821e-07
2.479839894795465306e-07
3.630759541755666167e-07
3.356641631484070971e-07
6.435355396365790566e-07
6.192987228045495495e-07
9.333912279488514687e-07
1.798614433114095626e-07
1.869474792755243365e-07
4.655952779125749341e-07
4.864281345175402041e-07
4.030895807644858312e-07
5.684939555920827308e-07
1.474572693434469433e-07
8.297531644585211868e-08
