-2.348761709233290293e-08
-2.287390383569983409e-08
-6.374728500311405693e-09
-7.815045174562218225e-08
4.160078971608285003e-08
-2.851192650180255845e-07
-6.593619506225740625e-08
8.897471495783728015e-07
-1.038495458257550370e-08
9.579091927924549218e-09
-1.642840906036263561e-07
-3.203480531684784379e-08
1.488967776294605422e-07
6.724549802275983904e-08
2.345046040250429665e-07
-2.529249216213880565e-08
1.156597645822431015e-08
-2.224790806786918216e-08
3.793866818262780744e-08
9.608544936620092118e-08
5.008939155493590679e-08
-2.048185989247458380e-07
1.191324325233061825e-07
3.700285103743177629e-07
8.180436750842576645e-09
3.315338055076352131e-08
-4.823328670852947909e-09
2.887654376976426354e-08
-8.238547912148265316e-08
-1.283707402019509866e-07
5.319973224104995352e-08
1.404977295614445012e-07
2.765821045762035870e-08
2.716244256307325201e-08
1.147124722306910312e-07
-9.331657688258952253e-08
-3.510769266091030837e-08
1.072288834970881798e-07
-2.120774760504954257e-07
5.364599918775205164e-07
2.893670645804931063e-08
6.259356434932113002e-08
-3.881976741319723141e-08
-1.315510242177423051e-07
3.302432269781949673e-07
2.566730711557163708e-07
-4.180217174505463158e-08
6.851348100739986769e-07
1.650045675944409115e-08
4.217098382490668521e-08
3.219153449019795624e-08
4.102755519921984858e-08
9.015092546148061305e-08
1.933431376635941257e-07
5.755472445610400782e-08
-2.620855324398395180e-07
2.648930760270319839e-08
5.904793623318827612e-08
5.871677873205691767e-08
1.093375600729886717e-07
1.345923115251492653e-07
2.884826886076378878e-08
1.525790923331434271e-07
2.947438674510326063e-07
3.770653932092945800e-08
2.613926972295279122e-08
5.577199660647327754e-08
9.433203487283283447e-08
2.066308609318747724e-07
1.586658202550934565e-07
1.700378948704774590e-07
1.184249587763269214e-07
4.408492663046207795e-08
6.866981133472606770e-08
1.140693582172688898e-07
1.681220351413192643e-07
2.598887027808855864e-07
3.815929564851997888e-08
9.120482809994360107e-08
2.949154722114031537e-07
9.672232673316844112e-08
3.292418853459786119e-08
7.094556618403627064e-08
6.840204776121464392e-08
1.847127467142889079e-07
3.338505465045965423e-07
4.843348882264043824e-07
2.367683375115069158e-07
9.338767750836967512e-08
6.996552931797486282e-08
1.804345817088905849e-07
3.040823411115663381e-07
2.646167055466634257e-07
4.235805800170003464e-07
6.737366327580238746e-07
2.272114655326988367e-07
1.735804829741131925e-07
9.346160668929123915e-08
1.801415340225572051e-07
2.942212554682164635e-07
2.285294385717797659e-07
7.028602364296868350e-07
1.240385613709450047e-06
5.625824493322683560e-07
1.416516490274724821e-07
6.687475073441911091e-08
1.503996962334829171e-07
2.778664282378604030e-07
3.715970857333473410e-07
2.574273818693189385e-07
9.920719458245749044e-07
-4.282804912448677508e-08
2.074299215370947541e-07
1.505029376167405088e-07
2.368734541312840043e-07
3.347335521652614229e-07
4.809378996604401313e-07
4.853933443520212164e-07
3.176211630210992116e-07
2.494198750009917590e-07
