2.303672005669608729e-08
-8.254118242823221659e-09
-1.927494947169040892e-07
-8.192334794409545840e-08
-1.423134414742668730e-07
9.064468792423976700e-08
-1.137112598951362575e-07
-1.254936971948131422e-06
1.274585573692574532e-09
-3.232602593963201753e-08
6.881991230706650504e-08
-2.864357443163322454e-08
4.504017484911473671e-09
-8.756007853549457627e-09
2.163135436802049615e-07
-6.395381507585621630e-08
-6.655771135730223725e-09
3.484531229611582848e-08
-2.127227709173652936e-08
-2.699941905523450265e-08
2.936251824344035028e-07
3.772055081096753463e-07
1.227636833383321319e-07
2.569012927693008453e-07
6.934373407152824317e-08
5.630524155037580503e-08
-2.894062548764778366e-08
-8.353367057347568238e-09
-8.191212893316604713e-08
-1.024274905649165129e-07
-2.505347657875432104e-07
3.112593852680678110e-07
6.911209402321228999e-08
7.453364151363203653e-08
1.017419330589502710e-07
5.132770722164661591e-08
1.614877319128569895e-07
7.169823821165696439e-09
-4.993054261117245127e-07
-1.054074478216023001e-06
-1.017353111044085573e-09
3.379057077987214480e-08
2.811751868559609669e-08
1.197394700225240573e-07
-1.006552246121983721e-07
-5.518842204682792510e-08
2.570126086041995406e-07
-2.679161974794025444e-07
2.997566966996391934e-08
7.022472808052408825e-08
1.344585091456726126e-07
1.084144697693346823e-07
1.911030735156818779e-07
2.722821059790575504e-07
1.937243823303788260e-07
-1.374377352657640330e-07
9.018696599568369341e-09
5.483554856110069401e-08
1.019003657087386255e-07
8.125326459090807543e-08
2.537426083135530999e-07
2.045135570767174501e-07
9.329358646186280181e-08
5.015103008143180717e-07
8.000870013437236273e-08
9.297574877751045224e-08
1.653942303448741950e-07
2.177134150762035659e-08
-8.660735867262172073e-08
8.437707493191326413e-08
7.246174168476715403e-08
-2.698038877274833115e-07
8.355547783736771165e-08
9.729697188163982994e-08
2.054947057103762416e-07
1.561743039821964762e-07
2.585036447336625393e-07
2.884442242121301675e-07
-6.820070792700488695e-09
6.406996185130803119e-07
9.757077635493658545e-08
1.257772723617233647e-07
1.962622465660416054e-07
7.091553033653006803e-08
3.462663189856918972e-07
2.179372886553988770e-07
5.810375083686852053e-07
1.101073893144942146e-06
9.251372818718541042e-08
1.081238022980092384e-07
1.239425708876586744e-07
2.075896020447521720e-07
2.655053124619112473e-07
4.534762909452079272e-07
6.274927311090731966e-07
4.633849713639057265e-07
1.041289752375747100e-07
2.135491570776210826e-07
2.280727618953420554e-07
3.930341590066832142e-07
4.597430202264160982e-07
4.201472715511786462e-07
2.912197706475900890e-07
9.936886906177421463e-07
1.413544175816231012e-07
1.884822110452831268e-07
1.970717339789488695e-07
3.222051269240776607e-07
6.356551270200501904e-07
7.605296843276992199e-07
7.977224103591404671e-07
6.651004733890327186e-07
2.004419323376563244e-07
2.257268187471229711e-07
2.590945364676870342e-07
3.833280950995772498e-07
3.113131841602103086e-07
4.180753436453833505e-07
1.017564566133699076e-06
1.673596496988839338e-06
