-9.133207034129664244e-08
1.153871547178760026e-07
-1.747111231695855166e-08
1.045477965584120212e-07
3.223771044448444279e-07
1.461739526879136329e-07
-3.253321163051078470e-07
-1.372168254631946510e-06
-1.013575890447336113e-08
4.220752659594000015e-08
7.473296784945277246e-08
3.726398901680107900e-08
1.068297035908808855e-07
-1.660967712133898586e-07
2.068688067802364274e-08
1.469970317533254898e-07
-1.206003280600151695e-08
-3.500510368092626369e-08
-8.371958915459092698e-08
2.336012562811497474e-10
2.477849352731067891e-07
1.470505755813718675e-07
1.404768983670657462e-07
3.071377778954468281e-07
3.532593675179897589e-08
-2.581837805131950417e-08
-1.854898019048176488e-08
2.001293377896949939e-07
-2.489501377446411526e-07
5.076001771421851997e-07
-2.367523199598791702e-07
-1.048696153301656737e-06
7.840915895718233754e-10
2.905782771120204468e-08
-4.088879098709362592e-08
1.429941868734117266e-08
1.308013153734904817e-07
-9.989507024770000004e-08
-6.086266954916099219e-07
-7.095356559985906475e-07
3.813016890591158907e-08
2.299873941999357346e-08
6.317406103211000327e-08
7.189290052045962126e-08
9.000174165958540406e-10
3.805303489364473054e-07
-1.984551807495810163e-07
-2.115867164084467015e-07
1.245775598447551042e-08
2.114767737982828581e-08
3.461572069513307347e-08
4.845528170894384562e-08
5.222858263053969349e-08
9.076899886340022087e-08
3.360359677143899881e-07
2.790571099577457191e-07
3.861219750796134573e-08
2.584455545993108301e-08
-5.200838398989750575e-09
1.712426084264291297e-07
1.869919906209026007e-07
2.112738495836657586e-07
5.614482641968889877e-07
4.152424932680577592e-07
-2.152613633554484338e-10
4.558549064835623260e-08
3.038450916046807849e-08
9.072522340259240573e-08
7.426119784484699905e-08
3.650109886701289993e-07
1.280479096198317351e-07
3.174877839568865800e-07
2.861379825222043404e-08
3.779606320969702845e-08
1.084396918234744209e-07
5.769868006343138238e-08
3.354914589600295148e-07
3.582851268113993454e-07
3.298088057501551085e-07
3.431663169445486728e-07
8.588835511475292528e-08
6.017143871211157439e-08
1.615660493553469689e-07
1.437437690582856100e-07
2.460218181861559836e-07
3.484675122106253010e-07
4.392438790874395256e-07
9.649944746947362553e-08
5.443007394040086472e-08
6.838416008905636593e-08
1.225289950604687887e-07
1.845734690128075899e-07
2.518232880584163190e-07
5.754857056807529261e-07
7.716642780202680919e-07
3.970751589785125424e-07
9.698145498657022260e-08
1.326178888256162427e-07
1.865356189996317172e-07
2.397052205592417959e-07
2.717471721259427282e-07
6.147983417676402745e-07
6.036519199811820105e-07
5.568509465646593245e-07
1.456215191834257862e-07
1.768194489657112369e-07
2.555761915221807934e-07
3.052595156759376481e-07
4.522761579224646259e-07
6.531166444533923482e-07
6.235348029868316864e-07
7.748815406380530203e-07
2.041538931303890476e-07
2.579210535025240848e-07
2.488035239449902157e-07
1.175613237041240201e-07
3.227771069802875019e-07
1.188075785955154842e-06
7.568686872830414877e-07
1.238746347720326965e-06
