1.769982474341345780e-08
6.401893071497133560e-08
1.650295274807628720e-07
-1.664072262587971147e-07
-1.609809125691294071e-07
7.898421738879773867e-07
1.094499279084428107e-06
1.609548049581066428e-06
1.453625677382129970e-09
3.642529492640372423e-08
1.067488641116414123e-07
5.269113732943117641e-08
-7.738560271718344603e-08
-3.525782814666311481e-08
1.588778709930800024e-08
3.080902632481722386e-07
1.914399035806075460e-08
1.368926130861141003e-09
1.627588705554000462e-07
-1.104673419707999576e-07
1.691472145303382416e-07
5.177340641663188264e-09
-1.560256737425450560e-07
5.196402092175825712e-07
4.603157284483888781e-08
3.855550544715796620e-08
1.655682814115069006e-07
-9.040553552255495696e-08
2.215221285089838229e-07
1.229229523231292054e-07
2.518692850316963354e-07
-1.062007926258132985e-06
5.219281136097346551e-08
5.850824924412013327e-09
1.543439159621237656e-07
4.662417913893442229e-08
2.535907441396362221e-07
1.726579547610426143e-07
-3.384304624181563718e-07
-3.974175460401222696e-07
4.226320974667165602e-08
-2.030445437410583913e-08
7.715527541393402629e-09
3.769695639123935263e-08
-1.267221433419650984e-08
1.258439983466199816e-07
4.009684071404245250e-07
-3.719896288302199371e-07
8.116102557774917522e-08
5.310437424368761065e-08
7.081626208259300588e-08
1.134611861527303362e-07
2.868855408715152876e-07
1.594816491741757511e-07
3.748105052942278905e-07
-2.885481991258303488e-08
1.953694170749865145e-09
5.522707750689666008e-08
6.674487351313062284e-08
1.332118070527192016e-07
1.666672455184478051e-07
4.637513636950134838e-07
1.180093709445001420e-07
2.058145099243455215e-08
3.562820684221047035e-08
9.984652293569821922e-09
4.978346158648735427e-08
4.373721630707507194e-08
3.031034438981238603e-07
4.345948747537563302e-07
5.174679823202271843e-07
3.582597027795408434e-07
3.660962072120131221e-08
6.854435193326492230e-08
8.406274457118339424e-08
2.670179106026258324e-07
4.414278122757394067e-07
2.073887315850763438e-07
5.195988721317553447e-07
4.847584185754464834e-08
9.890825152447890849e-08
1.015246949206634097e-07
6.074048110075473889e-08
2.542195961782031056e-07
4.039352316709432292e-07
3.922318899069946038e-07
2.053389022264013438e-07
3.686331850197388842e-07
1.131275284249364853e-07
6.315058827959152889e-08
1.029626048040360590e-07
2.628608166544982370e-07
3.453382391596327939e-07
4.167992228080845825e-07
2.330104859026620800e-07
5.175750617846178260e-07
9.983188500036823096e-08
2.276258142172060515e-07
1.586613932102071242e-07
2.570563202469286778e-07
2.667916492099782185e-07
7.015668090671751855e-07
3.274494609456888703e-07
-1.256108208150781871e-08
1.157473120916736390e-07
1.490503509022301672e-07
2.119068589845984373e-07
3.673036868349898763e-07
5.294804762522100753e-07
5.491898289874090915e-07
7.836138104415842329e-07
3.515816704357320108e-07
1.574279646045505494e-07
1.326959222713280994e-07
2.283610673265178280e-07
3.552280830824042550e-07
5.406539455577445978e-07
4.524554483023375789e-07
1.423004833728510412e-07
5.544919222264889550e-07
