-5.177226111821363448e-08
1.286578141064487480e-07
2.323724930259416541e-07
-9.821975829362576880e-08
1.086514253980066647e-07
-8.023212595192374053e-08
-2.578436157318056248e-07
9.652500785408502925e-07
-3.835563760004117351e-08
-1.394089154960639593e-08
-8.598083627118706906e-08
1.512167013101423551e-07
-1.222551692518253398e-07
3.665708605274195989e-07
-3.976513566533679291e-07
3.576926149096505741e-07
-3.098566229157732957e-08
-5.726987024732997527e-08
-3.511720525435700461e-08
-4.182828380978754863e-08
-8.003134836165480093e-09
1.449362567683221961e-07
-1.684687987839382238e-08
5.848367321902432212e-07
-1.421938573126913479e-08
-2.814999413139238144e-08
1.095316636645454290e-08
7.921720725229686015e-08
5.456923340970782022e-08
2.485465570265880894e-07
4.841956013906316754e-07
1.809679093699405250e-07
2.991155650083411174e-08
-2.512905465683501121e-08
5.223362124711330405e-08
-2.075646524586880620e-08
1.205086204298111017e-07
6.935046068762579020e-08
1.791405691514614825e-07
1.152036991753430170e-07
2.828013052186789859e-08
1.090441031436064390e-07
-3.305672693346232455e-08
1.371982059155173721e-07
1.568893399604542406e-07
7.167975877983377326e-08
1.743640059362641662e-07
-5.719646927646600729e-07
4.845277183195224722e-08
7.279679358586619684e-08
5.658948280745921010e-08
1.283495614891619805e-07
9.007030655878076322e-08
8.539697981459310431e-08
2.181380765746195301e-07
2.583979581742743441e-08
6.388026966429585584e-09
5.152984630954740581e-08
9.777503320320373440e-08
5.351252196630845452e-08
3.132451394487794147e-07
4.116611732246371494e-07
2.613556101376235468e-07
5.305163828826817780e-07
4.798321041656961996e-08
1.017817345787402035e-07
3.180164746983119538e-08
1.378721939181264250e-07
-4.664226594349404873e-08
2.390758452948850011e-07
-1.634675463071045395e-07
5.870375748986765282e-07
5.304906553348009571e-08
1.330613791400721191e-07
1.273827242728374662e-07
1.997864857693501516e-08
6.636879363419410198e-08
1.584097442646504927e-09
4.804732334156306915e-07
4.058318385747636018e-07
5.916082057533245030e-08
1.153614343237521217e-07
1.192380970911571364e-07
1.502118972551066755e-07
1.495586340396210433e-07
2.165332079873989664e-07
3.304367297239009117e-07
9.840372820427278917e-07
6.011450889603468466e-08
1.525248608432279091e-07
2.012682028078542763e-07
2.506820632896816528e-07
2.678845569557320471e-07
2.588112852034100145e-07
2.163615061532892963e-07
9.756715074094511887e-08
9.533026252969564497e-08
2.065705305559687027e-07
9.997993929304384922e-08
2.757023826708435020e-07
4.365704229009148768e-07
6.313710026469999262e-07
9.290335208138102623e-07
6.193013566767229861e-07
1.039506428356583144e-07
1.937026274679569780e-07
1.643741309246081769e-07
3.085729751910898471e-07
4.757697048225351823e-07
5.141043137319108526e-07
7.994775032295741497e-07
6.538695351318286331e-07
1.150651328401994766e-07
2.358420649235505643e-07
2.877141066006800241e-07
4.345892165370953240e-07
4.385298630147044152e-07
6.917634003452806927e-07
1.140121369992086080e-06
-2.360072906155992171e-07
