-3.055730310491698913e-08
4.494701885169747615e-08
1.245766242039001040e-07
-6.178309784053370239e-08
-1.032968379235556700e-07
-3.578510097732555824e-08
-1.087001445367065308e-06
9.059702532975534332e-07
-2.374442561881463405e-08
5.119267990461070747e-08
3.798628921338939359e-09
1.478856187577723462e-07
1.939846394773078175e-07
-8.297842145403257808e-08
-1.181074763478373815e-07
4.850070287446993952e-07
6.927354813642516496e-09
-1.333744575295804210e-08
1.213230774888997627e-07
-2.013941377350133072e-08
1.192198318019361725e-07
-4.656905079972191639e-09
-6.136029982485311248e-08
-9.342148160717863853e-08
1.587827160404057764e-08
-4.057822527332261310e-08
9.193589672237063842e-08
2.101175195348445068e-07
1.221976911575335806e-07
7.187936592365449401e-07
-3.061173490107141027e-08
-2.298464097769906351e-07
-1.913956762804906506e-08
-1.236034530371621947e-07
-7.517446762189617774e-08
-1.207821767404829579e-07
4.635604840932882766e-08
-2.070959091943251650e-07
4.623567880581056801e-07
-2.673598097627414977e-07
-3.105735575615250803e-08
7.076995021171392147e-08
-2.346556065977552078e-08
-1.581963267126743451e-07
1.585111909848824872e-07
-3.008523739108194807e-08
4.072743419462207609e-08
-3.021667634766539431e-07
3.494520516320959259e-08
3.867772232526163249e-08
5.619723027399797037e-08
-5.794552507986777454e-08
2.004180428144325634e-07
3.401882876618353450e-07
-1.512117225264055807e-07
1.300393916463515253e-07
2.803051667893421893e-08
-2.370804648734770297e-08
9.255437686747210064e-08
1.148412348277723487e-07
-1.484899132535559547e-08
1.389475831000940196e-07
-1.720756335067449026e-07
4.558785294427183805e-07
5.938005613784906442e-08
8.407323154939670544e-08
4.474809212491083133e-08
1.820858882828173370e-07
2.130782465308430022e-07
1.331652536480801078e-07
1.277488885353696678e-07
4.189415403502981441e-07
8.367186630763053450e-08
5.138688861826601708e-08
1.031539008746231592e-07
5.327949832264456742e-08
1.767343494728461587e-07
1.554738662634518073e-08
2.242166020048852501e-07
6.101404139771131192e-07
1.097764286800203580e-07
1.018702595486924566e-07
1.829383380763499900e-07
2.114283906585631577e-07
3.035573990585359467e-07
4.098260100552331025e-07
3.689192795517011219e-07
5.277745876983829896e-07
9.561075943324339724e-08
9.237488697599904883e-08
1.372234231580349701e-07
7.373987899630776521e-08
2.699576407292546889e-07
4.398053862362079062e-07
5.236152059129718646e-07
5.044971696672674612e-07
1.164659534220713497e-07
1.333383856705472464e-07
2.439982853321937624e-07
1.947991815760222057e-07
3.758417469663801971e-07
9.057741439495230711e-07
6.982247987986288282e-07
4.534964473365558428e-07
1.383548331365066917e-07
1.763572447069940031e-07
2.556411670492490131e-07
3.578451598873782451e-07
4.450247927248339023e-07
5.972636312282751463e-07
7.183970454505625021e-07
1.023272926900774915e-06
1.689946319144608168e-07
1.964329356739316251e-07
1.932743908422369137e-07
2.641817508530986784e-07
5.980757224647812310e-07
3.915080006567768942e-07
1.000387216168119932e-06
6.739549238344402018e-07
