-3.922852087798591271e-08
-6.246349281387003859e-08
1.586866392734114994e-07
1.331213125725450765e-07
-2.068326852111236557e-07
-2.166447793451296734e-07
1.501452873259117365e-08
-5.061721260460236625e-07
1.606206349102685115e-08
2.310173134736772292e-08
1.668046671791679296e-07
-3.282824047008391476e-08
1.781533492143207655e-07
2.231386013109042430e-08
-5.121262094544002543e-08
-7.286049468981617033e-07
-3.023360513230611069e-08
2.230964414393733933e-09
7.246613771590952975e-09
-1.000741543964170998e-07
3.493892163951275114e-08
-2.227470824427425423e-07
4.433293759733907772e-07
2.759074746864000665e-07
2.525355763945253179e-08
4.142612254907741075e-09
-2.136395518312001396e-08
-9.242319511356604740e-08
1.156910349825901854e-07
3.506339692348633451e-08
6.324550514197286291e-07
-3.137376814348279444e-08
3.206586184862774098e-08
3.479214998792936986e-08
-8.958824509268849593e-08
-2.535843829461626545e-08
2.772775730813541621e-08
-1.800752254523874312e-07
-1.582625926075784749e-08
1.047987425443323683e-06
1.889445051446760397e-09
7.197317374234657455e-09
6.988407924853934652e-08
6.037628386091688102e-08
2.198425614038857317e-07
-1.289115062427699836e-07
-3.593814031633604549e-07
-1.449029471289578845e-07
2.318264835480172334e-08
3.219257865121663181e-08
3.800141430261934549e-08
1.101510156503302641e-07
1.350457209674257044e-07
8.870595337834547902e-08
1.724018507415269958e-07
4.918229305015439381e-07
2.608506870554080188e-08
1.740699695395619624e-08
5.577957089885376364e-08
2.852733958257429790e-07
2.884057077125455205e-07
2.734137736827088064e-07
-3.577709580931757826e-08
-3.222937814766052301e-07
5.573755078674315513e-08
8.750052245239760745e-09
1.026779567771369934e-07
1.143433729511461936e-07
7.155379572433963344e-08
3.394931630277138761e-07
-1.300565987560957105e-07
-3.403209296645118007e-07
5.170707304181329290e-08
1.432394636322411563e-07
1.537537621757516059e-07
3.154443782084118448e-07
2.302574322450008394e-07
5.094376142301679832e-07
-1.839112516744073105e-09
-1.051909152237718521e-07
6.225455822390071417e-08
1.193633434439169263e-07
1.544678344643304755e-07
3.312049716753181740e-07
3.338830800121280544e-07
3.749515729839835542e-07
1.592794421727931281e-07
2.068286452440779317e-07
7.714692674370014765e-08
1.417875437946690085e-07
1.638295101408472073e-07
2.903343019064678903e-07
3.805051714230862502e-07
4.046238342194564601e-07
3.635651455943159922e-07
7.092233204642830247e-07
9.389047924604068385e-08
1.512680741844396297e-07
2.209643969052528566e-07
2.711530895452794431e-07
5.210607426729821557e-07
6.183472140041926346e-07
6.008693589072138510e-07
1.563850333284268288e-07
1.287456325198632639e-07
2.549464338256227811e-07
3.191743168545001296e-07
3.424937758525209537e-07
4.492044189535948911e-07
6.359354869473839044e-07
8.613661655262465369e-07
1.070493766222775596e-06
1.850553872937036578e-07
3.247383954171946261e-07
3.189271644949031336e-07
2.808382086766760166e-07
5.054188587897087968e-07
1.266262785386604950e-06
5.125373798946015009e-07
7.997493322105881237e-07
