1.511110909167182531e-08
-1.401126693074012391e-08
1.193792337137077623e-07
1.310002389589581718e-07
4.008035126015386291e-07
1.523544587543126273e-07
4.644733336768080145e-07
-9.928728609573037937e-07
3.529314147327923483e-09
3.723032073900047186e-08
1.145051733837353306e-07
1.539293919753662643e-07
-2.024183733036918143e-07
-1.101254012486009677e-07
5.661336087582842362e-07
-4.851935992885419833e-07
-2.295396852983054808e-09
1.908835660216563142e-08
-2.558646030930278859e-08
1.692762647292006832e-08
-1.101092809904657281e-07
1.153005447308153498e-07
1.677401652142285636e-07
-1.918614061543545926e-07
5.849706466818164748e-08
-2.907950429395361294e-09
-7.829019400764887682e-08
-9.311983022317808865e-08
-2.237934052383028177e-08
-1.611203044140155636e-07
-5.530038654651626284e-07
-2.918808849332617427e-08
5.160347729285479123e-08
-3.981006903420390770e-08
1.442615543922698369e-08
-7.579200364273663954e-08
-5.033152522117572889e-08
-1.995350530556192539e-07
6.805889641961431933e-08
-3.185547283673953283e-08
1.538199364614995450e-08
6.251293303611628759e-08
-5.092234985763272389e-08
-6.122169712361015496e-08
-2.090703095145648537e-08
2.542718228999499061e-07
5.705620752164208932e-07
-1.259141370778395198e-06
3.441073681246400879e-08
5.451861354946708235e-09
4.952342911888440331e-09
8.372990818074869790e-08
2.587036455422915042e-07
1.532582636774229734e-07
-1.581462825889242298e-07
3.783223403500214170e-07
2.423977911452745354e-08
-2.137781062189716861e-09
-3.378446043100114232e-08
2.528368682620950230e-07
1.087791413531368959e-07
3.917077015448557731e-07
5.280723061886058521e-07
4.288238389572521536e-07
5.740980045075820300e-08
1.983282713130652877e-08
9.008123864114204235e-08
2.733568063282357375e-08
6.509846354374016482e-08
1.395130255954430900e-07
3.580229250359557496e-07
2.432299746204695802e-07
4.923277271935881910e-08
3.268106969992622608e-08
1.279270687852917494e-07
8.545518624078275344e-08
2.439878017019616344e-07
5.236397577636658084e-07
3.138630164064074284e-07
-4.496140502877367096e-09
4.312708847184138534e-08
-1.999096928492221990e-08
8.654985094472974321e-08
1.930895190242713513e-07
1.676683580490095823e-07
3.535855915506176047e-07
6.297270372019057745e-07
-4.785047052267365033e-08
4.657346742439512755e-08
3.325426344740436675e-08
1.333172026292793253e-07
1.179487090583152764e-07
2.648068580207637797e-07
2.873313380139227888e-07
5.436329414379277128e-07
6.420394098532801039e-07
1.052097638473506650e-07
3.829966451214562472e-08
1.521082728764120818e-07
3.848520711530636216e-07
3.561816313710495498e-07
3.519729750874652970e-07
6.192008827960748718e-07
4.084250372795482503e-07
1.542137191739406180e-07
8.714511064965831502e-08
2.873569508860149925e-07
4.037285760095924881e-07
4.625336689535361349e-07
5.398601069517949670e-07
7.784961757776500809e-07
8.197824633656313937e-07
1.851597614034151161e-07
8.032243747238214171e-08
2.903196487600552784e-07
3.380223086690704381e-07
6.980295853645153227e-07
5.773901097488894456e-07
7.938265983205016527e-07
1.119546981638877244e-06
