3.079105098626323717e-08
-3.390542753686039942e-08
-3.711814677337423636e-08
-3.812091302948127596e-08
2.004932360597193200e-07
-1.060508629033125064e-07
-1.492310944252424696e-06
4.342470502126908797e-07
2.753164102641000357e-08
8.629407520696774843e-08
-5.441080911086542796e-09
1.581909824897521251e-08
1.147668359370562788e-08
-2.421620014115226444e-07
6.226897291964724642e-08
-1.586306376754419851e-07
2.728698385129493180e-08
5.940311686857313063e-08
1.337289962263817888e-07
1.138512226487553749e-07
1.182008768709565997e-07
-2.448117453928390150e-07
-3.381059003801202276e-07
-2.329177090667864814e-07
1.892167303101336090e-08
3.091737305005485743e-08
5.732197851717344425e-08
1.159184919646981590e-07
9.166467790820549484e-08
2.502648214531851630e-07
-1.445364755441572262e-07
1.473235919016898673e-07
2.251469512447243011e-08
1.526437272572745275e-08
3.715508581603040465e-08
-4.567960120442046115e-08
-6.817955478291008070e-08
-1.526744493400246432e-07
2.334018975265504726e-07
2.850043858985185174e-07
-1.143752391317891120e-08
-1.155859061215844096e-07
3.558253437778181513e-10
1.047588293920503315e-07
2.395589597306424591e-07
-1.383911918103942621e-07
-1.020259865258969939e-07
-2.139643921426196906e-07
1.408161339397355826e-08
1.173250115528913069e-08
-4.638757898943714148e-08
6.855714717201055428e-08
8.503773438125565544e-08
-1.337336202592078541e-07
-2.797036788187441621e-08
1.594467842102444787e-07
-8.101634651212870639e-09
7.964647249424483864e-09
6.335401792483187279e-08
2.877179061334352301e-07
1.989144987882180071e-07
7.517620713385465205e-08
-2.771928395529032818e-08
3.273890536460962723e-07
1.321548991517153654e-08
8.599533795442650928e-08
-4.805112455991449130e-08
3.271729624633160987e-08
3.453936050922674037e-07
2.133821952805689076e-07
2.768970039200610894e-08
2.933128597421193592e-07
5.118438356105557588e-08
1.542678825256578317e-07
1.069855106096205560e-07
-2.842524663916347552e-08
1.355885007511716314e-07
2.362054619152885243e-07
5.475026022547760372e-07
6.510215775660233269e-07
3.050998783023935347e-08
6.535064306045744250e-08
1.386978436443987924e-07
1.198636015598542639e-07
2.150133640552308276e-07
1.581780046113008887e-07
2.546076340910312347e-07
6.372894881970099175e-07
4.992940738877594403e-08
1.070316154013215318e-07
1.453915287223642203e-07
1.346913648395093840e-07
2.722889674156825537e-07
2.456332641523303437e-07
1.213908095718216991e-07
1.660403502178080859e-07
6.209897029654806399e-08
1.213767449662057581e-07
1.300069625158709394e-07
1.987531257383044992e-07
2.713377137013815642e-07
1.160394597798353570e-07
4.627302489446252922e-07
1.968112306470988025e-07
7.760958926131176474e-08
2.422577640419904295e-07
1.631328617447021634e-07
1.088153671053770064e-07
3.262944411849489112e-07
3.605759773581104769e-07
5.320930048117535883e-07
6.065743753782926959e-07
1.526550704279722659e-07
2.519864390597251616e-07
3.091342055127454883e-07
2.486340198963473023e-07
5.259865030719095840e-07
6.792316785386299720e-07
5.975951421992166013e-07
3.573925148261177054e-07
