2.611876712439377202e-08
2.306357425710470262e-07
4.442892296965215179e-08
1.327876203619292728e-07
7.625879595884225480e-08
4.078976566684958326e-07
1.481909811692010316e-06
7.948170182292295637e-07
-9.214104468531491075e-09
-2.482268604110558165e-09
-2.226962367343001678e-08
7.022377834268813898e-08
-7.662205287342626841e-08
-5.459278668130660594e-08
5.624071451737047371e-07
-6.256720809852400755e-07
-1.872837087357563737e-08
-1.966336331765153841e-09
1.528705802186828814e-08
1.270257799621440178e-07
1.841645860188905706e-07
2.012669937582828461e-07
-3.653753624541601841e-07
7.314402229346595661e-09
8.682027234373716661e-08
2.121858607295044127e-08
-8.841497961748170261e-09
8.668466304072050685e-08
-2.757387030874935003e-08
5.124202777261337551e-08
5.095035247175589068e-07
2.300527432471109795e-07
4.068868661057262284e-08
4.679949619107674983e-08
4.946066424407390769e-08
6.281946793329588262e-09
-2.065534536228038565e-07
2.400254316902341872e-07
7.429413512332307185e-07
-6.803756740107124646e-07
2.284246648686479387e-08
3.898465915040846945e-08
1.092503325488903089e-07
2.950901419011438862e-09
-1.340966037303714986e-07
1.337277883229913612e-07
-2.418397310451527628e-07
-6.825039545608259936e-07
4.072269621617401393e-08
1.088425940690037378e-07
1.160348710812453770e-07
3.477067747968306333e-08
1.303087862698092134e-07
2.092333504151739971e-07
-1.006098019903729101e-08
6.517264530772137211e-08
4.364339326995023275e-08
6.850885536653190692e-08
5.147262408038796592e-08
6.984190118587774980e-08
2.124244414563823133e-07
2.562428188322024345e-07
-1.160544726510282061e-07
4.819076640720691649e-08
5.863645423689725045e-08
7.459456726801670093e-08
5.703169326788833967e-08
1.810447449046972450e-07
1.496384632108669381e-07
3.782919893679636027e-07
-2.543587262072427506e-10
6.284195218968530640e-07
4.257874386771704956e-08
4.326372083980946309e-08
1.005097058646177813e-07
9.807301735730320959e-08
6.782279645988968210e-08
1.848022692267734963e-07
4.792838741229228623e-08
4.102949316240601499e-07
6.543273025280329711e-08
1.451021562410657436e-07
1.276384101500331984e-07
1.357369639995313475e-07
3.434262942665038310e-07
3.973205818822444280e-07
1.968120909916668253e-07
6.060133293720603510e-07
6.673090962209606021e-08
1.743652628258593048e-07
1.740823000254204510e-07
1.309930917999800020e-07
2.298877182800609981e-07
2.647411753777396906e-07
5.843681254810157821e-07
5.428670086467080562e-07
1.016221509093474769e-07
2.448380666182254059e-07
3.128819998998280660e-07
1.261495392826467120e-07
2.709678871449840440e-07
5.082090504801598606e-07
3.055133390723067852e-07
1.445336525398119664e-06
1.748839718094600416e-07
2.388458903930143587e-07
2.925783649489871645e-07
3.278830863253936553e-07
4.983817100561249349e-07
4.603262445672338513e-07
8.808706021169217669e-07
8.482549826823559337e-07
1.768742893490589049e-07
2.351105470733109576e-07
3.579864500992425935e-07
3.073506827638963938e-07
3.539248633510199763e-07
8.845091201031400335e-07
1.010195284069660756e-06
2.201912114691600860e-06
