8.095701914772907512e-08
-8.515438937739855479e-09
-2.309463945119696448e-08
2.752155828140104281e-07
-5.867340676318417352e-07
9.310916526724336938e-07
-2.090922283309730787e-07
3.418102902308723902e-07
-8.883776908842375820e-09
-9.853713026378660290e-09
-2.707697653912011309e-08
2.430245772693439387e-08
1.650120297976201105e-07
6.010725523615332639e-07
4.297584336536302172e-07
1.288113288601198708e-07
-2.471046503080531798e-08
-4.215534081216195588e-08
6.424020182004487553e-08
3.099578225770635140e-08
-9.713962803416375922e-08
1.933322391461988069e-07
5.945653088869811746e-08
2.987907639886990546e-07
-2.705809915328726621e-08
-3.954069175232041037e-08
-2.331649064611205280e-08
-8.841675510240602015e-08
8.964811599650841807e-08
6.948157703700107314e-08
3.090752133421515590e-07
7.282186709333375957e-07
-8.370084404380667074e-08
-7.367829813328561264e-08
1.056768585494847138e-08
-5.614057315187368155e-08
7.186969914074220143e-08
1.674840832436816011e-08
4.178646998704766586e-07
-4.194409190529290781e-07
1.092493669688108264e-07
1.995572396852964710e-08
-1.891793685265137355e-08
2.033556216818624618e-07
1.204085371579681683e-07
-4.646881079562327817e-10
-2.898378962241740434e-07
7.169105670551288986e-07
5.452360678547811589e-08
6.055346871709440387e-08
4.737096842183851214e-08
4.741822708183490142e-08
1.287656217383475339e-07
-2.217511486121824937e-08
4.323710076796287965e-07
1.128652688933406004e-07
4.134028019049526951e-08
4.991810334510861277e-08
1.150572176229330720e-08
8.634516149717285561e-08
3.067229958440333866e-08
6.965442579330964703e-08
-1.050459137527599290e-07
8.742610502804426482e-07
6.154687134571675920e-08
2.121939443102378568e-08
2.020414853051192950e-08
8.710454020468094274e-08
-1.145167514904087986e-07
3.787244726694438229e-09
-5.307831853963199448e-08
-1.393584602538839619e-07
8.725689653075295408e-08
7.867219272497879468e-08
5.617597339244240249e-08
1.030846351536395996e-07
9.535402653510150681e-08
3.235093995719835683e-07
8.571347402460836532e-08
5.156023150064877609e-07
6.739000101469287198e-08
1.347801161894154040e-07
9.733332062072452228e-08
1.502790409352356045e-07
1.900466903650628042e-07
3.131461108841310769e-07
1.521676617120475046e-07
6.945654676039347819e-07
1.360607780288958195e-07
1.266710627504565764e-07
1.620847891918358771e-07
1.967153311782010757e-07
2.730346614643766785e-07
3.346282564724054677e-07
5.628183473099061603e-07
4.237424880556481392e-07
7.149390269906901673e-08
2.232546930573623627e-07
2.552372784916947118e-07
2.552180627454845918e-07
5.972769225130992244e-07
4.458143736043073189e-07
7.796202633537282017e-07
8.899770357859385490e-08
1.118832237239636244e-07
1.245937137275112532e-07
1.784066405072272658e-07
2.442963337582667758e-07
7.021494375679051972e-07
7.378283760589632027e-07
6.921096914981891106e-07
8.523328570837460917e-07
2.125811428009429747e-07
2.450859013909422731e-07
2.432074448314594106e-07
2.463580161146028629e-07
4.646797569987359832e-07
1.076860919243624696e-06
1.323244633955929098e-06
1.085692488491834235e-06
