1.701456606959348868e-08
5.028420232193170012e-08
1.459488410286435683e-07
4.774318566952316633e-08
4.139549385862706417e-08
-1.325795976727638400e-07
3.972412225402399576e-07
1.071087909175426323e-06
-5.848351988132017093e-08
-1.921598522293163702e-08
1.254841559182709794e-07
1.460037851894098839e-09
-1.901674897668951983e-07
4.837492418683392407e-07
2.564556610707405834e-07
2.654968852855161566e-08
4.798882241971121446e-08
5.285943122540706645e-08
6.233051938308205188e-08
1.634223937100620175e-07
-6.471873358674309378e-08
4.746496034486711496e-07
-2.563912181829845336e-07
-1.367520385744029902e-07
7.284641000308032228e-08
-4.795102101657650801e-08
-6.132214920522730439e-08
2.085999472055202972e-08
1.091738344795243588e-07
-1.597053948288408629e-07
2.811492483039953848e-07
-4.444815415664697463e-07
2.854288566095796300e-08
6.147047835487273237e-09
6.427773176852453903e-08
1.728600886630276943e-07
-3.056551875503236682e-07
2.703779436144613830e-07
-4.522038646419595741e-07
7.681312825913446983e-07
1.709963839840208373e-08
-3.780280308019449648e-09
7.893454030808931928e-08
7.528060558594444538e-09
2.019351295181547297e-07
1.001860756750699747e-07
-9.339957257483847137e-08
-1.895356660259560972e-07
5.722504632540682383e-08
8.343501289575535063e-08
6.131364767367188419e-08
7.969845798252717650e-08
1.447791150696157015e-07
1.851700060000319011e-07
6.792186486490473429e-07
1.974931342864346633e-07
2.639618128415054463e-08
7.188945247063131932e-08
1.396118712299243688e-07
7.504810539693968511e-08
1.311326562597938821e-07
5.776211598936529812e-08
4.562328287342177850e-07
6.648494015221116632e-07
6.693694956590560990e-08
1.144997439343981691e-07
1.271713897167835818e-07
2.012403321232051052e-07
1.778234548921778671e-07
3.039042847520582041e-07
2.965573231521122217e-07
1.261885598315296049e-08
4.243113903544833468e-08
6.011280270139574353e-08
8.097137387366713797e-08
1.423063813082944060e-07
7.146281100819428810e-08
1.485323836358555459e-07
3.024217002560166646e-07
6.905160628787312236e-08
4.405234947776527949e-08
1.015704153586593318e-07
1.404890762040897226e-07
2.245482097471728951e-07
2.170782861941799326e-07
4.549227608076922435e-07
1.442948646861053618e-07
5.871721015227724108e-07
8.048052927836839484e-08
8.599835476652122208e-08
1.672738879671373288e-07
1.682910076584901698e-07
1.568393238714898319e-07
1.007250276271592768e-07
4.030124252856793471e-07
3.990201380572423343e-07
9.121193044226882416e-08
1.368893634433873858e-07
1.027203223511721963e-07
6.663192866489056983e-08
4.422211976061237007e-07
4.833809680342399260e-07
4.578372866210798451e-07
1.870909249650016939e-07
1.675244268811575177e-07
1.527537586874532782e-07
2.227961578307706218e-07
2.824369848790776310e-07
3.677824829459898797e-07
7.456902040916970881e-07
4.922687587289155738e-07
3.690950874922676583e-07
1.844661506367827140e-07
2.554433746943106039e-07
3.068747739492471100e-07
1.533349574895597044e-07
4.776114658472802481e-07
8.207810806222361422e-07
5.118733352002152602e-07
8.959761061190461558e-07
