-3.556390239133564904e-08
-7.050442985456398501e-08
1.662877706141226030e-07
-2.469531302163574103e-07
-1.688332797975076919e-07
5.085018816913534015e-07
2.462167620318792999e-07
7.133168106042912046e-07
2.322681589118712115e-08
4.351080812548258092e-08
1.558000018667165462e-07
-6.195667768365034673e-08
4.758513526232972909e-07
1.912752308325232309e-07
1.711081779866458736e-07
-3.684230854498942776e-07
-2.643191802400021704e-08
2.622956045964351011e-09
-2.583464884056545003e-08
8.580179847735904085e-09
1.409584450253193337e-07
1.744689951107040899e-07
-2.414179983757654587e-07
5.319164808944193625e-07
-1.682312947387114231e-08
1.515395289325990186e-08
-3.983838489068650322e-09
7.790538101053538337e-08
5.219137396614569524e-08
1.534555549369869111e-07
-2.900096297848903933e-07
-1.582815881427636993e-07
1.098873051473249711e-08
3.937296100195965248e-08
1.019111982071368867e-07
1.484897562777977063e-07
1.876194667804307238e-07
5.789573917866246780e-07
4.952770859280281824e-07
-1.941867609903113430e-07
5.312192238565558892e-08
5.751299335838705944e-08
1.306012445099044418e-07
-1.028262392473752084e-07
1.592492950263541168e-07
-2.305452256144842600e-07
1.521704403875232379e-07
-3.396389407368070234e-07
4.016490715374344426e-08
1.826322876646719610e-08
7.754950190478240224e-08
1.072176413773776847e-07
6.936785320021268703e-08
-8.023657939447548636e-08
3.709992793503939774e-07
-7.914835761983619797e-08
3.085022471037377013e-08
4.112625456324768269e-08
1.296815815979579443e-08
2.653375164143224418e-08
6.164172779236274688e-08
-1.144888651982030365e-08
4.445094824436142113e-07
-1.391232835023286959e-07
4.715318540893960059e-08
3.958744107628714294e-08
7.085786814412605326e-08
-9.860256684285835880e-09
1.318413362236084101e-07
2.508390558263754032e-07
1.348536070654632869e-07
2.529085912191962221e-08
8.862685293241979351e-09
8.132064334308010018e-08
8.735837798305121667e-08
5.944272582636499261e-08
1.497323447158025405e-07
-8.954727306931102400e-09
4.742998496838613014e-07
2.922104587184448370e-07
5.947603797775270764e-08
1.326570914353370903e-07
1.086574626390862527e-07
1.744647842286317997e-07
3.239084575847641848e-07
3.093939807938441266e-07
4.226892016624041651e-07
2.358175990482595192e-07
6.611433221271055884e-08
1.089490851096941902e-07
1.519893563693231399e-07
1.509412424278099835e-07
3.076952849506822262e-07
3.118906409266983161e-07
4.386104403748943367e-07
4.483747018660406218e-08
1.152739951590913813e-07
9.234662160442301893e-08
2.053813660471990403e-07
3.050244048393230435e-07
4.922182848620453012e-07
1.731972597298429203e-07
6.723850746392489616e-07
2.097344898874856436e-07
1.412338172078165463e-07
2.102737912798272374e-07
2.239731843030849278e-07
3.663345435223161313e-07
4.388509331445753804e-07
8.316215709957843296e-07
8.710783842745131640e-07
7.855906916636624381e-07
2.168812857473896290e-07
1.859051467668664367e-07
2.821305306328229894e-07
2.145080843289529125e-07
4.669792341618977390e-07
8.566408360011516355e-07
7.092189903582962962e-07
1.971338621308533759e-06
