-2.394468877314775564e-08
3.098505996061285061e-08
1.678870650887664297e-07
-9.482263505636759510e-08
2.444538102750634664e-07
1.926860279859457693e-07
-7.935597746649733739e-07
-1.722005107391202363e-06
-1.186970241242822245e-08
2.753914892604017718e-08
6.546037419977171340e-08
9.521505966922270394e-08
-3.491395641449221442e-09
1.964184076524744023e-07
2.803285280869466385e-07
5.608698480080591977e-07
-4.799279679307144231e-08
3.984915625608170254e-08
6.290758884247435912e-08
1.971340110063816625e-07
6.009680201309933325e-08
-1.298837829551988729e-08
2.745960672221272014e-07
-7.763654109767422613e-07
-9.972091696256353601e-09
7.475154984864802578e-08
-8.169519442274737461e-08
1.332902308705246235e-07
1.969360000928315129e-07
1.351267838393980006e-07
-6.100097702266125548e-09
-3.270158004386565893e-07
1.858642225713056313e-08
2.186481855680821109e-08
-4.275556842956210224e-08
-4.453864856737146019e-08
-8.212484590992209567e-08
6.954781423407024475e-08
-1.536337485167610602e-07
-2.893675448923351158e-07
1.673598866363408283e-08
8.456175787839564418e-08
-1.804639904328393258e-08
1.571716520730364558e-07
8.727606226331675515e-08
5.492173871169078461e-07
2.277216339563269300e-07
-2.285787391836270329e-07
4.202732782138255101e-08
1.322090179571410083e-08
6.377089460511521069e-08
2.467347539312758625e-08
2.402922645190042945e-07
8.466638378169605327e-08
2.924844625949807398e-07
3.267146047193101367e-09
7.254277467116121066e-08
1.769888086499634554e-08
-2.670241692592620153e-09
1.300774030611171992e-07
8.920256523399093766e-08
3.525659708379243047e-07
2.166672676616581518e-07
7.142371010818874272e-07
7.467448183621056145e-08
8.789163314051619743e-08
4.777962499648888756e-08
6.929945521853590343e-08
2.269663462869957068e-07
1.126768719441087917e-07
4.463840007863617329e-07
4.346173568370672350e-07
5.701250633019599881e-08
8.118470011485935414e-08
1.280586298109235088e-07
1.607699911382901692e-07
1.500153495554235173e-07
1.583795995859016834e-07
4.769938670767555153e-07
1.663564902441013841e-07
4.863744213398628149e-08
1.090406783438495178e-07
1.321679130137488781e-07
2.257335990773794801e-07
2.215663050576314946e-07
2.632395766733234475e-07
4.579540460651873981e-07
8.759793578989243394e-07
9.427241192783076565e-08
8.176621387283089489e-08
2.282627140384263432e-07
1.399409374928679632e-07
1.546945251232287030e-07
2.316529928196208573e-07
3.034355423720643549e-07
-2.255322444921661341e-08
1.159867973697252060e-07
1.120763002575428361e-07
1.156251259735950831e-07
1.822361685404011362e-07
3.092633890258469088e-07
4.955325256018774637e-07
6.610069798572743308e-07
2.250524600007332627e-07
1.344683634016259692e-07
1.560434779368332094e-07
1.712605453002620406e-07
2.982289845867909794e-07
2.907900514606516139e-07
3.934640090235238138e-07
5.271730750029703981e-07
6.469925148073276021e-07
1.729146209333668150e-07
1.308276616322695432e-07
3.084914001455456990e-07
2.626011561741537792e-07
4.844028649844588379e-07
2.833504793719523338e-07
5.673749750188196149e-07
3.642301300784668772e-07
