2.189514541194450645e-09
-2.850510644614312266e-08
5.151486669219269607e-08
-3.601271990310664023e-07
1.023963454198072832e-07
-1.221191387804703793e-07
2.865344082291697016e-07
1.266244913967682649e-06
4.998235100771840232e-08
7.207267387970584979e-09
1.039838373794551077e-07
1.668240055152729360e-07
1.904453987977790900e-08
7.110067536666418618e-08
-5.071856092650149939e-07
-1.383379778500750929e-07
1.982255171682484961e-08
1.903009021397676623e-08
3.621984300749985702e-09
-7.528961425036415616e-08
1.373641909693525643e-07
1.325256765788728719e-07
2.212103843381434904e-07
3.064555174839537530e-07
3.374204723269470462e-08
3.028998861980424730e-08
1.863228409068435803e-07
9.852896240481373750e-08
-2.009546527527766000e-07
9.813627612939150371e-08
-7.930339314911286754e-07
-2.277563335020777290e-07
-8.941180559062158281e-09
4.611216194474372787e-08
3.079208701609807952e-08
1.501021352105227298e-08
1.123986454095063457e-07
1.827923348799633719e-07
1.878957426489969032e-07
7.560093034932564193e-07
1.831845393339556410e-08
6.390573276973123544e-08
2.307466932317349658e-08
2.679780026277350450e-08
7.715285402724338788e-08
2.074925251205432850e-07
2.263196071883053584e-07
4.581898147156974867e-07
5.616106602178385797e-08
3.679084070089464103e-08
3.334251677935901246e-09
4.860996664430322695e-08
1.707858840641367599e-07
2.896195625183498271e-07
2.636513525705262837e-07
3.800251083040634781e-07
5.414913984992371055e-08
4.934906865381629066e-08
1.353833129820807525e-08
9.799758201761082831e-08
-2.819643035574104757e-08
1.896881294615270927e-07
4.114139151157363750e-07
5.459662610486481202e-08
2.983042151842771475e-08
9.881047811223788363e-08
1.399021983643225104e-07
1.465089665774737257e-07
1.210554684382136315e-07
1.976532565069416274e-07
-6.632661682127723524e-08
-1.964518743451501606e-07
3.722427787695949673e-08
7.278529048650427159e-08
5.032667337220905717e-08
1.040517774172334704e-07
1.655603539784760675e-07
3.591668855966691018e-07
4.013324588847001621e-07
-8.190159102252627190e-08
7.065885085695893870e-08
6.768627201291289362e-08
1.398277150073287126e-07
1.959798656796142104e-07
1.962311980301500672e-07
4.013498333622293058e-07
2.561755979215901349e-07
4.882484479834754752e-07
5.423232720128673957e-08
1.353156633730023012e-07
2.012857279869041685e-07
1.997411683875027129e-07
2.391837760475108598e-07
3.079051676644698188e-07
4.418352298967638884e-07
3.273795205088659121e-07
5.932332469491627749e-08
2.868846535958784433e-08
2.442726360182783186e-07
2.597154653473098848e-07
6.867389133122248624e-07
6.665533431261532225e-07
1.054840922141342321e-06
4.666438701851786186e-07
1.025738690053767042e-07
1.600081535312422148e-07
2.372516648505244547e-07
3.199644856037877741e-07
4.031992168802272409e-07
5.588185986520068606e-07
7.842446887816370792e-07
8.055825408106212709e-07
1.924380289695564365e-07
2.133662761410389282e-07
3.269651744659929913e-07
3.788037360820406767e-07
7.280220465840452981e-07
8.717365533147725697e-07
8.928283318831103195e-07
1.589368451188870126e-06
