-2.741272789213022977e-08
4.466328062588711466e-08
-1.834552645861536572e-07
4.201757577843137129e-08
2.621454161329509228e-07
5.259242430883005109e-07
5.563891265819423535e-08
6.676637129676477421e-07
8.980785972033867969e-09
-2.029429344771181131e-10
-9.900842032910677402e-08
2.605545055783344795e-08
-1.373771248674819899e-07
7.277781048321661695e-08
2.281719190357939818e-07
6.453118548649182611e-07
-1.290975877647010996e-09
4.035866594661951087e-08
1.902103631151612633e-08
-3.308469559605409408e-08
-8.626320682517440417e-09
-1.164053448017247376e-07
4.400631292888913923e-07
1.089709789456631475e-07
-3.296467691645500693e-08
2.968437971267255911e-08
-7.020445882656485097e-09
8.382637123353149812e-09
2.173572024741136660e-07
-2.553935675726209354e-07
6.984787594826708094e-07
4.108250160577529889e-07
2.003101970751173682e-08
-3.640032371452900459e-08
-9.626971167149694779e-09
-8.666408564061052001e-08
5.624297066293175211e-08
-3.788273765603601210e-07
2.712016502922149548e-08
2.770098869691712075e-07
-4.560152224928671328e-08
1.193400243989758145e-08
5.748575251119733044e-08
1.619458310728603535e-07
1.634899760005718093e-07
1.993504451905891046e-07
1.177602751176777665e-07
-5.415750940752310319e-07
3.553609444429050415e-08
3.058983413319590248e-08
1.203561555631466544e-08
1.827971238828823877e-07
2.000723005827299177e-07
3.652327185003459701e-07
5.975174911166891354e-08
-1.384766874008832298e-07
2.286607214203783413e-08
4.871743023307716622e-08
1.247531855851720117e-07
6.995687641122297743e-08
8.695211983770097836e-08
1.873506919298550996e-07
4.452697212312846854e-07
-2.643125417142038031e-07
6.229880229268891689e-08
3.740660713581104179e-08
1.136094569475769574e-07
1.769180467671504127e-07
1.999692708803096247e-07
1.083474521186618870e-07
1.351088797711006325e-07
-2.500786158541316444e-07
4.541255502412339064e-08
1.258948865158388695e-07
1.205960726535018005e-07
1.394792320523418672e-07
6.713532887183155464e-08
6.455100575609096211e-08
2.621692968716102550e-07
2.301814176580013378e-07
9.976409729669515414e-08
1.504819538277279798e-07
1.777843467528857481e-07
1.792656711294104444e-07
1.959484179743412640e-07
3.412951332263859590e-07
1.991821840109538786e-07
1.758594618684359525e-07
1.076003578194305873e-07
1.079779139067548626e-07
8.913512188840346506e-08
2.106513852592698948e-07
2.587759572068385008e-07
5.616827169516389121e-07
6.549911072576946430e-07
3.416668835668316265e-07
8.518820073426874051e-08
9.745319071977227563e-08
1.171757225993579730e-07
2.101072763169492852e-07
4.177416975641700487e-07
5.743128725803295372e-07
9.902197326177234097e-07
1.333398616135092938e-06
1.392279450595503007e-07
2.197866247714092838e-07
2.431599827130404901e-07
3.120965807561412601e-07
4.102099517797366555e-07
5.043516957951354445e-07
8.319345124335712522e-07
3.547126390859306144e-07
2.130610065441685876e-07
2.351015355880363088e-07
2.800729960098114553e-07
3.155509123825718170e-07
5.103385111794519247e-07
6.380420072299428586e-07
5.487174488286906736e-07
1.003709321670863492e-06
