9.253698108618364423e-08
-1.270075579712126815e-08
2.214087264795075811e-07
2.695773799932062477e-08
7.885045948570758349e-08
2.466366575427604882e-07
1.139503330751601625e-06
-1.748729311238880237e-06
2.831949421242934067e-08
2.433293659991977329e-08
1.464594603525961809e-07
1.621270061079587978e-07
2.513684978314043499e-08
-2.076057871671298786e-07
7.139436931108384717e-08
6.555555791843714700e-07
5.911033224430590582e-08
3.910644384282393980e-08
1.842294586515543613e-07
1.107925343072422180e-07
1.288706721139671359e-07
-1.072685330747367007e-07
6.083787076469956814e-08
1.709770958541083824e-07
5.719040288368109199e-08
8.048557931238419420e-08
4.392187542277613806e-09
-1.558434606973752642e-08
6.814286352667792268e-08
-9.281787177823280162e-08
-3.582544770303075895e-07
3.968638350664995605e-07
5.088863476236277523e-08
-4.203827943921611869e-08
1.646860346028471003e-07
1.804058710702272795e-07
2.846894804892678924e-07
3.723132888393473335e-07
4.641697485343442686e-07
3.426850673162059813e-07
-8.615434947422776756e-11
1.577494649228085157e-08
-5.094448768014985672e-08
3.279075776242008412e-08
4.157730608674707333e-08
1.289998094320348448e-07
-3.343398436749247208e-08
-3.428687729288326574e-09
3.546524592968667597e-08
2.265872776272679214e-08
3.778642512492057605e-08
1.082017561049958417e-07
1.014018604282498579e-07
1.869467492074072957e-07
-3.493053815203852484e-08
4.451548974602084735e-07
4.271453336770024068e-08
5.167715119220298430e-08
1.512456084775276989e-07
9.324356087496245883e-08
7.731078764432395202e-08
4.160530354037059293e-07
8.718286769260842628e-08
8.992543194981540582e-07
1.218349164894814326e-08
7.546144196319463684e-08
5.254684552909009192e-08
4.228587845331676668e-08
1.596458966895248072e-07
1.328725493805949384e-07
1.650525504962461085e-07
4.970272880990451045e-07
6.009049987420960331e-08
7.817434220767261863e-08
1.988739274321991018e-07
1.449272536567376014e-07
3.326542193504455443e-07
1.050881193157993757e-07
4.910619862885843458e-07
6.919540280709392201e-07
8.429509028202225055e-08
8.265581402497108323e-08
1.226159136617597297e-07
1.979690805578462275e-07
3.566959477503106516e-07
4.600169634517155311e-07
2.552643830228634193e-07
2.847781211297115017e-07
6.826456566687366476e-08
1.235126808121999940e-07
1.780283250808099330e-07
1.209327629912859655e-07
3.984513772210058150e-07
3.506756664274000294e-07
3.483399240540074527e-07
4.639051297962368996e-07
1.196404894416315222e-07
1.604845711872160160e-07
2.345611092303228731e-07
1.925065994645858909e-07
3.968831370612227358e-07
4.601866030879642715e-07
6.596267042088846703e-07
-1.341435635341360811e-07
1.354540757201051103e-07
1.770538169898851723e-07
2.863910221064812137e-07
3.759859506903430155e-07
3.183835875563309334e-07
6.499094393202132394e-07
6.946844001930302826e-07
1.250625437675040354e-06
1.831018303207827189e-07
2.195164469893549650e-07
4.074154649120721484e-07
4.516541564398578426e-07
3.582432242576629813e-07
6.095054380949004908e-07
6.767190308946470143e-07
1.749268024192914055e-07
