-8.079370018886609182e-09
1.437957227487139123e-07
-6.332636260624416196e-08
5.117016579026702649e-08
-8.615380419815186562e-08
7.773823771747876675e-07
8.512982239339844980e-07
1.120899650042979655e-06
1.190428829477622656e-08
8.028754462659584633e-09
-6.687582653985147283e-08
-8.268243199009159805e-08
2.492971893774070800e-07
1.340707793536503132e-07
-4.128031513533530148e-07
8.892623075499038091e-07
6.308615076848303065e-08
7.228102517868254839e-08
2.433468374101847304e-08
-6.221842804250086987e-08
3.864136531414773393e-08
2.876479109546282276e-08
-6.564090408256789269e-08
2.812576362953691430e-07
3.595275319375678333e-08
6.442826249245046043e-08
7.340963460788962177e-08
-4.004508874075525403e-08
2.575595522971071833e-07
-6.112385223996316778e-08
9.252431267844952367e-08
4.045155335273971971e-07
4.416386464295488450e-08
-8.570838043698434144e-08
-1.122379591411025988e-08
1.648218054870809486e-07
2.076256234390833425e-07
3.828734509135381704e-07
3.815605393096952367e-07
-7.305409951526096996e-07
-3.672805914289213416e-08
7.685255035470899840e-08
-1.865033873253948404e-09
-8.679975311787081568e-09
1.813359030740239253e-07
-6.538722036677223345e-08
8.898368946871916248e-08
1.405105658182129328e-07
3.091122866930519666e-08
4.160798539408833511e-08
6.417929341460359517e-08
2.008987957399374121e-07
5.214550361531290957e-08
2.693943700969919715e-07
1.572348498315582372e-08
3.852256051885649472e-07
2.956963752272599787e-08
4.303401840598445254e-08
6.093336477025007628e-08
3.539527552278186476e-08
2.231821745052693562e-07
5.994988011124044548e-08
-9.673777915895599764e-08
1.399990504266792197e-07
4.986974494469152521e-08
7.889810111469873506e-08
1.049973799693777861e-07
1.053988130013523936e-07
4.203712783104515267e-08
1.621455998595137422e-07
1.776739151565209314e-07
8.229724378125942976e-08
3.580738366800819011e-08
2.812243715615567448e-08
1.521810751112699127e-07
9.109863404236743309e-08
8.810176253240298312e-08
2.752969838180801415e-07
9.740176751287100108e-08
4.738081969512394928e-07
9.949940950943884511e-08
1.372407057489305903e-07
5.819784731543826275e-08
2.290747716902852334e-07
3.071030698827365036e-07
4.933456033438426936e-07
5.440175694694191937e-07
4.698348345295238958e-07
1.062592387780104974e-07
9.732597268033395003e-08
1.316171604992402443e-07
1.265045003992011154e-07
2.232626688037893400e-07
4.176606466746873750e-07
6.915422754056151778e-07
5.555122372843716626e-07
1.741544840774105737e-07
1.438601161633578905e-07
2.303210542044960134e-07
2.345329783774020142e-07
4.846589454807129405e-07
2.249865483104293991e-07
8.313098350021439274e-07
5.478356798293486031e-07
2.004710704658377185e-07
2.159549983063706489e-07
2.849073347027175304e-07
3.933373344050410084e-07
5.523208135713074138e-07
5.457713497155298838e-07
8.502578535811260502e-07
7.066286552781778092e-07
2.286152791822686977e-07
2.067000656071198271e-07
2.727373589277070028e-07
3.666935157771512489e-07
4.909990262579622991e-07
8.536415039880250344e-07
1.138048127944042292e-06
2.457348207587743694e-07
