-2.816721631680832112e-08
5.804736210610548780e-08
-1.562065565239636437e-07
6.958604383055186822e-07
1.431892972448499261e-07
-1.557950113673786371e-07
-1.982014025299008388e-07
1.448265944720638626e-07
-3.922782035467764061e-09
2.752240940268158854e-08
-1.935412629337928412e-08
-9.170248336410779422e-08
1.051421455152387591e-07
1.666457611184161610e-07
2.750502790854597721e-07
2.683400789488715575e-07
-3.179326889511992578e-08
1.869879388466296603e-08
-2.013692668674955098e-10
9.372383938494126739e-08
-8.547576892151290772e-09
1.804237819710592977e-07
9.699047807827331919e-08
3.529457309146061283e-07
1.893359592001572064e-08
1.002815664815658665e-08
1.786958370220701235e-08
-4.687497524626502551e-09
1.925501423228934851e-07
1.217855717972420031e-07
-2.390594454101330053e-07
1.419361153707262055e-07
-3.484199544730096388e-08
3.612932970555725711e-08
-7.382888520221138003e-09
1.156267053905451824e-07
2.672808132774497509e-07
2.405318012167481796e-07
-3.633771138100109089e-07
7.225696846857765183e-07
4.780288424629119837e-08
2.479572639180205907e-08
6.017917875190353349e-08
2.420870248554589367e-08
1.850580718186855947e-07
3.900268806608549902e-08
-8.354568919680835272e-08
1.889404783574123118e-07
3.731833219360133484e-08
3.506990857259394758e-08
8.831159361226806101e-08
1.805051823031787269e-09
3.349085510399115677e-08
4.985748265431873333e-08
1.510841401499738899e-07
2.795058828850398817e-07
1.325977246238289911e-08
6.948526658065589709e-08
6.134636796422920014e-08
6.530490450069881454e-08
1.197203484403734958e-08
1.991233675212034701e-07
5.168398372688416454e-07
4.744967877720214684e-07
4.629914926869504480e-08
9.436368894695259688e-08
7.034986695558290110e-08
5.042554884472249205e-08
1.795584756972088080e-07
8.473730440515444441e-08
5.651663639143918260e-07
4.698415636518880796e-07
3.145506938592129834e-08
5.512566700645729925e-08
3.939358359366164073e-08
1.964781712260119277e-07
1.311104152405814816e-07
9.860093686281558319e-08
1.594227022920236498e-07
2.344980870698058226e-08
5.329306827586296875e-08
1.150482485333051903e-07
1.292070305628109920e-07
2.302760021571984069e-07
2.050758158510228100e-07
3.904777488278569386e-07
5.344014619811849932e-08
4.154952805011821016e-07
6.371508479495996769e-08
7.987153130445303082e-08
7.602665868967687050e-08
1.190333007834602601e-07
7.437162683718649934e-08
1.559717987699532638e-07
4.688935589706073263e-07
2.067998684647649365e-07
1.177861515881075999e-07
1.952150864301909202e-07
2.187087424287912856e-07
2.091597165448727140e-07
6.247383879514122282e-08
6.114303620019542169e-07
4.934466743073056907e-07
1.172524604335469191e-06
1.319656255794971622e-07
2.092291495831896601e-07
2.003120192563868842e-07
1.715783705957957704e-07
3.462207952806546903e-07
3.853793870824579960e-07
7.537232281214851301e-07
5.645371033596482549e-07
1.627633040773395119e-07
2.296116936679038784e-07
2.391170557611933552e-07
3.978536453991868481e-07
5.290384553894797103e-07
8.052855640592662422e-07
9.852285466549344592e-07
-4.581184139110961558e-07
