3.870374962098158176e-08
-4.781044266792574399e-08
1.349340751027793383e-07
3.759143652100446239e-08
-6.562632042588676720e-08
-1.230768563357609400e-07
1.826823009193584409e-07
-7.263902300501124498e-07
5.112581399599693316e-08
3.617540906493733689e-08
2.383000633984984886e-08
7.721748080335960093e-08
6.697842860804093034e-08
2.244570212962340299e-07
-4.536359309979052752e-10
-3.360450201452418336e-07
5.432846668966611537e-08
7.663714752680258975e-08
-9.957949439898414275e-09
1.618706703586059580e-07
3.051876409830920718e-07
1.910384050474107434e-07
1.453098670794301336e-07
-4.716711487697440724e-07
3.296701667922112742e-08
1.145825203088533260e-07
1.317175051542135643e-07
1.407614362073609900e-07
2.901393172130785892e-07
-6.878477100340175708e-08
5.224862885665609592e-07
4.121018372126160537e-07
2.463411405351354714e-08
1.154592368799227412e-08
4.504851989110185213e-08
6.670702549721534235e-08
-3.212343599334235002e-08
1.076139010748796033e-07
2.985288252494158258e-07
3.349235157223656086e-07
1.135818075204558497e-08
-2.354646295442301982e-08
-2.715565925360329455e-08
7.904786686908381996e-08
1.123721533685892667e-07
2.763671042169691926e-07
-1.725837610621879798e-07
7.455690111407617724e-07
4.065233337079746321e-08
5.358352119648514231e-08
1.499607920022654047e-07
1.126581528359840882e-07
1.192907090747357112e-07
2.341480387797005171e-07
2.416251219902517234e-07
2.206922889472956956e-07
6.482132162756776442e-08
7.530907004480120581e-08
1.046948648571969010e-07
1.557114098440300684e-07
-2.878329776273542674e-08
2.318396064568579572e-07
1.925172344838066951e-08
-2.061204625456363673e-07
5.501667094279811137e-08
7.594958416010095469e-08
1.478076213700816093e-07
2.530096849285645062e-07
2.217203608445402204e-07
2.378307359057211856e-07
4.529835134694423438e-07
-1.870727890649112574e-08
5.044852456113236588e-08
5.522576894419121279e-08
1.212568334176607114e-07
1.834697466469022158e-07
2.026789160615679374e-07
1.746920098999416623e-07
3.224247340961830444e-07
7.103499958906248492e-07
6.387443287632963196e-08
1.417528935785721754e-07
8.384740876913867975e-08
1.746827797324576019e-07
2.910939259800901154e-07
3.682482577080355377e-07
2.706775467614421517e-07
5.797763022505253996e-07
8.258879710495850349e-08
1.287380044951892111e-07
1.951640991323688578e-07
2.399229219743043080e-07
2.220272619218384774e-07
4.802008057207796495e-07
4.751100612427622171e-07
4.045094753010185309e-07
1.575870105326360523e-07
2.216470994277982132e-07
3.619768402113403729e-07
3.124285136302053290e-07
6.443242945714784660e-07
4.301897161320199762e-07
8.218083488931565525e-07
8.399402103081280968e-08
1.559526629086555852e-07
1.927924580576752581e-07
1.925972980189074262e-07
3.612502927987269057e-07
5.050409456684037719e-07
5.756517772284348700e-07
3.168377507877684484e-07
3.354066157647402686e-07
2.135938105136376813e-07
2.467354977039100765e-07
3.444071222968835002e-07
3.049212599459528638e-07
4.219760443277506311e-07
6.030744795200189983e-07
4.325923232398736364e-07
1.915819131482486044e-06
