-9.647882587003001123e-08
4.283180185800203922e-08
-2.111771771245953892e-08
5.137968805248830965e-08
-5.034943286414045760e-07
2.212808666656914237e-07
1.314633738450935850e-06
-3.859805082790486078e-07
1.628185560283418558e-08
7.706537170700977658e-08
-7.651698173234312458e-09
1.201964762988555437e-07
3.789650013418968910e-07
-9.021381632467008178e-08
9.058883175788695195e-08
8.131152568261124653e-07
3.074290176109367688e-09
4.341184115587190706e-08
3.007129818612358614e-08
-1.231977632779216377e-08
1.388005729642530783e-07
-1.304395749812229626e-07
-4.106914368713470426e-08
4.407458897223580246e-08
-1.156777088699043206e-08
6.005221114226867135e-09
1.829619698366987888e-07
6.751799318617367007e-08
9.646084001638410000e-08
9.801254083616166768e-08
2.479378139448640248e-07
2.791695832454781954e-07
2.727828113621141925e-08
1.642969940546132336e-08
5.215657239002155926e-08
5.685714287446481379e-08
7.587983406475976688e-08
4.291828394800915089e-07
4.358009876556368581e-07
1.316507013656095884e-07
-1.181619210717274920e-08
3.790796187019830096e-08
2.960435263128336345e-08
-4.203605821770254725e-09
-9.799948280182598264e-08
2.580622267692516562e-07
2.091854596383174389e-07
2.719892437651043695e-07
-1.868934184926920255e-09
1.038620425312525801e-08
3.709525926616259605e-08
8.085580143669291713e-08
-1.136104909809627266e-08
2.255353277695310035e-07
1.840415233807443452e-07
4.427102417498105047e-07
2.195213787386036100e-08
6.089612548368663193e-08
4.638913697348358066e-08
1.165336186073062455e-07
5.803333173846092306e-08
3.681743681781507323e-07
-1.452631497354339275e-07
7.805413587161723683e-07
4.544943728725422636e-08
-4.294223159454550754e-08
5.489102737627320138e-08
8.082019292323024455e-08
7.829116737478840826e-08
-1.019784543035932520e-08
1.825660209823521663e-07
6.772332838499400513e-07
5.047470287451969378e-08
1.737449130279964246e-08
1.256281373047174151e-07
1.616731328886970390e-07
1.168529024265880362e-07
3.563364509465350324e-07
3.658666806625036503e-07
6.620676797156642218e-07
2.664909411400496963e-08
6.359344147189897311e-08
1.884968628922875877e-07
1.665146317462755631e-07
2.895285718502223211e-07
4.882347333145570554e-07
4.058427420442519992e-07
3.462354710565064060e-07
6.928606834078974121e-08
3.769415866442930389e-08
9.615731529523569937e-08
1.956345254924381039e-07
2.218215949167808386e-07
4.207541368185710790e-07
4.235483374302661683e-07
5.546429536883188919e-07
9.170848635081061224e-08
1.749906509168208746e-07
2.352039106991108298e-07
2.161402100964262531e-07
1.127276314628442268e-07
2.034845217864852403e-07
5.792103597451114729e-07
4.971538581252812489e-07
1.149549046045820301e-07
1.317354107193370524e-07
2.978168982262241565e-07
3.811430966860009109e-07
4.318620420325481935e-07
3.536778121032793942e-07
6.326766324707111740e-07
6.011058626472119839e-07
1.494399807892903410e-07
2.133988474270309902e-07
2.652684954089685627e-07
3.373499737171232341e-07
5.832489976787224708e-07
9.347671904785852846e-07
6.958673297801861087e-07
1.279038233941856849e-06
