-2.732475624584159669e-09
9.298163244351508716e-08
-2.892900915779635920e-07
3.936304870973457691e-07
-2.256954012962597615e-07
1.270938809773921343e-06
3.439504268548515540e-07
2.122601002942409118e-06
1.326523941384116708e-08
6.477563850442619322e-08
2.031447304462002114e-07
3.791984747680858939e-08
8.696755321309641129e-08
6.664758169670471788e-07
2.100848383895341863e-07
-3.886182469466570038e-08
5.302849719169573839e-08
1.177009283570835007e-07
2.850257014489478848e-08
1.361130216776187273e-07
-7.952716918367702894e-08
2.177181566194209548e-07
1.758347291181117388e-07
-1.225570353290580574e-07
7.134159540170965122e-09
1.135685539039144084e-07
-8.158248311248740543e-08
6.918318538539692142e-08
5.907714903045507431e-08
1.493686116544881283e-07
7.017081857468843065e-08
1.595774760623325786e-07
5.840361876619292552e-09
6.768110997130240233e-08
4.954092819667141892e-08
1.608882939839643549e-07
1.004962107350041938e-08
1.186152542183701647e-07
1.528547615692940809e-07
-9.633294981023583099e-08
5.099730838534582281e-09
3.632079377915120572e-08
1.036919680533625358e-07
2.245712754628131623e-07
1.604022776671945464e-07
4.419141706510004101e-07
-2.541169234484862740e-07
-4.670067728868596830e-07
9.107135777116220771e-09
4.825755589603574365e-08
9.636708879851604505e-08
1.176043138490890099e-07
1.466252058942046424e-07
3.548378976634424877e-07
2.032424114808380483e-07
6.655437637592289372e-07
4.238003922545226695e-08
8.011252255417430735e-08
1.099803847191107488e-07
2.100826397455115784e-07
2.809004449132879735e-07
2.982349045448034845e-07
7.600971463768827641e-08
9.317806620650668101e-07
-1.036680168146891173e-08
-5.972244329670206503e-09
1.166730879795770333e-07
-3.167952877840395381e-08
6.852470458189862299e-08
1.768434875833957792e-07
2.398828778957068041e-07
4.942494957146396229e-07
7.637340171485208319e-08
1.978380501458013136e-08
9.644686367340369606e-08
2.079564433373584313e-07
1.328442708566448604e-07
1.555878752070473041e-07
2.752940894980065977e-07
-3.688648198381976986e-08
1.029173178253958673e-07
1.303805034483747516e-07
1.235563244658494156e-07
2.598623736676023889e-07
3.271867020332146048e-07
5.016317689063547214e-07
6.513411239412922610e-07
8.163942441890156235e-07
8.548081562237351210e-08
9.465048427909813626e-08
1.476905224760903614e-07
1.135907263411972192e-07
2.134571159487849213e-07
3.848765964774231620e-07
5.487731759449081729e-07
1.600459318077967040e-07
1.076008609192107226e-07
1.927722247492458448e-07
2.519258232550991081e-07
3.950981965125556819e-07
1.441824269160609150e-07
7.024359325724452432e-07
4.660131926730612344e-07
1.254030368531594938e-06
1.470717478546333644e-07
2.080348640610766401e-07
2.507134295703779553e-07
3.873677244720368597e-07
2.904024806912064163e-07
5.986416624668891260e-07
6.700124740199401913e-07
1.247098410919682797e-06
2.006304028000833069e-07
2.761201399042429172e-07
2.930108969752237298e-07
3.068852619666160846e-07
6.230613032574632186e-07
8.732679905508457469e-07
7.386857246300069125e-07
8.688394741130548516e-07
