-4.281848098405699810e-08
-2.538554462356603508e-08
-2.561484374832872829e-08
1.309355844503744872e-07
2.333736938132387751e-07
-1.192106139389483241e-06
-1.909489511913356164e-07
1.167727812488228883e-06
-1.243677525378122898e-08
-3.161297856865315991e-08
2.551069512851815973e-08
3.833547609260121358e-08
5.028656036121815089e-08
2.423089449521489268e-07
-2.472086982331706374e-07
5.085894274725010931e-07
-4.795169374298107372e-09
2.104433296394174455e-08
9.304556391901175686e-08
-4.055039819075002337e-08
-1.366703725103807265e-07
-1.136197231707604876e-07
-2.374009051493428892e-07
6.975209119191214176e-07
-6.973795673865441466e-09
-7.137108944578040003e-09
-3.799149236315094070e-08
1.187061192083288776e-07
1.017740734660979800e-07
1.590571875522464858e-07
-6.392503555921948272e-08
1.901124528059544967e-07
-3.345881361271709013e-09
1.986315078737799711e-08
1.520625159299236617e-07
4.562613992396475013e-08
1.304395266509854211e-07
2.444740141094046884e-08
7.441977658416726571e-08
3.978098434667559699e-07
1.149986948720389825e-08
3.236675668664381387e-08
8.827621076731319395e-08
7.448339045481033539e-08
4.209396150128839426e-07
5.307640496766845561e-07
9.319011247719631181e-08
8.094511159722029302e-08
5.578756106896503083e-08
7.274813949033798828e-08
8.473046835000033543e-08
4.693921480164982492e-08
1.264989312703296266e-07
3.433050861901043526e-07
5.378290169964944219e-07
-2.478139125813100791e-07
5.067848609833793939e-08
5.598182991616665777e-08
1.715275799948290997e-08
2.238555856296632425e-08
1.244312113436645688e-07
2.171781636530428113e-07
-8.229327651819506667e-08
3.393852657434529936e-08
5.463028923821731895e-08
3.624524527100352616e-08
7.759519012402436607e-08
1.438153299829530388e-07
3.303051823473308269e-07
2.907392252815343916e-07
2.147973079810065235e-07
-2.692136116763225983e-08
3.748949571813455180e-08
1.436257835856255819e-08
5.314733081521459666e-08
4.753609344764823334e-08
1.253997168696052107e-07
1.124834824091655553e-07
3.868318843766086182e-08
5.861635980040571600e-07
8.336807136806185053e-08
1.184301749164242999e-07
1.596324383906858309e-07
1.518727500653969977e-07
2.303002269823824762e-07
1.565136810989394589e-07
1.558636681915832474e-07
4.020518805930745966e-07
3.050964130810375582e-08
7.298274521501660106e-08
7.809678546689267557e-08
2.360017366234131454e-07
2.250157992766200959e-07
1.256357676575534531e-07
5.134717034854475936e-07
2.301765272178441836e-07
1.251997801877188119e-07
1.910665858077190541e-07
1.738016619983229293e-07
8.515535288218995324e-08
3.322511009369999633e-07
2.296545852748519781e-07
5.890451575052713577e-07
6.638874098098224414e-07
1.626671205319580737e-07
1.796532804598317513e-07
2.557517763013665215e-07
3.482617294808706047e-07
4.198336598021099260e-07
6.425198655883111264e-07
5.557754307120111939e-07
9.756558581671604692e-07
1.634188837448088966e-07
1.995249172871455968e-07
2.397468451361469967e-07
3.836324685614178916e-07
5.948320769131758443e-07
2.625692177096360702e-07
1.085206031498590873e-06
2.111747937952160934e-06
