-2.002876999426926594e-08
-7.382242453399241375e-08
-6.769311152934102628e-08
1.482954463130160977e-07
5.819426371181611675e-07
-8.794683918040132156e-07
-5.576383129887747264e-07
-1.211866797385843982e-06
-8.239056202582740675e-09
-2.195747325827394239e-08
7.015153301148566599e-08
9.947704801617590738e-09
1.874492157104668432e-07
6.583543643662992033e-08
8.216308730339688498e-07
1.531676278233805935e-07
-2.819345899071865349e-08
4.312843162981624736e-08
-7.146094422085583634e-08
9.951974509503427291e-08
5.567527946856592111e-08
-2.309220370322563745e-07
1.204506324959474384e-07
3.293306157266495600e-07
-4.237762521035402851e-08
1.443989193456766195e-08
1.749923506934214265e-08
5.928076567248347263e-08
-4.751059874113997056e-08
1.752754238505999473e-07
2.239538128446477036e-07
-3.936704960665531025e-08
-2.514235330971093780e-09
-3.968717261594660826e-08
1.925673726013805606e-08
3.599312707559661939e-08
-1.447782511766646941e-07
1.093345345137235466e-07
6.255922114260557780e-07
1.045821141970395236e-07
9.036642334303602114e-09
5.436920757807021310e-09
-2.266401051183689702e-08
2.106661130454999645e-07
-9.938424330021565414e-08
1.342884258849378546e-07
-2.074390013265123142e-07
5.723546074033561326e-07
1.721736963188333917e-08
4.924927405909164666e-08
-2.820188811605319580e-09
3.847712185803467098e-08
1.022466649649395772e-07
3.046719504603946146e-07
1.429686342795600317e-08
-5.816610782737665821e-08
6.638831155110995844e-08
1.055597369070787378e-07
9.297191711179472734e-08
8.829050018640597727e-08
4.957743043122343378e-08
7.431743385744329856e-08
2.561211304667368221e-07
-1.832752203040133686e-07
4.863353420226998644e-08
7.509737266452191126e-08
5.903481757674032338e-08
1.251876647034767391e-08
2.778118233309579736e-07
4.963821612128162927e-07
1.591083021759144310e-07
2.303937814468057947e-07
-8.528014598183117657e-09
9.272563135200618437e-08
7.921787796180608915e-08
1.376481268504208639e-07
2.125946067232346936e-07
2.101922658652619058e-07
5.119117774890607003e-07
3.555965590675021131e-07
5.443308381259384999e-08
1.072605164304681934e-07
1.679125108955178266e-07
1.741206101439653090e-07
9.624759640758105047e-08
5.004436298837663130e-07
6.188623754440516329e-07
2.045282849489343341e-07
5.699768261409210036e-08
1.147823877850912039e-07
1.778419526542086197e-07
1.320966465405542796e-07
4.044640798193207125e-07
4.422443921852872581e-07
4.739441718288405426e-07
4.232264248802053087e-07
1.123727063625258815e-07
1.859950965115460367e-07
1.634516184077869568e-07
3.016126484393928184e-07
5.138958720928889387e-07
4.437863743835686075e-07
1.198998157721141896e-06
9.878027444974572541e-07
1.163952819639621841e-07
2.091756807222847906e-07
1.394902467357281388e-07
1.732886285124139956e-07
4.201719826890215710e-07
4.628875833316666080e-07
7.556786800706000676e-07
7.911104176992566397e-07
1.045696676525642004e-07
1.658468248002070199e-07
2.731548333494229444e-07
4.186630955503203453e-07
6.337339452442875457e-07
7.724126073809582560e-07
9.854055893094801840e-07
6.788020254878676880e-07
