-3.265187712938989163e-08
-1.177030847739297312e-08
-1.238772449136608532e-07
2.231481921072940761e-07
-1.256409248161251340e-07
2.806935718011734098e-07
4.406421508479711661e-07
-1.186912676616958309e-06
-2.615517639058263634e-08
-7.430917621332854034e-08
8.914100408402390009e-10
-1.497230466517303155e-07
-4.209307965019418383e-08
-1.081140172054562124e-07
-2.185955656306801037e-07
3.050508966678215970e-07
3.110058503054327859e-08
1.636254400585199437e-08
-3.593958609214099501e-09
-5.267198368555125229e-08
-6.423096016084471595e-08
-1.415069990624558892e-07
1.336662338911861531e-07
3.493483984231975132e-07
3.364016864891165246e-08
6.755269697563680010e-08
8.363291665780072272e-08
1.175488972426853548e-07
-2.762178964110986121e-07
2.131411060009799145e-08
9.366621492760599864e-08
-2.288256127528577686e-08
2.751360312890291974e-08
3.150029326039346071e-08
1.269354111628493634e-07
9.988783386809693995e-08
1.037948319168838697e-07
-1.111996833079183053e-07
-6.733169004315493647e-08
1.487534897133949270e-07
1.525263819587931522e-08
1.905482653145249741e-08
7.304038615846384511e-09
1.927546635593424448e-07
-1.264742715297058461e-08
3.288978327722509602e-07
2.028505095437017006e-07
7.149022067190427593e-07
2.264079434992592813e-08
6.750508578687461454e-08
7.156039085808573340e-08
1.387557160869142664e-07
7.832116631514146377e-08
-3.606739836684810576e-08
2.485756352490041959e-07
-3.130261132544513704e-07
3.586195944583925001e-08
1.274708321764472495e-07
7.755719239118508631e-08
7.694398555448264577e-08
2.547457919872441703e-07
1.208645500214668319e-07
3.101283611654228565e-07
2.105299817602440759e-07
1.110512121697922353e-08
2.377552197809056020e-08
5.003749748958402733e-09
4.497380463711806586e-08
7.756121508714553013e-08
4.470199344891762582e-07
3.049801410310263442e-07
-6.200170732501959427e-07
4.523476953824505830e-08
2.194459125886944266e-08
8.104946828859369757e-08
1.782737536852786944e-07
1.781765993117553955e-07
2.948962436825372998e-07
1.637292345581341213e-07
3.438329840553846264e-07
9.533241486511552826e-08
7.788648055279031867e-08
1.052486354299387215e-07
2.428779583497741749e-07
9.457917194441836435e-08
3.375259976281587503e-07
3.732187688931558307e-07
1.493491993798874510e-07
1.058245312765211342e-07
1.360211370204446405e-07
2.055730240397577330e-07
2.174010368858433622e-07
2.566893592111240293e-07
3.909345358729181222e-07
3.850870039913045720e-07
3.724687972240753430e-07
7.354662116732878292e-08
1.277622868209929389e-07
2.448599581901713805e-07
2.900693598293602469e-07
2.660935284310541756e-07
2.913444978225877032e-07
8.909988048633280880e-07
2.189590363997294528e-07
1.541487842314361324e-07
1.540312656336996988e-07
2.500546824872545739e-07
4.610736091352027648e-07
4.501672243354786241e-07
5.068680667447752760e-07
3.135712222593971239e-07
5.999959503102276156e-07
1.769340562072825736e-07
2.536245789823030509e-07
3.362964398131540780e-07
3.525850008441504713e-07
7.766769146053971248e-07
8.591126038242093673e-07
8.462993609467778091e-07
1.049319897225122642e-06
