-1.571396368893220194e-08
-1.454897741858426701e-07
-1.831176610163437391e-07
1.332557141516896848e-07
2.103804975857655931e-07
9.416832580019553344e-08
9.588074244625173846e-08
-2.354925730883400730e-07
-1.783411965630256901e-08
-9.974507368254715692e-09
1.345520287153347973e-08
-2.987784925099730224e-08
4.305381805088332367e-07
2.808873197048092183e-07
5.519632749019605378e-08
4.470332955386862083e-07
-2.757942846170390430e-08
-3.865155068731464432e-09
3.539935719110790064e-08
2.028608928266558735e-08
-7.435393543117711347e-08
1.937793745758019442e-09
-5.653545312237927239e-08
-3.696407010562143160e-07
-2.891924069800439505e-08
-3.096143348083039965e-08
-2.703356402273177926e-08
9.501811830931748209e-08
1.434074501526142666e-07
2.212893402935350125e-09
2.033435223909102951e-07
-9.307125099221992033e-08
1.448475516226975287e-08
9.551955814596427344e-08
7.510650579356435296e-08
-1.046172532236227143e-07
-1.907301314799368485e-07
5.688066299403199780e-08
3.469370204984898990e-07
6.859142074059006699e-07
2.397205209295479974e-08
-9.807388298712099079e-09
-6.311366912111138693e-08
2.023691108302584449e-07
-1.271945712781835935e-07
1.292949231008498927e-07
4.134461947643625291e-07
2.591024608263783275e-07
-5.265732566450440859e-09
5.526248802542623386e-08
1.332279389470486459e-08
5.926506276698764044e-08
1.434110906822089071e-07
-8.519887935209328431e-09
2.241503160662332518e-07
-1.998258498579013199e-07
4.040553642290105353e-08
7.087032828681538533e-08
3.243656186067587225e-08
6.973888656249850985e-09
1.911553556655634282e-07
6.886210716552142386e-08
4.933634582196214711e-07
4.097365937138521479e-07
3.239393869890410885e-08
3.270391718566376186e-08
1.485305810657109206e-07
1.929656349793685091e-07
1.898437601082344974e-07
1.140801576224830441e-08
2.281145034713186707e-07
7.416270202830498706e-08
5.327783178089967009e-08
4.383349665263734940e-08
7.010041212508414592e-08
1.723405885118834593e-07
1.338009575140772636e-07
5.509150444891577494e-07
2.067894325655372356e-07
1.487533137097940279e-07
5.762942093865014274e-08
9.937174442800549265e-08
1.762587219806301971e-07
1.397060195577269481e-07
1.843534437331489725e-07
2.431077374793760277e-07
4.721205763327171821e-07
3.950445545692134179e-07
7.869888432321011557e-08
5.661994136191430631e-08
1.787170017127932882e-07
1.285913091385715717e-07
2.296759091591338389e-07
1.410945677590908349e-07
2.344658699586871408e-07
6.092853985750918620e-07
1.199610768274955325e-07
1.197553572173187970e-07
1.805357025400934333e-07
2.068777961485855758e-07
4.193663692401006869e-07
4.459476580170980160e-07
1.110268738669456384e-06
4.533908199805380635e-07
1.394689643957006708e-07
1.595690840895619333e-07
2.936676260543064846e-07
2.416641475826867921e-07
3.064982313249561304e-07
3.297250623960998793e-07
8.169525227051340800e-07
7.933475861178897527e-07
1.757131028245828213e-07
2.093265401250521372e-07
3.028197018803843220e-07
4.535181429444546904e-07
9.710505956405105827e-07
6.858761490093218669e-07
9.961374771546084785e-07
6.142208141919822327e-07
