6.703878393136001636e-08
6.468565876104840056e-08
4.312852130248542946e-08
-1.576745144947121386e-08
3.753786499544841718e-08
-3.610955380021813592e-07
-2.650025007586050039e-07
-2.368796962875551157e-08
6.401345151661070209e-08
4.502531245341059042e-08
4.136418012797303000e-08
1.834335852879582902e-08
8.502883984207782921e-08
1.048665764200097630e-07
1.278692745134191805e-07
-6.668068073358174728e-07
1.983863043676466219e-08
-4.488152530197178719e-09
1.328899315048949344e-07
1.395342943004394282e-07
-1.023895848147476830e-07
2.549395737926260273e-07
-9.420416411988674084e-09
4.936773446210408623e-07
9.253821615589082937e-09
1.397472620201974987e-08
6.258906174552027219e-08
1.616725941933917873e-07
1.328032384815008729e-07
8.978542845547977515e-08
4.217137182967646333e-07
-4.373629481947962368e-07
4.150176602954858705e-08
3.877224980832537592e-08
1.285562365654583496e-07
-1.974462218021840359e-08
-2.491640322555025822e-08
3.296935022393972734e-07
4.109773180162661066e-07
1.188643509482129994e-06
2.231832703629847869e-08
5.256315319041103260e-08
6.684549525975232432e-08
-2.445486836063503781e-08
1.558835833411702243e-07
2.965106921628508407e-07
2.123360196081329350e-07
-3.066124014787581013e-07
2.476590428304431199e-09
4.509415578904654715e-08
6.836402290080955002e-08
4.077116601299664350e-08
1.694397554957487949e-07
1.553579042358509274e-07
1.450243618566512195e-08
2.765954079700665378e-07
4.780910861607291971e-08
5.149831549810600980e-08
1.614418357233362602e-07
7.792805062556256858e-08
2.711783299077687801e-08
2.716959279150166848e-07
-2.823484561517466883e-07
3.765731973758193004e-07
7.066398442387675200e-08
6.244785028743323524e-08
8.146100436746321332e-08
2.070342459774159495e-07
1.844881727285405745e-07
4.053985922457833832e-07
2.498687696808117656e-07
-2.985244076286633016e-07
6.654201637702994859e-08
2.919231737616821803e-08
8.697260447045271344e-08
2.182996653665312121e-07
2.157360164026838559e-07
1.729858923907995514e-07
3.622026524065155553e-07
1.653155875790431380e-07
7.005405362811626975e-08
8.025874058787002258e-08
1.574967956226405207e-07
2.508929717520688768e-07
1.611086035625377474e-07
4.667096577144416404e-07
1.582960838543446549e-08
5.478290280849430287e-07
9.268574396306809101e-08
4.504917209379660088e-08
1.152798664018189580e-07
2.257516194707308740e-07
3.680449760310108325e-07
2.821423606892136578e-07
4.375696372136138479e-07
5.235242943188400140e-07
1.764848977706868025e-07
1.862496168200791944e-07
1.440104461883977368e-07
2.528358666283478523e-07
4.606810101884031339e-07
7.987338895067467565e-08
6.128719823773726577e-07
-3.758098852661188340e-07
1.672713652692523352e-07
2.235184645880314933e-07
2.346770682531755931e-07
3.073809098752565670e-07
4.022308610731598461e-07
4.984952812037813089e-07
4.873147576143672226e-07
3.559435719049645280e-07
2.223473222047135457e-07
2.746393671715141758e-07
3.203876318570760132e-07
4.537865571741526672e-07
5.395380504631121335e-07
7.035174388600330631e-07
1.693887075178692413e-06
1.421076781080157891e-06
