6.467847319425971446e-08
1.057787122672018748e-07
8.496571175184194714e-08
3.700417750670292279e-08
-3.951215789872967466e-07
8.573489259154312306e-07
-4.943047076733517009e-07
-5.897254196614544139e-07
2.322976649296615593e-08
1.010416126036755718e-07
-1.777790820620278187e-08
3.365976281680862981e-08
4.915217752897428828e-09
1.947814636419072573e-07
-1.060828115817610618e-07
3.828676428385018524e-07
-1.433312806337933736e-08
2.888863242466576164e-08
3.321513525643973762e-08
-3.547239288025034433e-08
-4.443335946808203038e-08
-1.301782592061536341e-07
4.889506652452667256e-07
-3.542100212639937165e-07
-9.314610581376360352e-09
-2.415096095626265287e-08
2.040781712681490857e-08
4.488180160518222774e-08
-7.077214095643415935e-08
1.657196142181001383e-07
4.794426824443797935e-07
-1.244354913962247775e-07
2.998853759027026777e-08
2.284956171011835487e-08
2.731977076269225733e-09
-4.407178023577635419e-08
1.864506574836433783e-07
-1.986484889880377972e-07
2.589242515554770139e-07
-7.615893977587757293e-07
-2.675437242254178555e-09
2.742756400503856471e-08
-2.451593540203859841e-08
-2.831235054800073167e-08
-5.685001646332489264e-08
3.442932460642634272e-07
-9.732990246064714280e-09
3.964391684789972056e-07
3.298897284419628964e-08
6.096329017511014650e-08
7.218960163568040788e-08
1.400065895506513898e-07
1.496679905578270510e-07
3.335436080044017320e-07
-1.168265212419762173e-07
7.336124251231966257e-07
2.379618936495434032e-08
5.011348416236747657e-08
5.470632471935610864e-08
1.371208564433120914e-07
9.491768178367288190e-08
2.642883766684122586e-07
3.532358921108235469e-07
2.255442798512641456e-08
1.585086975683019721e-08
8.331432776076953278e-08
6.983355021812368676e-08
9.997769846087282358e-08
2.177711828596489439e-07
1.537847569030734795e-07
3.338662975471026821e-07
4.930420995856470671e-07
5.609481536742647228e-08
1.128738732170918425e-07
1.232478082865811416e-07
9.395134852916677114e-08
4.237939125875583415e-08
2.120247296792255997e-07
-3.944369317241603508e-08
4.475334791339181375e-07
4.176844996385484598e-08
1.679547794659779075e-07
1.130286474664901897e-07
2.193112583648035713e-07
3.893844742056513808e-07
3.724584315111213996e-07
3.759450575631561456e-07
6.731878702625357552e-07
9.751235299946151531e-08
1.313445914666977248e-07
2.034172840196686333e-07
1.647811762949621788e-07
2.392432433190291644e-07
4.294017807847574094e-07
3.481085354508192484e-07
7.158457300933384414e-07
1.074082482367882235e-07
1.858251876319958738e-07
2.410650211799640793e-07
1.160959656787217715e-07
4.411591797625212415e-07
3.366085553236657885e-07
8.560462260447409293e-07
-3.261288472096091777e-07
1.657471214602459636e-07
2.336590014550342702e-07
2.917073875976869951e-07
3.716862615863761909e-07
4.929880369116514946e-07
5.636082261599033820e-07
7.986960725196718825e-07
1.042657548175624175e-06
2.153661188641556675e-07
2.741181662575906998e-07
3.038818499199508662e-07
3.097292136683832815e-07
4.885179550285211639e-07
8.731053842726572574e-07
5.665499857587411439e-07
9.213034513165817365e-07
