-4.346674878897811683e-08
1.026639431417896662e-08
1.824206739685257361e-07
1.821194446044002937e-07
2.595707726338072611e-07
-2.477168540914954604e-07
-8.222629159843354976e-08
-1.026774017109529978e-06
5.001681909932880981e-09
3.981828989634889529e-08
2.914893118322223250e-08
5.179832169657219331e-08
3.468313140704447439e-08
-8.516649450778848472e-08
-2.302625740826876394e-07
-3.686336422274392675e-07
-1.110749487249754039e-08
-4.946733296158116544e-08
-3.847468705922768852e-09
7.784689751952031858e-08
1.536874185872082369e-07
2.152021263804165296e-07
1.666464619144590200e-07
1.383532581530353792e-07
-7.462994449369126991e-11
-2.296493975131561487e-08
-3.255475072810477913e-08
-2.053669963817154380e-08
-5.549204202671536458e-09
-2.607332694839843881e-07
-8.519196710016809821e-07
1.192371925260844667e-10
6.334918823230322680e-09
7.724595591834869883e-08
-6.125136966243636924e-09
1.512232005623010894e-07
1.271474033179761152e-07
1.733979868154056014e-08
2.868329202890923839e-07
2.353777958583127552e-07
-1.315921840724571410e-09
1.097803705319591371e-07
1.328495987527825847e-07
2.163804476214477077e-07
4.045918636036615682e-07
5.303556844953850021e-07
2.364189371417725936e-07
8.691600300237960523e-07
3.033573920715331637e-08
5.861906095603509891e-08
2.990017759349605761e-08
9.857359948221593066e-08
-4.876485573620612777e-08
1.577262099608363330e-07
4.284552184408946027e-07
-1.927601720833692464e-07
-8.425314014548748918e-09
4.798961784670253352e-08
4.709524788000201248e-08
1.821997494863796786e-07
2.127031061084749398e-07
2.158825556090042767e-07
6.268699652352043534e-08
5.988474479128928781e-07
5.356535325220090377e-08
5.790349154140472599e-08
3.813475734260205222e-08
8.547203170795599303e-08
1.040250074911655067e-08
2.631269842674576072e-07
9.989467148296928590e-08
9.237679453731225953e-07
4.217645456453394560e-08
5.454512820079960660e-08
5.228049415914869051e-08
5.391211318364317469e-08
1.914224275869535642e-07
1.432095455677402049e-07
1.973584198517675941e-07
2.262416075823105598e-07
6.743394831390617856e-08
1.052522125543615670e-07
7.100865301586222322e-08
9.043209070842415247e-08
2.940639382349471058e-07
2.884941693344338002e-07
4.257458922743274338e-07
1.371565999351890028e-07
5.555081040925835934e-08
7.754614859244482617e-08
1.337686392440126152e-07
1.533009542029865449e-07
3.994791978115705099e-07
5.530925827527652020e-07
4.671520565607893771e-07
-1.121291328212114259e-08
7.405222577041948145e-08
1.603036869924602488e-07
3.482710852981471796e-07
2.989370987592278279e-07
2.596183113277567046e-07
7.827850222105120710e-07
6.807217545271340473e-07
3.166812845091957089e-07
1.452339439599445770e-07
2.344466567938550585e-07
3.393414110702320045e-07
2.922838851821150268e-07
2.266897906959121906e-07
4.343195596712535225e-07
9.914958072890922270e-07
4.887072948745610591e-07
1.492470342139782346e-07
1.762093860887456639e-07
2.887954629282834127e-07
3.409135994485034484e-07
6.811178832313064840e-08
8.076274961318293580e-07
1.347227339069675404e-06
1.015861665326833642e-06
