7.057150917972931105e-08
1.878588966629083479e-08
9.588416721036796174e-08
3.092996764106345711e-07
2.874175259638965848e-07
2.414614062410189414e-08
7.324859903338784464e-07
-2.061745492637398171e-06
1.854366910720715442e-08
4.837349827152681291e-09
-2.157927218173260120e-08
-7.276132847890805840e-08
3.257559684178588612e-08
3.575923535838960478e-07
1.692243765202073967e-07
-4.712195760045341714e-08
-1.991019912684471730e-08
2.620481207549545931e-09
-5.624459244038667071e-08
1.192318195922373341e-07
-1.618814674037815113e-08
6.831907061949811993e-08
4.045326161051534726e-07
3.240753924637385092e-07
3.187509715075505666e-08
5.042169722793156248e-08
-1.345684524103084138e-08
1.287089625068302231e-07
-1.953086429905887302e-08
1.128715632340945845e-08
-1.770429901405209620e-07
-1.744053370474074387e-07
3.853681485642720092e-08
9.751119482205015493e-08
4.558491610126197548e-08
-4.181317662459714061e-08
1.455237081704727917e-07
-3.154260430384787005e-07
8.573488359511530893e-09
5.350263069360739913e-07
2.317612563804703804e-08
2.973074623826648207e-08
1.569566771101668390e-07
3.010913906049091264e-07
3.861864009420382237e-08
3.227939055445633825e-08
1.635234915905638469e-07
5.049250948743861824e-07
5.752011288747788129e-08
1.150158472233460213e-08
1.127789222641867326e-07
1.652621976487813003e-07
1.325755270389039985e-07
2.533997075705455397e-07
-3.793019457437445615e-08
4.345404345002504172e-07
5.347545258495504323e-08
7.741301982253381216e-08
6.220120661293500566e-08
5.868056783211197760e-08
1.549303715232981401e-07
2.112656096459812781e-07
3.331118816771097111e-07
-1.703634906675445537e-07
4.354471110107061263e-08
6.276688314195525211e-08
1.381219026321793736e-07
1.580826470200944440e-07
2.284972953302164258e-07
3.952276847165675219e-07
1.048592018178314209e-07
-1.385801174723225270e-07
5.081035914587602243e-08
6.476299563257736449e-08
7.385487084586499487e-08
1.540483433540860342e-07
2.622944277859916964e-07
2.085017250597691377e-07
3.497557990544804022e-07
3.250375716912312231e-07
5.981101937919545626e-08
8.723879638293337052e-08
1.463741341791547681e-07
1.739867936957014834e-07
9.890383966201434453e-08
2.860667150801344669e-07
4.095839961610700205e-07
-1.089353459833260772e-07
7.482141390104843159e-08
6.172343858831856902e-08
1.498125963753086090e-07
1.445745269810146703e-07
3.442996177846273908e-07
4.521138341221883948e-07
4.981274078128106373e-07
3.007840255519462163e-07
4.050128722085220289e-08
1.271107489812905197e-07
2.757778207604653645e-07
2.265473970879276128e-07
5.868521506202489890e-08
3.408970964907104221e-07
3.897232510905159648e-07
1.041994577289027185e-06
8.360499388897813887e-08
1.883822864460040643e-07
2.309435574705055876e-07
2.454370436887306155e-07
4.228089391209699383e-07
7.212869875277090415e-07
8.226413008813140289e-07
-1.161056347799917089e-07
1.534382485759884130e-07
2.942480874715496740e-07
4.142155527455688004e-07
6.238194639019179768e-07
4.836748826651529146e-07
5.327665927874602178e-07
9.390540874359612244e-07
2.112808526896649309e-06
