3.185069627444009187e-08
9.558619134319565897e-08
2.249150443044900011e-07
-1.008400670956507190e-07
-1.634894853557222079e-07
-4.083481617354264831e-07
1.531883815309549142e-07
-1.340319261109147176e-06
1.823889897557125842e-08
-2.879800162156795497e-09
1.162156944969800133e-07
6.113009612469333114e-08
1.632464628022330436e-07
2.799343002758577464e-07
2.661255766073635528e-07
-7.070748562093777606e-08
-3.509342902724905297e-08
7.148748211834708434e-08
4.995642261989684348e-08
5.700872797497976886e-08
1.363580905265444177e-07
6.879727176584483356e-08
-4.428310124618637930e-07
-2.134266435491959116e-07
-5.550916715887382202e-08
3.288180792245617970e-08
5.300200996418635870e-08
9.001085421618297571e-08
-1.105972040037459435e-07
1.090460493061134471e-07
-2.275499761460702114e-07
2.459644768138655169e-07
8.236186038524997184e-09
9.069826655352779365e-08
1.805691712556312533e-07
-4.672392869045614640e-08
-8.907327471396746691e-08
3.598994659587447394e-07
3.439173673182623626e-07
1.587553013249701470e-08
4.397725087804016748e-08
8.506592008254762548e-08
6.718755491073756989e-08
9.860043675121805214e-08
-2.257356106662769818e-07
-5.395320682107399430e-09
-7.521574722068902009e-08
-4.255274198182748888e-07
2.299109594787141664e-08
3.853211494698825519e-08
4.784808665850362981e-08
1.288469568657219498e-07
1.296066612160590647e-07
2.309467259181656012e-07
1.214048189015718857e-07
-4.808034635443810668e-08
4.288996063411481403e-08
9.139416300641337615e-08
1.858142955549883850e-08
1.240101575955033873e-07
1.218436265250617039e-07
1.282862076770048453e-07
1.372327013863754779e-07
3.580080446436127567e-07
2.957465053938709944e-08
4.298636427244361666e-08
7.601519365737736821e-08
2.076032282868548175e-07
-3.809007438224767455e-08
1.321550447511558142e-07
-1.526435956751856193e-08
-8.770898285868906920e-08
2.836840746586663241e-08
8.027571245596314053e-08
1.676385503527242842e-07
1.750704927624576637e-07
2.596011524373741628e-07
3.310780399951692202e-07
2.558266932045296608e-07
3.095439304453189096e-07
6.301492089753751150e-08
1.183940432376176680e-07
1.749061488414416287e-07
1.616046451287032214e-07
1.942712001128453992e-07
1.619665401885074828e-07
1.470438089120239007e-07
-4.294951363903466758e-09
4.985321872138438407e-08
8.931394160978764718e-08
2.188804187428785660e-07
2.485174347006301982e-07
2.929308276872178930e-07
3.344819525445312783e-07
3.764281221927380657e-07
3.858964544060182378e-07
6.844742007587564203e-08
2.383639726705087206e-07
3.244756298283970883e-07
2.810278258089595780e-07
1.001884221679997661e-07
1.708376218456340847e-07
6.056494512707103475e-07
1.158328506359757184e-06
1.189076608413757392e-07
1.239131083696816806e-07
2.457375529984887275e-07
3.435056502615997001e-07
3.367909667731965000e-07
5.116531257600999566e-07
6.541701605122110790e-07
5.059159940887456471e-07
1.446198664163612928e-07
1.817095747202957422e-07
3.406922094590872862e-07
4.848339432934288266e-07
5.801786331277426953e-07
6.553808360389536139e-07
9.698831135393241580e-07
1.256546115861373481e-06
