-4.551416125534207375e-08
4.030751446037819931e-08
5.234642147984709901e-08
-5.795229807406330104e-08
-3.625751411393657300e-07
1.548756388220589488e-07
-4.024070529972707193e-07
-9.685604697054577357e-07
1.987477146081725765e-08
-1.107111901771659759e-08
1.061767188029344743e-07
1.924950317864338651e-07
1.431456982939135438e-07
-1.821333903592568938e-08
1.057507686996157672e-07
-6.630260410605563579e-07
-2.289870858357478892e-08
-1.240711183381559253e-09
2.916875237090805636e-08
-5.855160517778445034e-08
-2.546708492407529151e-08
2.670072290705769161e-07
2.716306770996709213e-07
-6.662428278876466948e-07
3.752506354565786734e-09
4.072607510260117794e-08
-3.750329676287029458e-08
1.376281781239033215e-08
-2.702705339363872191e-07
2.361535575826604575e-07
1.735040121891628457e-07
-1.291312971466970923e-07
2.978003912457302488e-08
2.986149275298044350e-08
3.644976599259415636e-08
4.368987052440748884e-08
3.057145381462396559e-07
1.112019206793033570e-07
-5.866388204485470634e-07
1.083522703122147592e-07
5.012931534631678197e-08
7.628634011396496259e-08
1.303439292450150263e-07
9.259787004551643839e-09
7.599031561898020397e-08
3.410915058544912831e-07
2.131161319633171104e-07
1.415896756636324453e-07
4.636381348890414886e-08
5.268837165778188216e-08
8.210258468837835958e-08
3.104934935147946247e-08
1.719552729925414162e-07
1.126258599292433547e-07
6.476641647667101706e-07
8.311154627004012966e-08
2.442503850938310611e-08
4.138286403181243036e-09
1.099201452597661493e-07
1.376590059306144199e-07
1.674177130684292923e-07
1.653647538864239790e-07
3.019656029169368602e-07
4.928145646550536339e-07
5.277273434158245391e-08
9.046732014719282762e-08
3.297414482787445917e-08
1.787224425950354764e-07
-1.070582728882893667e-07
1.585920817202812406e-07
1.340722596519836241e-07
-1.628805863067742585e-07
7.431956437580421920e-08
2.077563675268585485e-08
1.061101483340756933e-07
1.379449990904447009e-07
2.222233272586851979e-07
3.453638375885599557e-08
7.414323841534347854e-07
-1.300417369809434722e-07
1.039149574138924627e-07
3.311011315009322874e-08
9.103319417256425640e-08
1.037083274942033447e-07
1.166685092453251099e-07
3.356226306444967766e-07
3.043863718616673530e-07
2.356790387494403070e-07
8.928054035860370947e-08
4.777308598835319902e-08
1.434457944596252698e-07
3.331364158904337468e-07
3.949246634452352118e-07
1.039498855401343096e-07
3.231039028425266736e-07
2.645845439237933689e-07
1.389808993422292857e-07
1.569145485109055253e-07
2.849871502331745097e-07
3.185274904544034587e-07
2.527269334577457688e-07
5.176273666970939123e-07
3.841754570462387617e-08
8.586136308612273361e-07
1.354414577734528545e-07
1.912630007126477127e-07
2.972690746724054489e-07
3.738069177547732949e-07
3.060716870828645108e-07
6.219098246832412186e-07
7.132320866805049311e-07
9.888946446689540317e-07
2.074637031598509382e-07
1.567225455773727661e-07
2.368129531531490420e-07
3.275396712631564122e-07
3.663857044044638647e-07
3.457544409308767102e-07
1.154589655464590355e-06
1.315190566192888885e-08
