1.078124104354574523e-08
-2.752549805628258970e-08
1.039600259645053234e-07
-2.142742644153236880e-07
1.393361717718389301e-07
-3.405046580515809391e-07
1.849305145574975916e-07
1.558417465523316983e-06
-2.571629746316228962e-09
1.680069306562811683e-08
5.995825453570651178e-08
4.455078532382735353e-08
4.005487523088622487e-07
1.620098666183696234e-07
-4.345864170744783383e-07
4.612043397118584968e-07
6.076627495759287326e-09
-9.032273982440982921e-09
1.352981718257595889e-08
-6.564737953629825263e-10
3.485740417671459330e-08
8.873471890527746347e-08
-3.211194315105477922e-07
-3.128218118252635350e-07
8.881664833892998089e-09
3.448282614288258246e-08
-1.807656220683642252e-08
3.714770588238451394e-09
1.946807175990689493e-07
-1.890592543469952729e-07
-5.272126106394139873e-08
-1.450563110534050401e-06
-2.127220892933717365e-08
-7.913666395998777948e-08
1.150480970226482383e-07
-3.060801700780878414e-08
-8.301905315604963837e-08
2.446757079937361248e-07
3.095393925630518862e-07
5.686566186163244908e-07
5.432955866538693901e-08
6.160162265071180973e-08
2.370447854079335526e-08
2.567479443577896675e-08
3.653823172322859157e-07
1.738568750024874342e-07
9.573531859488626584e-07
-3.752096618049698442e-07
3.633028497789465354e-08
8.518548345122686193e-08
1.562481325199219649e-07
9.372755277134042216e-08
-8.116051218507317642e-08
4.729034481738946663e-08
3.296378484823177734e-07
3.232993741005303656e-07
4.613844465138081879e-08
3.948011521706279429e-08
1.036023196459155049e-07
3.997864192591705108e-08
7.251283179121594229e-08
1.670353010150332928e-07
4.606170780309163250e-07
-1.036851602184550544e-07
8.455027623985730550e-08
5.155884338490008099e-08
1.370074614002181263e-07
7.541226039992909824e-08
2.617688708428488406e-08
1.769306131838140213e-08
6.308135239095026760e-10
-5.600789843402077560e-08
3.465727250151063670e-08
5.872435780906048829e-08
6.263041978094281464e-08
2.137583472481831306e-07
2.247305544123406672e-07
3.310848679640526636e-07
2.606061435319983526e-09
1.498817658484216706e-07
6.655375867277691935e-08
1.620883396109318843e-07
1.279273401172627851e-07
2.001936018326023457e-07
2.232521853139981599e-07
3.681058158482830006e-07
7.588566848049092002e-07
3.425086720160597063e-07
6.323233122062868644e-08
7.680158591222363879e-08
1.434138087251087563e-07
2.845556451131153008e-07
3.471663877656566665e-07
8.015123186956143461e-08
5.750924423633363850e-07
4.113639833091138692e-07
8.397735309699238773e-08
1.099093757792872576e-07
1.241821123275928006e-07
3.541621656819232582e-07
4.242038525755831311e-08
2.569330097966575898e-07
2.064816018751387884e-07
8.307339048386740044e-07
1.175343170946994587e-07
1.482862642163092786e-07
2.504030234786582917e-07
4.036642433147243448e-07
4.649908192866908904e-07
5.191134587813703624e-07
7.669778114410660467e-07
8.254346384167532759e-07
1.874277025939412829e-07
2.840770013148862586e-07
2.487130140213208081e-07
4.376080068321284285e-07
5.059195904543698753e-07
2.231747903044550518e-08
7.636648289839500933e-07
1.425661478959901342e-06
