2.233614257335240776e-08
-6.929359233598096603e-08
-1.319489712656099048e-07
-8.762719561846314499e-09
2.758403023469305048e-07
-2.713024155624461555e-07
-7.247072192064482990e-08
-1.044416255296507270e-07
6.986007028424470489e-09
-3.407738144877343145e-09
-3.810428908911567240e-08
5.523209065968030723e-09
-1.381287164538308905e-07
3.719205598089094772e-09
2.564599472582190275e-07
-8.564249278727823195e-08
3.473574191057888856e-08
4.601845908577481748e-09
6.521295789890940654e-08
4.811040992802446421e-08
2.733989691447349734e-08
-6.067771889593547320e-08
2.631829219924596762e-07
3.306349728756528935e-08
2.879384530793847048e-08
4.366239942720730946e-08
3.611170086207086880e-08
-6.849081300260349897e-08
2.436565892774629141e-07
-7.330515905275715729e-09
1.870149746086922447e-07
1.488932548204729092e-07
6.317924555936764259e-08
-5.520819913980424478e-08
-6.826108156908081369e-08
-1.752054355948914643e-07
1.818528330341988860e-07
3.092587926573763576e-07
1.093552320002335263e-07
2.801155689621299146e-07
1.731599704494467003e-08
3.054515263978988775e-08
9.966707190618904786e-08
1.182433871521890398e-07
1.676943952194545861e-07
-5.954797186058176759e-08
1.983818107410679161e-07
1.080124135281293214e-08
1.393588418045511112e-08
3.221094071383272533e-08
5.100324444644385741e-08
5.268262777313092357e-08
1.407593787453313868e-08
1.329706843696807521e-07
-1.503357254879631197e-07
-3.913859586663457994e-07
5.587248089328358631e-08
7.842400883738386943e-08
1.058633405634371999e-07
1.581458016598969638e-07
1.234580088088651086e-07
5.922786759769969361e-08
-4.061739577124025635e-09
-5.738521299521398500e-08
6.516676310896041684e-08
1.088600130290666280e-07
4.737724143781824979e-08
1.155982819091344788e-07
1.579504232410679399e-07
-3.708473994811256231e-08
-3.274833259050016150e-08
-1.725289314460518485e-07
2.940185777465704405e-08
8.520373522301012130e-08
1.216176819372988977e-07
1.370673890398669828e-07
1.509973466919823452e-07
3.306854409194198344e-07
1.512371377407694482e-07
5.443000011092523482e-07
9.302562496451182577e-08
1.052563899296527738e-07
1.346991306109431620e-07
1.582902485469452110e-07
2.729705846279873578e-07
2.795429438125580269e-07
1.573554615900801557e-07
-3.863800402914359088e-09
8.146706136909429619e-08
1.221186990283768774e-07
2.056858264291138365e-07
1.325294876326882174e-07
1.432686361557922955e-07
1.283512442827809112e-07
3.299343106458632123e-07
4.324535692739833027e-07
1.600500665317154383e-07
1.036591995490281176e-07
4.998284071417459226e-08
2.617350135273391300e-07
3.357360395063462294e-07
3.784833142942011075e-07
4.810829241693145106e-07
3.819752225017906448e-07
1.619161347428638446e-07
1.692525193211662160e-07
1.568434393818970610e-07
1.724389517060873074e-07
4.230947711816080007e-07
4.404756365255776269e-07
2.506779553292456360e-07
9.386562257335876343e-07
2.083961625086324198e-07
3.125954117489050898e-07
3.796489342220017098e-07
2.790746972875356723e-07
4.318543962207714127e-07
5.326928881214726061e-07
2.531328436621965745e-07
4.349807342443705508e-07
