-1.857231040622574393e-08
6.357136010794707281e-08
3.840692587167099857e-08
6.825993191116742820e-08
-4.713550763095814223e-07
-1.260893528406635686e-07
-2.615894321978438738e-07
-4.800926463738020678e-07
-8.920518419633047084e-09
-3.051884744672310947e-08
9.968304701525120383e-08
5.215358879765028392e-08
1.345390465764593293e-07
-1.984032174462333674e-07
6.714710044990471485e-07
2.649480153673077107e-08
-2.572349289167998388e-08
1.200518556442765716e-08
2.934587498062402543e-08
2.575379957931662920e-08
1.792430569843855306e-08
-1.076792782070777546e-07
1.018771493550040722e-07
8.617534281869373042e-07
6.769153607753049986e-10
2.808574824925799002e-08
1.198337141294116601e-07
-6.536971960232530958e-08
-2.258326761390527111e-07
1.481560760058836805e-07
4.682115565606728806e-07
-4.655723610354537758e-08
1.969025048193613077e-08
2.933746354659680156e-08
6.855853000936743769e-09
4.630504132338044363e-08
2.456025802985337620e-07
6.606005007702069927e-08
2.375490519540119428e-07
-1.238140434180920713e-07
3.135096379052079373e-08
1.978790413374136797e-08
9.443360444322218222e-08
1.553676313470713301e-07
1.121806355737442287e-07
2.820258180528633413e-07
3.391986492715743696e-07
-5.050070090721907618e-07
5.338825282972106515e-08
2.392943474337994205e-08
3.536261017677961272e-08
1.182331217191197883e-07
1.432068700976869579e-07
6.826021854377091951e-08
1.004529120422531315e-07
-1.339969117410152068e-07
5.669934802615481779e-09
2.722606067597461809e-08
-1.084726655762575810e-07
3.716597389940875118e-08
1.641016046491924300e-07
3.322447040805468311e-07
4.278892771336448847e-07
3.565078214874443176e-07
3.370669197466064519e-08
3.029604460710687750e-08
4.553975478667225826e-08
3.834228732087269913e-08
1.693386559124979509e-07
3.086522268192689303e-07
3.002844041223580655e-07
4.214103042373420238e-07
5.724691428798023241e-08
5.389665261928024459e-08
1.245968862833037985e-07
1.284647211715517794e-07
2.857786514403450451e-08
2.883980946521159319e-07
5.408260066628755671e-07
-8.208967907148255579e-08
5.931776921790307504e-08
1.248017562295401547e-07
1.652226602547937118e-07
5.355012902526957809e-08
3.119209470765455707e-07
4.131407645909927521e-07
1.819093727359403053e-07
2.498262008406038488e-07
6.789622655491443210e-08
1.178346770080739335e-07
1.132005635001575354e-07
2.528347870365862337e-07
2.488622561409356391e-07
9.750564874216483550e-08
2.764270898090793823e-07
3.405753630049979284e-07
1.268561166261737435e-07
1.969795021008203740e-07
2.521033235961704002e-07
9.472203408364967542e-08
4.112894210590309335e-07
5.540248255981560988e-07
8.644644054103005272e-07
8.525855202793998407e-07
1.141847471169709174e-07
1.777345023840092851e-07
2.492657605039165032e-07
2.350014470826579563e-07
3.282687977603346693e-07
3.774299004140894933e-07
6.290208026397321168e-07
6.051031496286989024e-07
1.183938924214156068e-07
1.993650040443147522e-07
4.452743456505656154e-07
3.329350801163770417e-07
6.137698618996292413e-07
4.852915833160386846e-07
8.226071642452984268e-07
1.384999781382565210e-06
