1.159241108323541723e-07
5.949864039204599018e-08
-7.688687709330733236e-08
2.412049803856674170e-07
3.802630575510820873e-07
-2.505430544352574947e-07
3.234876622847096205e-07
-6.409927242449633635e-07
1.386938207394675317e-08
2.045695203543611343e-08
7.810477486674555892e-08
3.963798380807944902e-08
1.024873265401859459e-07
2.402360606240571758e-07
5.284713534595337484e-07
2.464483281600855838e-07
2.264348328711383949e-08
1.448760725924264995e-08
4.209261390868330479e-08
4.495909598325654416e-08
2.006830631854564490e-07
3.379917360969500894e-07
3.428064479724503889e-08
3.159096025532648879e-07
-8.124996991173806509e-09
-4.088036185314023882e-08
4.173453713949303607e-08
-4.446208306448051018e-08
-2.963217785522173464e-09
2.705216858001533670e-08
8.805599447103544936e-07
2.294368401508270743e-07
7.722280306763433620e-09
-5.439834501749284097e-08
2.866359348811405540e-08
7.929557073253426214e-08
9.219588330361906543e-08
4.214135201033257607e-07
6.316171405374437174e-07
-2.919035545582338755e-07
2.095260248516927673e-08
8.955880356133467812e-08
1.739137473616120105e-07
1.143922939869493438e-07
2.562545011864261321e-07
1.444567339323981109e-07
1.537311565446471866e-07
-7.981068239350416897e-07
6.345902609996722649e-08
3.304512642784866622e-08
9.448936837114002402e-08
-2.754291164262076774e-08
7.616689934276842632e-09
1.648219334939898666e-08
4.083309863261861751e-08
4.750978564791989545e-07
3.275817029410499572e-08
4.125882658509789794e-08
1.458196413453684855e-07
7.795072322553252320e-08
6.117326382856657257e-08
1.110064297749741630e-07
1.480009649626681693e-07
2.444708529768610074e-08
4.249701459989873456e-08
5.021925404622517813e-08
1.390944656458451065e-07
1.884043677226171269e-07
2.463317764338272930e-07
2.045873463747565872e-07
2.948172078308322463e-07
-5.296461083627791802e-08
5.717414498020678178e-08
1.942127338463419050e-08
1.517950932828532162e-07
3.642798365262106332e-08
-2.492940605024000049e-08
3.139248175082070610e-07
1.337765647180252773e-07
4.194564335921469193e-07
5.332476516716384861e-08
9.113804498535037626e-08
1.666762179315091803e-07
1.222616700933653255e-07
2.490914125360035103e-07
6.207065111711898588e-07
4.286812358232284936e-08
5.368418915109681906e-07
8.671695678617777988e-08
8.426992718086945929e-08
1.774972922183208545e-07
2.316254222255738538e-07
2.497424188241439413e-07
2.101645546641159438e-07
4.590494201023471348e-07
1.282449841102332543e-07
1.129509491672639968e-07
7.671447555269663176e-08
1.855647727668040258e-07
1.578744363213040762e-07
4.064264935919046689e-07
3.537514211606217138e-07
9.589451965455716826e-07
3.921402267597747253e-07
1.392484762278932980e-07
1.501852104477273076e-07
2.871658771994906810e-07
2.069984801544451877e-07
4.017142813859478426e-07
4.744636236313918998e-07
3.033689171078641252e-07
7.398648966136259591e-07
2.129059925714077230e-07
1.700664102428773677e-07
3.689029786806695132e-07
4.812790903186672547e-07
9.366060581569331968e-07
5.168330851605423074e-07
1.218383083913718152e-06
1.280642584416302256e-06
