-6.944110804618186509e-08
-6.860499412492807144e-08
1.196488111527737120e-07
-1.101239110509800895e-07
3.412681618100534846e-07
-3.478569031700110879e-07
1.860470464280165013e-07
-1.847989669851018909e-06
2.905942785867819061e-08
-2.520853353382718997e-09
1.258168674149727582e-07
5.486789442157464860e-08
3.531262104546135437e-07
-2.493470313887030978e-08
-4.854775342516600316e-07
4.407778349392051516e-07
1.239741149965232333e-08
2.770539394736106681e-08
2.082343778108596390e-08
2.300432345728808002e-08
4.443703326681223847e-08
4.174737990228437196e-08
8.086133701901156796e-07
3.690714195601879341e-08
3.649167450819312199e-08
3.024089291257629509e-08
1.706718424339119143e-07
-2.181682141424596198e-07
8.646454442478521043e-08
-3.664949257722222758e-07
1.406308035501590799e-07
-4.959920133654427627e-08
3.394391793479805375e-08
-6.781810236812237667e-08
5.811775075274077410e-08
-1.971041727857759525e-08
-1.492069351201802338e-07
-5.112477830458908224e-08
1.383265196837000810e-07
6.208892394133434908e-11
2.560013987866291336e-08
3.888944991843762540e-08
-5.105768136484430187e-08
1.577085413583813097e-07
-3.802084315302360215e-08
-2.399123441966351137e-07
9.965380417713506753e-08
3.594565252791753739e-08
3.197350333355980383e-08
3.683137849130489307e-08
1.060474500006104207e-07
8.169862829577540482e-08
2.120951296614266533e-07
2.696825551438595139e-07
1.022197259584734787e-07
1.734191767460035184e-07
3.898764950377675833e-08
2.140189456678742272e-08
1.429763828659991584e-07
9.731682062536415301e-08
2.531884282618587744e-07
3.805491490293836653e-07
2.892456513257664092e-07
1.475842074431437520e-07
4.146982614566134846e-08
5.338360234935613410e-08
3.513048716157364298e-08
2.025588838471701202e-07
1.780826894760795042e-07
9.941757609289625508e-08
3.606408793560199031e-07
-3.923631397951019451e-07
5.643180311864553819e-08
7.839941145607543554e-08
1.310483994669664197e-07
2.690478087466483528e-07
1.693541269355445048e-07
2.408724900613331183e-07
3.476435119064770699e-07
3.238052282621283083e-07
6.202724709772952273e-08
9.346044082980257566e-08
1.458210696532948911e-07
1.033419049405268118e-07
1.708307510843268676e-07
1.402205722133706745e-07
5.295744855234306407e-08
1.989304609332080904e-07
8.044846156669735950e-08
1.376263534382238518e-07
1.751435751918672199e-07
2.200239516563130696e-07
3.248320092556667435e-07
1.662162720207438021e-07
3.764227892705593541e-07
8.036893261941905178e-07
1.184312116958228568e-07
1.352901120332307686e-07
1.234686695208629749e-07
2.359618056228797725e-07
2.623741830672303479e-07
2.518948442849602104e-07
6.166000548142510117e-07
3.416609037440502548e-08
1.357308807641734590e-07
2.173572603017089756e-07
2.916046638930718528e-07
3.403004424976948663e-07
4.510307878319527222e-07
6.359510953841902975e-07
6.721784328467440073e-07
4.982280812303283314e-07
1.724472175041643354e-07
2.217294343645784645e-07
3.411798927556848052e-07
4.304807054445494040e-07
4.463263493851241142e-07
9.863508935520431865e-07
7.208356007901167951e-07
1.155618321904646082e-06
