2.258661997632478755e-08
-1.186832489511186729e-08
5.026492994334617945e-08
-1.379210713091009580e-07
-9.179919052157256912e-08
-9.113139923674783630e-07
5.486582463233621143e-07
1.539949140493899643e-07
-1.267526357227939658e-08
4.175298934093604185e-09
-4.256362902495425306e-08
3.814355519445230258e-08
6.748310325573123684e-08
3.471715570819879995e-08
6.608200469863526803e-07
1.796456398064452528e-07
-2.021535053609412554e-08
-1.281260984164073692e-08
2.245200582291783628e-08
-6.467529037664425930e-08
1.493411177328869606e-09
-1.755505907378986049e-07
-2.380415637513899156e-07
3.921142625133776007e-08
4.602875046424155086e-09
4.816484846024481419e-08
-2.122006534366172615e-08
6.344442319722907542e-08
4.479025614330058562e-08
-9.540400353907299257e-08
4.431470715017085305e-07
1.467471980263521883e-07
8.664740762908690542e-09
6.465605485435769518e-10
1.252946545898976204e-07
1.069272079525284772e-07
2.258033827088493452e-08
1.032551020899730108e-07
5.491483682794526598e-07
7.916720811357408673e-07
1.796212735339265716e-08
4.168262206241901795e-08
1.676609635977889031e-07
8.062325627978956294e-08
-5.277794585812943308e-08
4.504627734539053941e-09
1.333187518110970725e-07
2.871533685596951934e-09
7.882707076737036960e-10
1.807649941110694409e-08
8.456371997757414641e-08
1.355535090979222395e-07
-8.127474219806971653e-09
2.251353408722291068e-07
1.445538624473395012e-07
2.525241682253434997e-07
5.718863317417521512e-08
9.852387891123232402e-08
1.394582328000193347e-07
1.300811209381012153e-07
4.623768108460927513e-08
4.160245986146200161e-07
2.510713763210730792e-07
3.378363016798475314e-09
2.288809264552462876e-08
5.663387989433759388e-08
1.879152250375103986e-07
8.747238531711044547e-10
3.389426618166327305e-08
3.650805759616461983e-07
3.334205743103167090e-07
-1.326358668479934174e-07
6.402735515418029759e-08
8.467053864558125771e-08
7.240962631167175952e-08
2.950086085008354664e-07
5.419612990629858109e-08
1.910740863572212449e-07
-9.996597317007290454e-08
9.640929873557179267e-07
6.950762833509243114e-08
1.489339982384584836e-07
1.796390814029045496e-07
1.647863014894391262e-07
2.335362456868123999e-07
8.610768415038324626e-08
5.189098193496517705e-07
6.401040453656960757e-07
7.497325372727888355e-08
1.102044987595053455e-07
1.821425674646572439e-07
2.708196568006450376e-07
1.851185871015788534e-07
3.200402458856288384e-07
4.215343452678888623e-07
9.616948253528614423e-08
1.421993058726679854e-07
2.209539572189040820e-07
2.150525297012491791e-07
3.570794761048197154e-07
2.160759670225570645e-07
2.435136568212363095e-07
8.579400033910164837e-07
1.319520988192581553e-06
1.713195478753552137e-07
1.173802452251202460e-07
2.510243598654556131e-07
3.979047043164917433e-07
3.490102705466220185e-07
5.250709575779883436e-07
4.140580068903839971e-07
8.073605809461932258e-07
1.905811161877254520e-07
2.370233054311522231e-07
3.519951349080156197e-07
4.547123341729152344e-07
4.724338435210112562e-07
6.114894676894712703e-07
4.774616976547806651e-07
-1.313417404695485013e-07
