3.774377990086305180e-08
1.879221773544018810e-07
-3.431131231786397841e-08
1.109463974453364928e-08
-7.866171767853637195e-07
-5.432237004569490143e-07
6.686799496917849931e-07
-6.579807762606901942e-07
1.063384209563948639e-08
3.373326187118372157e-09
1.754899858032358285e-07
-1.011515433989865993e-07
-1.690509162990681522e-07
8.442232017024950232e-08
2.035076935272752532e-07
-4.336267324527079848e-07
1.007484820308307301e-08
8.777802890326904544e-09
5.051648969007725331e-08
9.397411236528677106e-08
2.005865511829351951e-07
2.642153513801406475e-07
6.806680879374686056e-08
3.117004164716735711e-07
7.192667682116441090e-08
1.097398771044873167e-07
2.948176667125996925e-08
1.295474185075153508e-07
1.810982932817174959e-07
2.353632700123502843e-07
1.321773270489734082e-07
-4.718664563730444385e-07
7.498600499195347704e-08
9.351146282742175662e-08
1.233045209120744737e-07
2.559770982207857432e-08
2.437134266947600775e-07
1.358688170509342700e-07
1.135350485970190689e-07
-2.667779882484340400e-07
4.285222587161680909e-08
8.899095918354154714e-08
1.039553367054774576e-07
7.442338165068530674e-08
3.323760494428758652e-07
4.206233120759387411e-07
-1.522840202278491980e-07
-4.153873065299969432e-08
1.785912002135556987e-08
6.073750667596329366e-08
1.019702442612000306e-07
8.007738354736699344e-08
7.568529971260213998e-08
2.105501069584738992e-07
3.504201706339923738e-07
2.486708293139422324e-07
2.713591575865770346e-08
4.160294265922429579e-08
1.029800636905677009e-07
5.083867676275067301e-08
1.514038410137947547e-07
1.167295838630481795e-07
2.786756895609582468e-07
7.378479330428991209e-07
3.294147081171743176e-08
5.239135768492095962e-08
6.765401033437797019e-08
1.285094280481171296e-07
5.903802795175331896e-08
2.229600343315270778e-07
1.893685326202414931e-07
2.622733699026369252e-07
3.425754901007521200e-08
5.813057581559937563e-08
1.497949005538281319e-07
1.174474853411180136e-07
2.710340569901173078e-07
9.653934282728634435e-08
5.139217847701431063e-07
5.244295656300825062e-07
6.448193978030601940e-08
1.012392601734710118e-07
1.620237695075647783e-07
2.305394547150949956e-07
3.631416530307249774e-07
6.433469500175058426e-08
1.782530472887361542e-07
-3.072822929949443142e-08
6.745091180771503544e-08
1.367292568618614321e-07
1.820475622434488787e-07
2.159459230818540666e-07
2.277232380773527661e-07
3.573721573818710061e-07
4.572722847467751014e-07
6.464131133656617864e-07
8.606695535569056968e-08
9.006332492836611088e-08
2.841410441629155945e-07
6.649828607146784522e-08
3.053716249767690156e-07
6.041890245927615634e-07
7.437486964232122902e-07
1.180522831647944932e-07
1.077297518307263016e-07
2.215695938383625302e-07
2.554567799960109563e-07
4.372131763108103908e-07
4.298742997288040367e-07
3.736569714508315353e-07
7.887226518254317732e-07
4.533699026620825135e-07
1.519701952514282535e-07
2.715929237523257971e-07
5.288158657609395410e-07
4.736418623763876425e-07
5.828243781076584960e-07
5.245588355057083050e-07
4.613445643077271883e-07
1.588819696053447797e-06
