-3.160405268998857835e-08
-8.411081009626666118e-08
-1.544182823938865504e-08
1.256206205813896524e-08
1.953065362977733746e-07
2.255840283366255170e-07
1.139843324152896126e-06
-8.250671661504722058e-08
-2.754279010004797462e-08
4.542016286364015093e-08
-5.672511912124638216e-08
-8.604735885400069766e-08
3.255126197857444809e-07
2.878230562983317940e-07
1.666323717881443864e-07
5.257311717976428757e-07
7.308290942340186854e-09
1.941472251179733066e-09
3.009809368609618678e-08
-9.771727518212503310e-08
5.322719856739273005e-08
-7.367324541039608153e-10
3.885079766177393743e-07
5.109897190876240080e-07
-1.206834424783704742e-08
-9.920762101184365703e-09
-7.044518233685575684e-08
4.861107437349770381e-08
4.191306640248387861e-08
3.017617353582026274e-07
-4.203673124079935245e-07
-2.238383388964919728e-07
-1.879063296247710693e-08
-4.075941336754440133e-08
-1.309403777223557037e-08
1.553666741706338867e-07
-5.652910865656098342e-08
-1.468974890218501368e-07
-2.251712646865498795e-08
-8.134412623722776064e-08
1.995095381419034920e-09
6.067415511233440711e-08
2.882808829064210092e-08
1.184183760615500687e-08
1.532552195855790014e-07
2.264211864247413621e-07
6.650165461396624710e-07
6.719161927579939568e-07
5.205906377451288481e-08
6.071281382217956365e-08
3.085891076504055800e-08
1.041287381894317269e-07
1.287070035006397234e-07
7.922930377312662425e-08
-2.040008717283730645e-08
-1.344901211270464692e-07
3.997473651370606114e-08
9.144411868098615305e-08
8.785908793864642020e-08
1.921745394827619886e-07
2.538667869779755827e-07
2.548695880476601546e-07
6.943495355884718002e-08
6.224625475948572144e-07
1.381878522756747860e-08
5.079860045736976863e-08
1.596656518033508226e-07
9.735241930956423958e-08
2.241476894316158952e-07
3.206760019031149285e-08
1.761415689986142688e-07
5.755010449292003447e-07
8.303441434380861580e-08
9.070588837010480847e-08
7.213134287151699939e-08
1.450002536750764240e-07
3.411793218913648125e-09
2.190501547414794556e-07
3.790956313731550513e-08
-7.213116350741835095e-09
7.141008186840616092e-08
1.084651281717696260e-07
1.684066258308658114e-07
2.183671446558828421e-07
1.947743587906891850e-07
1.728633787200533900e-07
4.330067498635415104e-07
3.218425551793951519e-08
9.244220821400789179e-08
1.561498134742078902e-07
5.002289910396949741e-08
1.420321129839815718e-07
2.899149865535277339e-07
5.332362322447646415e-07
4.546475339118930220e-07
3.066055771453045980e-07
1.672740253540235920e-07
2.563854434472649165e-07
1.169278282460503504e-07
1.961578169085102772e-07
5.999036894117111701e-07
4.581718959154739218e-07
8.051964966136842957e-07
3.752574994885362249e-07
1.438238090456000716e-07
1.913264375496595045e-07
2.080216116540929237e-07
2.660342786414770176e-07
4.677872163885875824e-07
5.821806469113340803e-07
7.927523500416353779e-07
6.123105661998098281e-07
1.660407907892055615e-07
2.664092092576837848e-07
1.642920891085452389e-07
5.166290302049818836e-07
5.970047027873635746e-07
8.639485166507302234e-07
8.237067876046987271e-07
6.829628196870346482e-07
