-2.594510700968114595e-08
-1.152201123504222995e-07
1.755250992305860523e-08
1.486476758526424306e-07
6.351598804294185125e-07
4.349684579375824611e-07
-2.671732662950538869e-07
5.879721476981823614e-07
2.041192304142514189e-08
8.885916173829255172e-09
-1.150156628086907441e-08
2.044281011688450049e-08
1.290867500815929859e-08
4.271992643776030965e-07
-3.088773783972771549e-07
4.233506310335067193e-07
1.968527933211336684e-08
-7.314006426400452505e-09
4.986652483272481336e-08
7.718968227524635015e-08
1.442134102402155336e-08
-2.677725883468416609e-07
-2.593225932699914390e-07
-1.236389589949331512e-07
6.624241859701780505e-08
4.836400223156426211e-09
7.879354383434751109e-08
-1.392767370822476230e-07
2.152488072342376561e-07
-7.343613681222341388e-08
7.190737108929709892e-07
4.475913411672062563e-07
5.271397142197043212e-08
1.605529643564984230e-08
-2.648253372887815059e-09
-1.225473991622294248e-07
-9.873271024773622093e-08
-3.569793396187458108e-07
2.414372787525009428e-07
-1.591314790129389985e-07
5.174729755212292080e-08
3.613542208354697680e-08
1.604783268175845572e-07
3.944122948322358700e-08
-4.924254529319193490e-09
-2.702881811999833004e-07
1.577489721297555706e-07
-3.629326933451357599e-07
4.595080806560519390e-08
2.633375464986884370e-08
8.961773204957232145e-08
1.693922607945043604e-07
1.746887715621802933e-07
1.563209546955255198e-07
-1.246308673266941690e-07
-3.262835578499991174e-07
6.077846163335850492e-08
9.279757234178366133e-08
8.938447825213030370e-08
8.954564541020918494e-08
2.723197432326269714e-07
2.839675517229082408e-07
1.445031921124912316e-07
2.309259801515049381e-07
7.054329978894999005e-08
7.099637957453012079e-08
8.660081550590584602e-08
1.116496783168924895e-07
1.806317311728129087e-07
5.043157457203837628e-07
7.356090243051367509e-08
3.281197427782674441e-07
8.258810861803644460e-08
7.923197773093026059e-08
2.237106485622390605e-08
1.607187362553274874e-09
1.446443408252789944e-07
-4.568896206655458233e-09
3.378283739281056759e-07
1.077753411836750984e-06
8.474071567154752269e-08
9.023679024432484892e-08
9.982570967424014496e-08
2.449416745359664030e-07
2.007991185417354872e-07
3.630464636202060928e-07
2.211259575044004906e-07
-1.168516671186507898e-07
1.166378280398662939e-07
1.085807649624315667e-07
5.466741008085972466e-08
2.248489092096677509e-07
2.477757079014375068e-07
2.672546702199674293e-07
3.875758846797975996e-07
4.430089924037303042e-07
1.012924568902979653e-07
1.695528901308347812e-07
6.339299118294565446e-08
1.635551555855444971e-07
3.109735879705952812e-07
3.081022238191032832e-07
9.637900438502539756e-07
6.370308503016550019e-07
1.520168346196442897e-07
2.048967564797070776e-07
1.664633073404608449e-07
2.916990757143004800e-07
4.905758356769132838e-07
6.810745562233542831e-07
7.846631670452014767e-07
9.323933368222823578e-07
1.841490608287166234e-07
2.386059562363327125e-07
3.072011450797459507e-07
3.781466216329066772e-07
6.179278551693481206e-07
9.289465585959872293e-07
5.538598578599052757e-07
1.373551567339733091e-06
