1.226582765522994763e-07
-4.000776920836143531e-08
1.333557834830109496e-08
-2.827252864364250546e-08
5.946062194691913467e-07
-1.504954398114017416e-07
-1.791332258253297287e-07
5.412235026768135467e-07
2.185142908540469362e-08
-3.920902062491389971e-08
7.987872148279433127e-08
9.149696526611794677e-08
9.403863641968991193e-08
-1.195566007073329494e-08
-2.331982789301408528e-07
1.630438982430118083e-07
1.237711320668830643e-08
7.999453772066374182e-08
-2.459044786846358959e-08
1.080345106709367003e-07
1.849025127184563185e-08
-1.206738897887955743e-08
-2.825807075436854120e-07
1.307918266017873968e-07
5.952970023735764508e-08
6.534119583057120127e-08
-6.778429151964970056e-08
6.079397139814293563e-08
6.766154596980548055e-09
4.037375352343211225e-07
5.215454315974520864e-08
-2.717302834169446952e-07
7.012972153594875545e-08
-3.983942973266310907e-08
4.223375752095677301e-08
-1.848846693549163816e-08
8.251628930130633367e-08
1.657469521928649218e-07
-2.360011577582118123e-07
1.830052928255946661e-07
3.696873504605892191e-08
6.408850365643188227e-08
5.855556953436838677e-08
5.085577451655898275e-09
-6.287019089815141954e-08
5.861968867279713639e-08
7.417369447281817329e-08
-3.833935419706554218e-07
4.214257572978376389e-08
6.690050019038191522e-08
8.885864146171474441e-08
5.365605449638284506e-08
1.596944081196778921e-07
4.059705845247862794e-07
2.207477030917049158e-07
1.298290838240937605e-07
2.556710079951323294e-08
4.524037849614144398e-09
9.799193052846703790e-08
8.473751287370596590e-08
-7.263471786506002591e-09
1.251215773368625426e-07
-7.415688164785239402e-08
2.292800051678147670e-08
3.365285858534195083e-08
5.448689500452586222e-08
9.567158074119088302e-08
4.223256134351048025e-08
-1.347162420234043718e-08
2.125243624921072899e-07
1.411368254835134342e-07
4.077618306900864912e-07
5.779648698987907785e-08
5.031622703511603544e-08
5.041463108646549049e-08
-5.665171953234549983e-09
-5.901166066897403215e-08
5.693721342497047116e-07
4.259290051529768967e-07
1.470903290457938614e-07
8.285279954286473238e-08
7.635090081415312782e-08
1.234476792317196088e-07
7.447469760369297736e-08
3.047804070983000802e-07
1.989871887280303511e-07
3.961783395052687597e-07
2.399067716638602942e-07
5.926489958322751950e-08
9.315070207097625472e-08
1.368121268861770677e-07
1.641447909038794701e-07
4.794061670131862336e-07
1.993557841271160997e-07
4.413273731279514156e-07
2.961357629665042272e-07
1.014713438735376630e-07
2.006475708338593479e-07
2.815290009949618840e-07
3.855243481007898501e-07
5.823332510640972476e-07
2.915003566856041945e-07
3.315902141095822426e-07
7.928314613571139002e-07
1.301794541108981556e-07
1.540979586992797635e-07
2.689175059900407531e-07
3.337303146761192070e-07
3.507027135384002719e-07
6.726309183684874463e-07
7.757555923175083984e-07
6.660303016717585063e-07
1.121516328005588691e-07
1.671261891822100561e-07
1.879140946410261646e-07
3.138497662854605516e-07
4.397896496579919686e-07
5.955482888678408338e-07
1.089566030488665305e-06
1.291781529578711205e-06
