-5.062017792994041913e-08
2.372611051197269886e-08
1.782264303076807959e-07
5.395400975685493529e-08
8.877037029308860560e-08
5.982516846633828579e-08
4.623240359239812309e-07
1.064068041598633878e-06
3.246671323193647405e-08
3.772569935313699884e-08
4.509789748810553651e-08
-4.662107533825771566e-08
8.431425897563478921e-08
4.198451755521415878e-08
-3.145957761914708993e-09
-2.229717678695410428e-07
2.062970286233761276e-08
2.191176655474705599e-08
-1.980231403448546918e-08
-9.131607798488968689e-09
1.532675443112565567e-07
-1.400633178626096847e-07
7.889787146326945506e-08
5.424738924589854981e-07
-5.493363886421021411e-09
1.857273507534545523e-08
2.090048310703207946e-08
1.905637318814731103e-07
1.175836004548176307e-07
1.834699630462513995e-07
1.539466545448096702e-07
2.678105750596553479e-07
4.605057068411906566e-08
4.648362660947903780e-08
4.675570259517128329e-08
-3.565344377093214623e-08
9.002009457871244916e-08
6.231808546012201479e-08
1.151240450475061441e-07
-1.901299239555054765e-07
7.191041211954236767e-09
2.001535991023160029e-08
7.589123775811154809e-08
5.159385262634584938e-08
-5.002755895072864080e-08
5.994845717921482595e-08
-1.087030467277787804e-07
8.348368426942187363e-07
2.361675296435519557e-08
2.888204298867842920e-08
5.547011195735837193e-08
2.274149672016562187e-07
-5.096967588815745375e-08
2.485258447279577186e-07
6.475275642230391868e-08
-4.397268846232778719e-08
2.171145934479147034e-08
7.766513413010432421e-08
-1.272073172103540884e-08
1.093920319287974192e-07
-2.115302521042867525e-09
2.567430209895905027e-07
2.134943297112269585e-07
-8.314036215125544591e-08
3.336305669120249966e-08
8.698839298539411525e-08
4.027629082300272438e-08
4.704891751333654547e-08
-9.331582963434231414e-08
1.608724863612129674e-07
-6.682952150764855685e-08
-4.860158015830212697e-07
9.439392742420965557e-09
2.435218720477693369e-08
6.434568799731383923e-08
9.124612379008818426e-08
1.393485075473740757e-07
2.854290586147841957e-07
3.467456857225596779e-07
-1.014393474206544559e-07
6.442276423907926941e-08
5.246676949480453173e-08
1.114885371516337351e-07
1.799680339606149050e-07
1.250246569999386921e-07
3.699887648933814878e-07
1.327239877887352399e-07
2.449433039639798604e-09
1.074254610811596154e-07
7.704916535985351065e-08
1.117504188395282344e-07
9.068543709247961776e-08
2.433062542900393707e-07
4.439963388836282739e-07
8.209901549339535866e-07
2.469577908647430424e-07
1.826243925360583273e-07
1.688763634216942439e-07
1.547226548256015751e-07
3.596063009350453355e-07
4.449727200786647045e-07
8.271600876800241504e-07
7.857612726964436959e-07
-4.700654483730374175e-07
1.776882574582873897e-07
1.813819818276641225e-07
2.246542719893280749e-07
3.431464579751048164e-07
3.358965335087095719e-07
7.769849930737840011e-07
9.545140506391652016e-07
4.877510119219522419e-07
2.106930545308626830e-07
1.743873997652518665e-07
2.211050018492152985e-07
1.394826089495891155e-07
4.763241018976241274e-07
5.245930237949557952e-07
8.751685587127678270e-07
6.707684610467543587e-07
