-4.749426329148452917e-09
2.446371620637834214e-08
5.788251086600531948e-08
1.025074809646486867e-07
-2.341720423325766946e-07
-9.597572915235312449e-07
3.575522973145616626e-07
6.600549806160255661e-07
6.420414769135977705e-09
-1.783616587976358216e-08
8.105973476389355377e-08
-1.076791293055563483e-07
6.452002528609758322e-09
-1.490455364656182274e-07
3.368461547173028372e-07
9.240954815340276861e-08
-6.396840848988534166e-09
5.098158938257445868e-08
7.863448279733199472e-08
9.006064029053102305e-08
-1.185919812160561925e-08
1.769608413602601039e-07
1.010755741575192640e-07
5.091870373084100105e-07
-1.428289929481042492e-08
5.116970679036862008e-08
3.048516532587646554e-08
1.629451340375709841e-07
6.164225800645302773e-08
-1.462045286402302631e-07
-3.256779465616363153e-07
-5.906268973134136873e-07
5.463019625470209563e-08
-1.722756668292975130e-08
-1.166850363958215805e-08
1.277788784033397283e-08
1.014131005746119065e-07
-4.430335060460667370e-08
5.853627961545329819e-07
3.310412742256452832e-07
3.631443541098604375e-08
3.380000066433648853e-08
-2.154295003536831105e-08
9.435590749325421302e-08
1.751744535494790671e-07
4.157299091641616209e-07
1.884185890147051067e-07
8.665613106795883369e-07
2.269381570087810887e-08
4.460283093714196440e-08
6.485897989671278144e-08
1.608784110907873223e-07
1.495650308066297462e-07
2.472631866542853806e-07
3.689375778611262706e-07
4.091727270241500703e-07
3.031505634813414961e-08
2.625068448828355072e-08
-4.951129807233748205e-10
-1.738650968004136894e-08
-1.001197485808630724e-07
1.603825956110931382e-08
3.601308655521318594e-07
4.446479485362695512e-07
4.040948961688221893e-08
3.160126326700711952e-08
7.248237485943302677e-08
1.568827585028346620e-07
1.104201386637843337e-08
1.489158712449963557e-07
-6.838400754525314500e-08
-3.813187428941925309e-08
4.509416842881565132e-08
4.784589114591770284e-08
5.741868703571859422e-08
9.042069797079173890e-08
2.292268308637005280e-07
2.593238541039440449e-07
-1.055358125147737180e-07
1.156097648587026311e-07
7.178538358241251272e-08
1.120551112339597501e-07
1.482137866030965616e-07
1.152440042745871678e-07
1.359544823204992967e-07
1.629735419483936644e-07
1.519996623241351858e-09
-1.328176174834292106e-08
6.978305275386742309e-08
4.789686837447826178e-08
1.386197040005662860e-07
1.942216526655151220e-07
3.194809828621852167e-07
1.688232583220253947e-07
2.321699464805761696e-07
4.782308851800231373e-07
1.180825690661657380e-07
1.133039786837006887e-07
2.071248637949335417e-07
2.617926087929254896e-07
4.579169659598827388e-07
7.078043350640674287e-07
2.539275569291261363e-07
9.584233725937695450e-07
1.587301301253128213e-07
1.377189144929357963e-07
2.630276249171565852e-07
3.919291781342276955e-07
6.065614393409906147e-07
6.559974717676187205e-07
6.939153050812831591e-07
7.674336312529757863e-07
2.037443640561217277e-07
1.876178698208623101e-07
2.816260445267527012e-07
2.562587157989882761e-07
2.754133516059322007e-07
1.074114365022461123e-06
9.535430521443455918e-07
1.717411466880068021e-07
