-2.891997783424761308e-08
-8.250341243950049486e-08
-6.766656665394634109e-08
5.034759071816989250e-07
-1.445172408153030997e-08
1.475299619204058949e-07
1.181857843416189566e-07
-5.826759123091862106e-07
1.573340770465472589e-08
2.812720084070567920e-10
-4.749759215843969177e-08
2.115423787723663550e-07
-1.963108749751507532e-08
1.686622188425988639e-07
8.974159593665702408e-08
-1.074093382893817400e-07
-1.150905173764073363e-08
-6.330636933194675898e-09
3.646035059000593055e-08
1.189414812968144041e-08
1.264002767319094326e-07
-3.906506964339670645e-07
2.852599417357292701e-07
1.148752741160669951e-07
-1.433756211683087234e-09
-2.146654148313001604e-08
4.016700426733084383e-08
2.257789896532594163e-08
-4.916617063963653928e-08
8.067170422691060502e-08
3.274012993560356159e-08
3.883576474241466189e-07
1.937748321725915383e-08
2.120101285134152550e-08
4.870384680361790406e-08
1.890230361909898719e-07
3.234226484173775401e-07
-1.277070539504285919e-07
3.083775038211553039e-07
2.914299665332320611e-07
6.586278619692983005e-09
1.371235387068755726e-08
3.666596909115604361e-08
1.057491867551204386e-07
3.178915748101491509e-07
-4.141100307223791815e-08
7.969666600949036389e-08
-3.510986527495846599e-07
3.453206827413434817e-08
-1.484334468143081930e-09
-3.357296401532227747e-08
1.088268113484730487e-07
2.692884513326706454e-07
3.427890155610087026e-08
3.223168390459237559e-07
1.249277878038663883e-07
6.466120517704652383e-08
6.644273058838858609e-08
1.062101339803038957e-07
1.609249441424838346e-07
1.110101146098798051e-07
3.167493151591128404e-07
1.205563973184942301e-07
1.227670436757207460e-08
5.156968844643592557e-08
1.119237380115519869e-07
5.722812489745652857e-08
1.291270964271310209e-07
7.443146516046853161e-08
1.482380412030292150e-07
1.495607700708501878e-07
4.798733737034364326e-07
3.899806439689266978e-08
1.689214354570327839e-08
1.443867482937747631e-07
1.807108802394024780e-07
2.785755235518772322e-07
2.946147610224408422e-07
3.418384717833913995e-07
3.614388489521856713e-07
6.082211125820591640e-08
8.308115639722082353e-08
1.407683646954982539e-07
2.690355171028476629e-07
2.673910846321530522e-07
2.725928076049357894e-07
5.074333759566561089e-07
6.782281857621637262e-07
5.666680659243106084e-08
1.269687939002472566e-07
1.852634620902858418e-07
1.677788582960110134e-07
1.127808234728970410e-07
5.162245116115765334e-07
5.749739263534536871e-07
2.902957037507603229e-07
1.342668329609086058e-07
1.353290210648340231e-07
1.537953454315385796e-07
1.686594170473600264e-07
4.022403363394941225e-07
8.656724339207714865e-07
4.129097337695430319e-07
9.581013105110197123e-07
1.337021555070179029e-07
1.649857010241146771e-07
2.001631085164538667e-07
2.942998511623719514e-07
2.246562382582041899e-07
5.337844529701828646e-07
6.540815543275633276e-07
5.870973485578759876e-07
1.198892956450929146e-07
2.133311055733811693e-07
1.756616343220215158e-07
3.789657971817135133e-07
3.273400745017065304e-07
7.028309934144875820e-07
7.463098010069336363e-07
8.211660356871653290e-07
