9.716370461863417314e-08
3.351831016176354216e-08
-1.776391273585134753e-07
1.874144765078399198e-08
-1.110035849266449708e-07
-3.422570545013406989e-07
-2.368609134417021068e-07
-1.548932681093126797e-06
3.403296010483764332e-08
-1.172752090744873859e-08
1.417150866927441122e-07
6.304798333547270698e-08
-8.287221589092847254e-09
-2.757466805373932156e-07
-1.375226962608088187e-07
1.762381954219186640e-07
2.507888669645245832e-08
-1.459011230120184845e-08
1.003840480738295849e-07
8.803425467949419873e-08
-2.102632395356574965e-07
2.288164184795273047e-07
5.808866404928356878e-07
3.756263467589581594e-07
6.872565784884053141e-08
4.443133817748330453e-08
1.609875805471001660e-08
-1.383286630812174655e-08
2.719877054042145270e-07
6.632159851203308500e-08
1.558052706569113577e-07
1.901660490149201439e-08
5.125936023444846761e-08
2.971153069337842177e-09
9.182883449533312948e-08
-1.479570905215878159e-07
7.058359283439873046e-08
7.910158952527201780e-08
4.906661683406504017e-07
5.116915460570828683e-07
4.824458564735867730e-08
1.569503864737641719e-08
-2.496756736874326668e-08
1.155040403874079878e-07
8.893898567495194230e-08
7.441331683891424316e-08
2.775315563879569757e-07
-2.091970645289749717e-07
3.389566733084611700e-08
2.826211743266524618e-08
8.371394597151607569e-08
1.369468208775905319e-07
9.916224265816670480e-08
2.635719748069616558e-07
-1.064583032473643521e-07
1.491964068505734375e-07
7.857184646692460363e-08
9.318166424838427792e-08
1.015948309645696705e-07
1.412014905393955296e-07
7.574957070795737871e-08
1.778136982613357333e-07
-2.811869486513944209e-07
4.526162371741508150e-07
4.030935687770885572e-08
7.398353338704161627e-08
1.209426873090049009e-07
1.542580662865610185e-07
2.002909246732677832e-07
1.710215729446736812e-07
3.002253117385323346e-07
2.480202949928540907e-08
7.869209009960330213e-08
7.611528360945584706e-08
6.337632540210571632e-08
6.692985612728787436e-08
1.349833655056115544e-07
4.531451578521245278e-07
3.290585496482535189e-07
2.894562930808336235e-07
9.735047267867399176e-08
9.876806269305333046e-08
1.011900159194918874e-07
9.793996650307097066e-08
1.773705826127324105e-07
3.419726559393769889e-07
3.282971929422180363e-07
2.933641907784539107e-07
9.385790018442988376e-08
1.126110759823189410e-07
8.100561185319692113e-08
1.112484660632729915e-07
2.181581017823431182e-07
4.967187004489536269e-07
2.951053082460029584e-07
8.615440664818191309e-07
1.449116317157306170e-07
1.285435771223438940e-07
2.062156462291964595e-07
1.675461587808665460e-07
4.451634948382188474e-07
7.431416265471110129e-07
7.183447742352077802e-07
6.944440915815875723e-07
1.586725946404111881e-07
1.644599918473596889e-07
2.756021548912604926e-07
2.912676312973045108e-07
4.649390392265660545e-07
5.134600639039079375e-07
5.619914685811383432e-07
6.071278831934136285e-07
1.604597618766191220e-07
2.292934834496988897e-07
2.362805978726806455e-07
2.830631881545814667e-07
5.762680022129185293e-07
8.812776388579862700e-07
1.052616308223729948e-06
1.015029006374906521e-06
