6.020868631013711919e-09
-9.051288997759266579e-08
9.752264511616679858e-09
3.249107363682119839e-07
6.939205374219194443e-08
2.464535854755051535e-07
1.551310733927951591e-07
-8.613408350816164092e-07
3.702079174323068811e-08
3.652282496658511537e-08
4.036544382369958183e-08
-4.954098758212747517e-08
1.210890869271185633e-07
-2.346586533080443587e-08
3.158438712883381822e-07
-7.216729523453318825e-07
-1.090704287670470643e-08
-3.630702137727340358e-08
-7.320989709825813999e-08
1.175277056922748337e-07
1.313769501843137371e-07
2.352095212556920981e-07
-3.376360704404847364e-08
-3.444334569135212858e-07
1.398630852020217689e-08
-6.534557499311436509e-10
8.513015342789820924e-08
9.209983028898141294e-08
4.597085963729187298e-08
-1.959439220357356640e-07
2.313896640339194954e-07
-1.343014129800300025e-07
-4.257670841785446626e-08
6.406968147077046135e-09
1.182762746515224644e-07
1.536139666830602039e-07
-1.069808462922369356e-08
2.354952312410480236e-07
-1.768818706944123143e-07
-6.057597035656130803e-08
5.112134674432996028e-08
1.574154426770985825e-08
-9.289967844531609868e-08
2.131031080304256556e-08
-1.589857895681691015e-07
-1.245324382285811784e-07
-2.166473561721538237e-07
5.597760977244064295e-07
3.726573317759520295e-08
9.695754963541192207e-08
1.052046556636281596e-07
1.388031884085202012e-07
2.323783590550477680e-07
3.663414652831423129e-07
1.227307422731835899e-07
4.054118572420175772e-07
6.937206764186653153e-08
4.233081113357428963e-08
7.882576999620151387e-08
1.326461629037441199e-07
1.235601182790660231e-07
2.623250328292928200e-07
1.434800597159237488e-07
-7.308162014431553151e-08
3.977727886186421826e-08
7.655982790125437147e-08
1.521164962808468329e-07
1.098398105288296634e-07
2.029982614480335208e-07
2.615212863472100099e-07
1.998820280160104961e-07
6.275602776645648334e-07
4.135894871526991474e-08
7.611993759674832255e-08
2.101741705429696866e-07
1.058326743536449648e-07
3.516919653838646667e-07
4.353870753738733685e-07
7.336903051536075674e-07
1.881124423857558234e-07
8.435993364051701472e-08
1.019318582401605124e-07
1.554203289107939314e-07
1.201335260516198918e-07
3.042828633098707298e-07
2.026931413596633805e-07
3.243394480670330896e-07
1.749721507288302951e-07
7.659594457173076374e-08
1.253953801253079574e-07
1.842677316509776124e-07
1.380624007088366938e-07
2.975267946922659013e-07
1.454755164304974178e-07
5.856446869829733179e-07
5.621352191531042205e-07
1.310629721811730597e-07
2.389339570273513194e-07
2.062725429273087642e-07
3.760154481576315142e-07
1.924526675657419273e-07
4.304154273277400697e-07
6.500926928116110793e-07
7.565272680478608569e-07
1.440118357261038696e-07
2.105576798862227782e-07
2.573598918304391992e-07
3.068582788978614190e-07
4.617265673157608928e-07
5.884420302907087474e-07
5.728624140670704819e-07
1.424775763996648572e-07
2.126986114350911882e-07
2.719144295775732676e-07
3.967613906603541651e-07
4.105490825598492708e-07
5.503627194275796139e-07
4.981443728817693083e-07
6.150592204317858770e-07
1.185747538749299959e-06
