4.103816291887034947e-09
5.723959910540952756e-08
-1.426858825367498035e-07
1.788904998434140976e-07
-1.847978339748909439e-07
-1.089663480331435815e-07
-8.308492194429415639e-07
7.902066226997546784e-08
2.148310623731512524e-09
-6.924676940904865832e-09
-1.235576633430471745e-07
6.637542836864570699e-08
1.416147593917308878e-07
-4.113432609669202135e-08
-1.838314931697321563e-07
-4.570021934203228321e-07
-2.965654810125005719e-08
4.615703446124306822e-08
7.981319915067627758e-08
-5.918906499207415292e-09
-3.455524837752392830e-08
3.806040582137888494e-08
2.274805984882715020e-08
2.965208090031527434e-07
-5.148274456096467835e-08
-3.963574927686157403e-08
-1.431248622933729931e-08
4.835413180061531292e-08
2.334904578338648127e-07
1.358983309331039318e-07
-7.403861363724144864e-07
-3.431109841629638741e-07
1.467831144560645830e-09
3.153615029000677003e-08
4.485236852933223833e-08
1.193652132215920665e-07
3.187755038114793669e-08
4.270593929788451228e-07
-1.045530026227917118e-07
7.233934537393795066e-07
-1.176214284996536404e-08
4.068898594298319817e-08
5.418872004524764618e-08
-6.151143282238510187e-08
3.202173160798186372e-08
4.885662490140537974e-07
4.961451232620375795e-07
3.443085135891992910e-07
2.359682510921253048e-08
3.045305514711244648e-08
3.069249000291920492e-08
8.171748865262803308e-08
9.623177127705423408e-09
2.347527275985992692e-07
2.144162981674869495e-07
-2.018515509934674030e-07
8.760370621686937960e-10
9.505888375225525788e-08
-3.988322300780783271e-08
1.048574083099083333e-07
1.711074522265184179e-07
2.896599825437966364e-07
7.112715834890873198e-07
-1.084918917380392536e-07
4.207133954112398628e-08
4.762631120952014645e-08
-1.582410610363044180e-08
1.359582513509586151e-07
1.163899880608642222e-07
2.993242305500422861e-07
3.550579356872608062e-07
-1.407947858779490398e-08
3.726002482528657922e-08
6.295929476337065196e-08
1.108568940798015256e-07
1.575756365773346500e-07
2.236840394457601037e-07
2.529899115149908296e-07
1.382363233482563273e-07
5.273081780801454466e-07
7.588841742318581470e-08
5.336982442148447891e-08
6.039205476906509945e-08
6.707948514044900832e-08
1.026508215314998829e-07
3.846996656985808407e-07
1.231903763181948823e-07
1.829110444241437181e-07
7.269814852634234373e-08
1.427911349016504069e-07
1.242466660104562447e-07
9.180819459347847804e-08
3.256949646927271628e-07
4.466844704457441425e-07
2.184134465850729089e-07
1.379752719762912537e-07
1.341087294734600207e-07
1.409713035762364209e-07
1.965172636100010603e-07
1.860500705907979542e-07
2.073162560727711984e-07
6.614002031221379440e-07
7.691231778100398201e-07
5.791595221496838698e-07
1.181252002318398046e-07
1.861121219999152289e-07
1.165917898082503708e-07
2.192184230223303532e-07
3.454214873108800701e-07
3.767839568364055095e-07
1.998418148829280171e-07
6.271600232593013918e-07
1.286006410380229079e-07
2.475547208695714209e-07
2.742677087856340477e-07
4.892208314995326840e-07
5.439445071252452327e-07
1.059158539592647576e-06
7.886962349953397992e-07
5.835903112187553806e-07
