5.402366834445731803e-08
-1.194710547736824440e-07
-1.262740611188638614e-07
-3.165216794356264314e-08
-3.733905470502675501e-07
5.042584906382804784e-07
-6.389037355311301365e-07
2.212353475477556422e-06
6.642711975796164728e-08
1.237790758089270892e-08
-3.098928518901382916e-08
6.698911990342511869e-08
6.933622982084876648e-08
-1.821974019107034335e-07
-1.429703832433295656e-07
4.951525016772387641e-08
3.224690944210406732e-08
4.786184028816486763e-08
9.892696667299297387e-08
-4.436796162587811880e-08
6.813299206853564877e-08
6.936864139579606182e-08
-2.544793705237929363e-08
-1.928946978377323870e-07
5.431063349118167536e-08
4.276661082331835721e-08
-1.716586401955867829e-08
1.155672507326173237e-07
1.491437615193543690e-07
2.661296932707323428e-08
2.810436532988512203e-07
-7.789738882139275032e-07
5.866436151834815921e-08
6.749730389691778748e-08
6.900914886398314882e-08
7.000855967266935238e-08
1.337723320181093808e-07
2.832676081023121302e-07
2.851104386594295397e-07
-1.264062006223116765e-07
4.407432423447855114e-08
1.118461123514580346e-07
2.459469282465358302e-08
1.032561754427638890e-08
1.889696494958233101e-07
6.477010046698350034e-08
8.348093341714239192e-08
2.446164291599513121e-07
-7.983338829723691296e-09
5.320194165951412649e-08
3.527060732370438995e-08
2.189086152418531037e-07
1.941828872808937272e-08
2.130654475154373519e-07
3.763727797562800874e-07
-2.802426779104424125e-07
7.320393051862184490e-08
1.262759079780502222e-07
7.092043815980426970e-08
4.547057494643948377e-08
2.986719634095359706e-07
3.165851524130506349e-07
5.851324260207135670e-07
1.283129491087155332e-07
6.641855710385078066e-08
8.332108543746330727e-08
9.395377209021987692e-08
2.426329627868493446e-07
1.315503214729679080e-07
3.204432911318918737e-07
2.250216283420209874e-07
-2.911142471370222614e-07
3.060377160199450510e-08
1.066280799408538525e-07
9.376935773251752930e-08
2.053141384428982077e-08
2.218712052964369059e-08
1.714421078821206239e-07
5.711324459140936919e-07
1.285476331402580544e-07
4.388988231044653523e-08
1.244514148849168136e-07
1.020981467875057802e-07
1.796633560701874328e-07
1.233425159293362889e-07
2.979934306926914063e-07
1.496279870763427097e-07
-2.330075027416238638e-07
5.934903602726062629e-08
9.000906581990484410e-08
6.460893276171627945e-08
1.447431044967953002e-07
1.514680124907755556e-07
3.994804123308048927e-07
9.723686441752005817e-08
2.292803810687857239e-07
9.260852369508048658e-08
1.244921443957280426e-07
1.129625127977487393e-07
4.694753627231794222e-07
4.419589935926921092e-07
5.160825593083481216e-07
7.871499729087244300e-07
1.275256662558407755e-06
1.242984895392954147e-07
1.787379948798974817e-07
1.823239952811837244e-07
4.105752959921198380e-07
4.026602434195309339e-07
3.262275982741219364e-07
5.378088438170051608e-07
1.046269216483629528e-06
2.285146682480900129e-07
2.302265941452174432e-07
5.252416781231700875e-08
3.021155977996142139e-07
5.986235954113551061e-07
8.284333325862468328e-07
9.218725060767853568e-07
9.576177629006077839e-07
