4.521466831878292586e-08
2.169380817959823338e-07
-7.846695237864192047e-08
-2.100638900820455888e-07
6.465690690706007882e-08
-7.317191107964360606e-08
-5.271144991985812244e-08
-1.435775376415759470e-06
-1.069603277067038983e-08
-1.933200994844512183e-08
-2.768778567592190298e-08
1.334055233484293723e-07
2.364598574081460932e-08
-1.578278575523806644e-07
-2.897030661133319079e-07
6.486839628159347495e-07
3.191623546862398059e-08
-2.872921116886173861e-08
1.457553130469617245e-07
2.270501692553951401e-07
-1.197360559541305179e-07
3.145456713058609377e-08
-3.771440698752893221e-07
4.463996478398036967e-07
4.010412761466933410e-08
3.877192486005408064e-08
-1.608507408912227872e-07
2.924262575329937946e-07
8.918028615199881865e-08
3.326384962981932802e-07
2.874482562629664306e-07
-3.745095728683504032e-07
-8.023928706244583334e-09
-2.993427248706260182e-08
-2.850820994197908387e-08
8.883195895712149265e-08
1.239835537534290437e-08
4.295977115554190286e-07
-4.975049015107712353e-07
-3.791979247159399286e-07
-3.110592660614679287e-08
-2.567997838626876417e-08
-1.566147715941428100e-08
-4.825429202988560236e-08
7.305061785900564924e-08
2.548274444042180508e-07
1.026242616176292673e-07
-9.513595811776085211e-08
2.551725427567583703e-08
4.119193306297734731e-08
6.558666833762607908e-08
-3.082015617835918917e-09
9.077519605088301631e-08
1.092635251855543485e-07
6.356886721852670400e-08
-2.827016521554649772e-07
3.690223287481226924e-08
3.529751487039529393e-08
8.842255653819383028e-08
1.210083273888218873e-08
1.509933522318742773e-07
2.051397713517427256e-07
7.469761726574853899e-08
1.041767906167746238e-07
2.297961257943540677e-08
8.470693817110557095e-08
1.117711893073147097e-07
8.794655039387856131e-08
2.393703459482533707e-07
1.941359134200293060e-07
1.389286049911106896e-07
3.659901533578952788e-07
8.558673998529367552e-08
8.600526419016415055e-08
5.472562508721319171e-08
1.802564096352445854e-07
8.426197075467483126e-08
2.857234526170548948e-07
2.631822552974811266e-07
5.662070323022728850e-07
7.913299169204770754e-08
7.081846402808018273e-08
1.341375511263614791e-07
1.378040027191748740e-07
2.632164741113599690e-07
3.157074276330587099e-07
1.728553864904266160e-07
6.599929928195645390e-07
8.382622292276920408e-08
9.193595365593883199e-08
1.410929694748600622e-07
1.452676185219638224e-07
3.391671712124188635e-07
3.986853327865401169e-07
7.969595446891874552e-07
4.708941834749616384e-07
8.816348483022792160e-08
1.292972932430216939e-07
1.453816072232714808e-07
3.011456655702207979e-07
4.412592104074569026e-07
4.184301569523465178e-07
1.258428065784387391e-06
-2.640273950374580097e-07
1.051436669631092681e-07
1.736772602865614808e-07
3.319607727203035410e-07
3.306323672550742313e-07
5.810672650777066764e-07
3.861762369335416785e-07
5.961559481446971343e-07
6.071224787066393426e-07
1.495587969662093949e-07
2.252613232471943912e-07
3.938344996735197187e-07
4.835301105516088901e-07
4.940370629739444548e-07
3.908209830375453382e-07
1.175247075741300970e-06
2.293793478116510459e-06
