1.707246970666119261e-09
1.378575397631880125e-09
2.488724661795413152e-07
1.530424094957902245e-07
1.516036060991641710e-07
-1.960440070632918940e-07
6.361650488055343626e-07
3.148740476434513605e-07
-7.828030581297597404e-10
7.011428961549718382e-08
-6.810570997551523687e-08
-8.109599856996743100e-08
2.018362356125011580e-07
2.162165524891778317e-09
-3.262798460176358658e-08
-7.113841717423641306e-08
2.227860263851241384e-08
-3.170225180815028249e-09
4.751087308836077996e-08
1.068030272318971719e-07
3.822800474819443077e-08
-1.580921447544589728e-07
6.628944564373605849e-08
-2.376943093064332468e-07
5.181259727978384594e-08
2.381714920448178900e-08
5.013706711238887671e-08
-8.788684200118206825e-08
-2.686691312423162943e-08
2.203463587712867694e-07
1.084501842873562060e-08
2.450838869540305027e-07
6.712200177889088118e-08
8.681979879274995509e-08
4.014689215126786932e-08
-9.937443462484109065e-09
2.310923071250879373e-07
-1.654328593719862328e-07
-1.177493275871457287e-07
3.082849575134734772e-07
1.976853984920932412e-08
4.600061693678375710e-08
1.125436890665970939e-07
9.693169905756874385e-08
-1.747140703039968436e-07
-1.215015443470379336e-07
5.186333970879436393e-07
-3.028102485475665094e-07
2.534993126724048621e-08
6.139116780860718568e-08
9.899039539313154083e-08
1.287086352244960414e-07
2.436812296245937113e-07
2.776385932627978695e-07
7.285478400626299291e-07
5.528598840635590146e-07
3.468870427606051014e-08
5.140206635065843885e-08
5.080302257567737509e-08
9.565189924136211050e-08
2.617292849825672170e-07
3.295292594197899774e-07
2.444489852451473947e-07
-1.788102036050067751e-07
3.596010396729771802e-08
4.929559604192254288e-08
9.030790260699429760e-08
2.265729544369991390e-07
3.459309557786573753e-07
2.443768236614818420e-08
1.506481221185852273e-07
2.597727883246054765e-07
7.645386832246470369e-08
4.869526267766077952e-08
7.817507951515799283e-08
1.625216018639847628e-07
4.357915071901111722e-07
2.133189927567978954e-08
6.305831642005601058e-07
1.011255381004395456e-06
7.982511811411313198e-08
3.203893389716029921e-08
9.340310248428971654e-08
2.428059062466247205e-07
3.004004999257497574e-07
5.522818041200030211e-07
3.016845392424042460e-07
7.058060137031939230e-07
1.170222699141046262e-07
7.957571752733042292e-08
1.111924676976061518e-07
1.701586181743766604e-07
2.283552804216108800e-07
5.455291669691021814e-07
5.871940616121882120e-07
-5.809199437908958865e-08
1.106137414372436489e-07
1.707680005410968601e-07
2.276729919453861485e-07
2.625729130134589633e-07
6.847506879925198998e-07
3.745507138674751555e-07
2.036496914806009269e-07
1.081791820425987201e-06
1.564845630662662373e-07
1.164665473602244822e-07
2.008521291161683409e-07
4.843125694042276561e-07
3.621510266149070751e-07
5.901278783391918914e-07
8.067002863641013699e-07
1.449930205920065891e-06
2.206106940518721035e-07
1.741596399655775440e-07
3.544346348851362011e-07
4.193160910798440587e-07
5.264870571531293853e-07
7.601776583123306900e-07
1.112188002959805868e-06
1.281456524285378508e-06
