-6.541536045146481812e-08
7.569483243651998106e-08
7.557428130177539194e-09
-1.466283851226416107e-07
-1.572789728921083542e-07
-6.092436558727677059e-07
6.704601921721857488e-08
-7.681939520758154717e-07
2.283356063538424558e-08
1.856281884254344805e-08
1.478618450742771970e-08
9.403054099810326095e-08
-7.331727387187084344e-08
9.821896258596529163e-08
-1.452553040097213478e-07
6.117094951093223445e-07
4.934986653129888713e-08
-1.215574046023139760e-08
9.025761920205512130e-09
2.117658080674160506e-08
1.688523215761921062e-07
2.394789693579254086e-07
3.085693243431488221e-07
1.842918146710435159e-07
1.861500606440725722e-08
3.531964926912142416e-08
7.042065902954571314e-08
-7.468579281375905563e-08
5.624104854717795943e-08
3.214364178151147054e-07
-1.431173545254107891e-07
8.761435495417732502e-07
3.273701967427271616e-08
1.696490308202616659e-08
2.164692508726229487e-08
4.906050426498638189e-08
1.909393966062889060e-08
-2.483799774628591165e-07
-9.365446186459647066e-09
9.790583810449376756e-08
4.840840022816881283e-08
1.034561769691105913e-07
3.236714855367341790e-08
-1.052352948643913226e-07
3.021430543558132278e-08
2.899056358066399327e-07
-1.627890080372557304e-08
-1.580617361351534486e-07
2.381975651197346023e-08
6.936434732697805046e-08
4.453755600859014717e-08
4.305815041826696940e-08
1.369087525109377902e-07
7.055920626541570561e-08
-6.859138230392361841e-08
5.619014605495068255e-08
3.974340080368535695e-08
7.173941418966397562e-08
8.164085226631819859e-08
1.881640545212786877e-07
1.242080868330478151e-08
3.021217802521379449e-07
2.495189350144686743e-07
1.044507970735558033e-07
4.396627854019996781e-08
7.440159446555116166e-08
9.077793560151620880e-08
5.048705755343546144e-09
1.052377755196133377e-07
-5.503121966817954351e-08
6.929895579772200000e-07
3.846123140081053417e-07
7.768610875185960363e-08
8.308166917474893821e-08
1.031272493186431647e-07
1.113019324068440639e-07
1.057974643590433631e-07
4.701303805948764704e-07
4.262717244498478941e-07
2.713674003764422659e-07
5.375551002929149554e-08
1.373479315186859006e-07
1.352903164042853555e-07
1.144086457807309652e-07
2.052071778143946495e-07
2.287017654120189277e-07
1.476870974401589757e-07
1.233608982578703821e-07
8.534436458853196155e-08
1.051884459649514626e-07
1.010218200234174684e-07
2.469663242250791005e-07
3.656849600356656150e-07
2.806806142359440978e-07
2.734266124446829528e-07
3.479425124284714948e-07
7.796280391823614627e-08
2.525864300415535115e-07
2.593642444011085386e-07
2.707503851797559882e-07
1.382154934685333487e-07
3.224272443348394472e-07
3.063144479002435365e-07
6.269403135243546854e-07
1.258940463183663962e-07
1.642858935055916651e-07
3.184648405022914792e-07
3.796820047845103611e-07
4.246463193951024047e-07
5.678246139309610114e-07
1.243906946304297075e-06
1.377828846546188860e-06
1.284900743722926441e-07
2.050018147383643758e-07
2.447694752577998662e-07
3.624141049029016377e-07
5.568003197088254420e-07
5.685392579300660375e-07
1.253295080414517039e-06
2.099995863531838156e-06
