-8.710234301276834158e-08
-1.440011909974830365e-08
-2.187167171611337690e-07
5.844017120757660467e-08
1.295609575558552411e-07
2.448582859665759871e-07
-4.663186001695572684e-07
-5.554205835245976041e-07
-2.301888112150013407e-08
-2.755578082104669251e-08
-7.237953637204946923e-08
-8.340294342004514813e-08
-1.414582544381199471e-07
6.856072386802507265e-08
2.233287221822224080e-07
-9.947149420513884286e-08
2.415772774989220387e-08
-4.911476594309442567e-08
8.350704571197992870e-09
-8.443371255834711305e-08
2.576153936479519784e-08
9.283404845594585602e-08
-1.551050637049171259e-07
9.348175083081835035e-08
-1.901578324696933356e-08
3.898676603172531645e-08
6.631867276788891618e-08
5.162627113780400746e-08
1.324071774996396249e-07
1.449997128883987564e-07
-1.376868263113078070e-08
-1.890042925013376422e-07
2.327939516611217364e-08
1.902800043768343390e-08
3.279022452878809379e-08
5.177820819645722417e-09
-8.821953670862539744e-08
1.093547573614355570e-07
6.343675665585297075e-07
8.127988646888428550e-07
-4.123135731133094849e-10
3.642735375185154651e-08
4.668127858297709189e-08
1.067066829161466685e-07
2.493843526677614263e-07
-2.617615499993429080e-08
-6.494192716288176231e-08
2.126281902890079237e-07
4.962292850882519567e-08
4.278925173874455362e-08
6.178191758748448318e-08
1.408661969728893197e-07
2.098614452430537767e-07
1.990509010245225154e-07
1.820028963792692842e-07
1.983095040389539147e-07
4.042023383879962037e-08
2.235460048431865144e-08
1.340654682008386124e-07
1.788623850088806350e-07
2.452329474398322631e-07
-1.869708649636738808e-08
-9.715799160790757485e-08
6.414431213075662897e-07
8.738191525967518569e-08
9.974109498431011101e-09
7.763914947871411259e-08
8.659333900801798618e-08
2.668902629394639093e-07
-2.564374841601867060e-08
3.430398275808861833e-07
-8.683185859408075262e-08
6.241690225468553326e-08
4.283330725162619073e-08
1.581053885107289743e-07
1.426817598655065565e-07
-1.462349072703073435e-09
2.637776954934425904e-07
4.368349916436782045e-07
2.561016486674150774e-07
5.232662777192682652e-08
1.353476703752093867e-07
1.624642622750869088e-07
2.854260271949386735e-07
2.079912298441880908e-07
2.379070474308370080e-07
2.239050179983159972e-07
4.919862765539292572e-07
7.137546478725995427e-08
1.174370671990662285e-07
1.817249433476809250e-07
1.144205175207003199e-07
1.909620482902331676e-07
2.583972355145378530e-07
3.717382882050937839e-07
9.029867446525630324e-07
1.108991258965698124e-07
2.698303336815256393e-07
2.479508505608267147e-07
1.722172386931749736e-07
3.879012305548157267e-07
6.602829127553882264e-07
9.197245078434038580e-07
7.399223582684209308e-07
1.489084702587914717e-07
2.294823414035843418e-07
2.897722105323233645e-07
4.028311673685415598e-07
4.593862380081719072e-07
4.773296473849526947e-07
1.105335281968736128e-06
7.288071690751439722e-07
1.332744539836278973e-07
3.389254145798805743e-07
3.566658100104289588e-07
3.881690370240630564e-07
4.409452958538801699e-07
8.619737563663442393e-07
1.381211505228944877e-06
7.497015595117703588e-07
