-7.654398335688657724e-08
1.682757011772757288e-07
2.783921032187495396e-07
9.980176439722474313e-08
1.006872051272874620e-07
-8.329889733390639040e-08
-2.636661113612468521e-07
3.872412962408820435e-07
-3.045209024388891880e-08
-6.364658855007337535e-08
-4.168162098118364341e-09
1.533322955869912625e-07
2.032789905475833417e-07
-2.109162862298695608e-07
-8.983002471663385166e-08
6.048464891856578584e-07
-2.927116725743903285e-09
2.250747792116645945e-08
-4.501057031665874804e-08
1.922563227983558973e-08
-2.518762565207035787e-08
-6.055630930742737788e-08
6.013779439286799405e-07
3.488628509882397754e-07
8.886524321394263224e-09
3.071533226360472055e-08
2.496719110877967934e-08
1.040372033494981445e-07
-1.064953279761288649e-07
1.821103016508178320e-07
-2.933434261214265059e-08
5.333614129517789933e-07
-7.916564319020643405e-10
4.555023385552169877e-09
-6.501999733867202707e-08
5.462498934487385936e-08
1.545718067717782260e-07
-2.051522974558635783e-07
9.714368776614481038e-08
-3.614145555432242100e-07
-2.437292718636126000e-08
9.188684190515250977e-08
5.398560751441784751e-08
5.197245059022296850e-08
1.823654420529952987e-07
2.591091981225205079e-08
-1.904418193942692043e-08
5.030489583887886126e-08
1.352427881564058785e-08
5.243917662505106291e-08
6.776328362799555107e-08
3.580888197471740524e-08
1.907290315947395716e-07
1.298785520446753075e-07
1.744332009802409437e-07
2.931920336604859147e-07
4.294242235976669333e-08
4.859151430891294883e-08
9.781980104263851810e-08
4.106777191673128890e-08
-4.513360183844217455e-08
1.889115672724035016e-07
-2.481426838002166840e-08
-2.929318235847252254e-07
3.018845541390975832e-08
3.610523079274843728e-08
5.327554925706778798e-08
1.891780012924883700e-08
2.436434926197354589e-07
4.231759148779914814e-09
3.057239636643695410e-07
2.154007412812764256e-07
2.450823960345657314e-08
1.054013833558837167e-07
1.391138641955455436e-07
1.879660067743078621e-07
3.752366139054018414e-07
4.219839121938208587e-07
2.214586044901696989e-07
8.178175464221158440e-07
9.521357584026328952e-08
8.170064534925424384e-08
1.969508446881941173e-07
1.664878988899211657e-07
2.550251936618205717e-07
2.183100820529619332e-07
1.555138037835190011e-07
6.101858708098710578e-07
8.815624285283263787e-08
1.462333029848939852e-07
2.289127230456989702e-07
2.728283301104121928e-07
2.475610877538063309e-07
3.401067758129048190e-07
4.896486381640975753e-07
1.030371334668979107e-06
1.258719808460176036e-07
1.013609434144345684e-07
2.016582649784740341e-07
1.722658843567355671e-07
3.740181132451152884e-07
6.220954009310477975e-07
1.622189623374874923e-07
4.413444288346826531e-07
1.610387886998547942e-07
1.843064802064795840e-07
2.476461011877921429e-07
2.842479750805808190e-07
3.456012102452882672e-07
2.474154482597218277e-07
9.018222550464247498e-07
9.786782730240710963e-07
1.571817889689554614e-07
2.215933133614371526e-07
2.490092187595484727e-07
4.499218255006407268e-07
5.014062967020059232e-07
4.496944083794468326e-07
5.028697745047189049e-07
-3.202185036690290931e-07
