9.816832136049135506e-08
-8.198777246745740573e-08
-1.892235732878378763e-07
-5.264688851826183254e-08
1.955505997031407403e-07
-5.591414947038932292e-08
7.602084308125329231e-08
1.978976409681899110e-06
1.486108099028972269e-08
-3.271109954838474988e-08
-2.224694324036017270e-08
2.354705943678604013e-08
9.864882544276368196e-08
1.157839874591762486e-07
3.509877953550876367e-07
1.674297857464088464e-07
4.206113668537811109e-08
-1.091736376564493716e-09
1.608363691058734673e-07
1.487177913649677877e-07
7.074473264218162534e-08
2.653144632627772758e-08
-2.105663179512031960e-07
-4.494547278633566346e-07
7.694706819635764515e-08
3.386895964054793447e-08
3.406630673818452214e-08
-8.887488217798115909e-08
-2.249467016437152977e-07
-3.666374534701565213e-08
2.603511678134862836e-07
7.995476147692141873e-07
6.813511825784142054e-08
3.917165963720252646e-08
1.357821356803329237e-07
3.016152614067401772e-08
-4.304212275640676975e-08
2.717424720156953523e-07
4.152054799406670216e-07
-7.977101556751061112e-07
2.707993704901671278e-08
2.141814163800003454e-08
1.219061654082993641e-07
1.814140213472056434e-07
-1.065823140973724677e-07
4.080579779615213973e-07
-7.751025387536288182e-07
4.944053884319854700e-07
6.046990259649390255e-08
3.298103430687464381e-08
5.913658861697701515e-08
1.388372242343343975e-07
9.955606990976764217e-08
5.973327319555685955e-08
8.106792995653120145e-08
4.307789841429576851e-07
5.610777475259623412e-08
7.114749728317407080e-08
2.844709278053940450e-08
-9.675778900791218853e-09
8.300359663387780446e-08
-1.542035383960392151e-07
4.637371338715166180e-07
-8.621167588678415677e-07
5.572849078873164152e-08
6.107672642101847776e-08
4.569693271834981627e-08
-2.031544420610745786e-08
1.505532256710752797e-07
2.044193733903210427e-07
3.013548308892700132e-08
2.222808101455511797e-07
4.588615110463826467e-08
7.600060514294586572e-08
4.234198287936550225e-08
3.294725164455557873e-08
8.392403295641138498e-08
-1.539103588453123931e-07
8.820654846014489655e-08
6.088983345359453781e-07
9.476554852922210037e-08
6.346441625414759565e-08
1.137244273654440737e-07
6.952101039837060735e-08
2.461846933114735778e-07
1.473785787588534461e-07
1.725776763110723614e-07
4.517176687539623257e-07
7.891204597699464495e-08
1.061118928135123160e-07
1.015300036784503960e-07
1.722687455218041589e-07
2.470617195642798818e-07
3.486582957313693368e-07
6.358536073222887054e-07
3.053754480991929616e-07
8.073499147940207472e-08
1.118152769908744091e-07
2.028141839037653952e-07
2.851112172354463180e-07
2.187382750487583941e-07
3.894854829341736832e-07
3.608728331734581941e-07
-1.554907720415351267e-07
1.160234092958940533e-07
1.339159758567360619e-07
1.825977246749607282e-07
2.460554700394337244e-07
1.534423621633458253e-07
3.172276937473892998e-07
8.532037221351226054e-07
8.032049548998404388e-07
1.296968659943343193e-07
1.592977143069829741e-07
1.082137608164012928e-07
3.175441273874508284e-07
8.185571265084642393e-07
6.537334700876949678e-07
3.809013489780812748e-07
6.947824765663670583e-07
