-7.740484311773072088e-09
5.733416011680946363e-08
-1.803121696189123478e-07
1.514425920942664461e-07
2.136907415527906596e-07
3.581750734130292160e-07
-3.112997928459837131e-07
-7.265387161773420115e-07
3.069163328416866144e-08
6.567477734017541551e-08
-7.256694514711644387e-08
4.765016200022924008e-08
2.027812232075520923e-07
1.830678670782397476e-07
5.248928993494786387e-08
-3.369754889483644598e-08
5.904565483773460371e-10
-3.528591384614063561e-09
-9.118537647930659616e-08
9.161732998477754579e-08
1.522581623929220584e-07
-1.065234251954308034e-07
-4.230385255971250790e-08
-2.519188673934065052e-08
-2.037510926473617105e-10
1.655799426746104895e-08
7.020521134896114655e-09
1.458776836828786760e-08
1.416892570546885217e-07
-3.040162716795594634e-08
6.732379077202314432e-08
5.172657259568055348e-07
2.275303454804563584e-08
4.535007472692620605e-08
-2.093270966298502550e-08
5.276190110206740838e-08
-5.089248759031008862e-08
7.430467727173948092e-08
2.756514250513734392e-07
6.516971098296896703e-07
7.825540363798447905e-09
5.638000079716085759e-08
-1.329142064196646056e-08
2.373732307145410906e-07
2.343297790335944387e-07
3.501087575316993567e-07
1.554203592953107347e-08
3.428497548025146795e-07
1.344691147548330085e-08
7.161340884290292556e-08
3.697391999801623400e-08
1.419635184715083927e-07
1.255167325627206000e-07
1.491994170017950898e-07
-1.371683748128554404e-07
7.240340040303035811e-08
3.011027588655389780e-08
1.081151980236522991e-07
8.761548569424845937e-08
6.267540420531241548e-08
1.054288810570955817e-07
3.480731668603652088e-07
1.273132014229289350e-07
8.737524110376092784e-08
4.222626498952466297e-08
3.949702159523281239e-08
3.348836625082839189e-10
4.453616726035599069e-08
1.264043938295067977e-08
1.337199931763337407e-07
1.430782634303436984e-07
2.570401796354170566e-07
2.012951353691892795e-08
6.565846771772768150e-08
1.198995825387866735e-07
1.132760942706073578e-07
3.246248585805092637e-07
1.532085620425183325e-07
4.122477064986850284e-07
6.279846674254473162e-07
3.782966905445195536e-08
8.441845143590639854e-08
5.789033174143216572e-08
2.128873236952855649e-07
1.881211208926068728e-07
4.887742879355708547e-07
3.356622779053398140e-07
1.475692707177725856e-07
7.760768009942310582e-08
8.668688868785159857e-08
1.145912451511608237e-07
1.672328362402433858e-07
3.122763048381394462e-07
2.520849139236458059e-07
2.732605918735010588e-07
-7.454813213541578193e-09
1.116789593146560247e-07
1.184865422785351913e-07
1.903225509030696941e-07
1.850336679997858341e-07
2.963462913487628735e-07
3.875096620429604508e-07
1.458190402841601758e-06
1.204438981382884211e-06
9.475756801836515841e-08
1.634810421479617799e-07
2.125960077130492018e-07
2.769810944844865212e-07
2.879299606392146563e-07
2.995026942943187833e-07
5.547289433358124808e-07
1.038395258366837302e-06
1.643908855240798110e-07
2.122581439378992634e-07
2.963731359622948511e-07
2.531163467410903669e-07
4.712231712614712046e-07
7.114945700244622930e-07
6.838567945786084189e-07
5.055487087911193982e-07
