-8.727923422139265296e-08
-1.495069811725601069e-08
3.926787651787836807e-07
1.542585929906035833e-07
2.329290437100093849e-08
1.291666958122834866e-07
3.828420071938538464e-07
-1.494192482674993533e-07
-6.426516377891025539e-09
-5.114214440977081820e-08
1.806618536269820820e-08
6.433797500006876065e-08
1.276742906949429956e-07
2.035861662076181720e-08
-3.013110033938937478e-07
-4.260547094953180428e-07
2.884255221588489371e-08
6.682006814146687082e-08
1.094607807209283357e-07
1.332691060301911803e-07
2.757935063621368887e-07
1.143059715248165637e-07
4.503827306571156571e-07
-1.096467309153388035e-06
-7.621796149738425036e-08
-3.173356816431359813e-08
-3.320686597782634285e-08
4.150501201023743602e-08
-9.876937138398711193e-08
-1.423353208240213449e-07
7.335754087150126719e-08
5.922700913537244079e-07
-1.310841630980706261e-08
-2.297816980945695763e-08
9.457557912679469860e-08
4.064241083219684017e-08
4.110527850770797955e-07
2.002106762104401819e-07
-3.069344045462888143e-07
8.038514272080051693e-07
3.932612900318389989e-08
-2.249557426607001745e-08
7.682253952631869957e-08
7.754125844325049056e-08
-1.725012391130400779e-07
-1.455577228246927274e-07
6.596830282495680546e-07
9.588399664943520763e-08
3.499572843625287509e-08
7.195404015231604189e-08
5.965458187807951314e-08
4.476011691655620292e-08
2.629456637057443834e-08
8.787027281087929080e-08
6.513652752805820738e-08
2.380102972507239399e-07
3.400498118354273851e-08
5.640719188127532762e-08
1.689343981422868811e-07
3.457692713720089372e-08
1.360608992812597460e-07
1.066859292560219159e-08
2.130936444413632142e-07
6.045522913295409701e-07
3.620212414680120775e-08
9.740279437757751857e-08
1.524192122332883167e-07
2.060581821068128164e-08
2.576257897414476789e-07
2.209946340559155007e-07
5.315624750058180656e-08
2.859585023886249829e-07
5.763049799469284937e-08
5.270903709905399913e-08
9.487100681602696036e-08
4.067516714192089530e-08
1.672475843564766113e-07
1.901988645150141680e-07
3.455514735992038821e-07
9.324484592138915788e-09
5.559075007040045289e-08
1.132359380993391860e-07
1.494317023375496327e-07
9.213002506363908399e-08
1.570637234260414628e-07
2.891278925348716322e-07
4.315416762585244642e-07
5.253059580827549986e-07
8.624333656363828989e-08
1.167530064887840500e-07
1.565743386327077158e-07
1.302678524762011865e-07
2.555758349063641559e-07
2.031111568877929484e-07
4.240881617797104316e-07
2.340420583337196497e-07
5.814406776260109936e-08
1.270242311970555752e-07
1.825114082689409380e-07
9.994805450465010686e-08
2.305213772891670635e-07
6.686455839229793111e-07
3.183471428186089542e-08
6.643032361186276246e-07
9.876559070902141639e-08
1.501172885342422146e-07
2.142806104929687809e-07
-2.791677226499133716e-09
3.395994968161027137e-07
7.748179573208804322e-07
1.030142799374450847e-06
7.491001990681973075e-07
1.233081516298915778e-07
3.048133413065398842e-07
2.867696634242444072e-07
3.133117666209787446e-07
7.151675535562309541e-07
2.821234339922712517e-07
6.913382572424117493e-07
4.819706045386766259e-07
