1.531073206378125785e-08
5.127410181762013399e-08
-1.936272649525302610e-07
1.549624046322263625e-07
-5.912683735353130708e-07
7.101798915778687984e-08
-3.172444438052197720e-07
2.274320559789641081e-06
1.362240043415233178e-08
2.545972615840979861e-09
-6.357863897868213004e-08
-4.039366261467397818e-08
-2.163720886823901523e-07
2.429371581038125607e-07
6.796936735279867146e-07
5.340535487638917406e-07
1.347527122885779079e-08
-6.015217421997802067e-08
5.017147797606235912e-08
-4.882839019652919732e-08
-1.613864789142849018e-07
-1.207014309956890970e-07
-2.493058952751631515e-08
-1.967817903767012545e-07
5.172087052504762828e-09
7.820736171830213332e-09
2.756727594917933996e-08
1.293130825102071402e-07
2.060366277304475020e-08
-2.094347712647482330e-07
2.082474551685957222e-07
8.624981357512234741e-07
3.210632885672111995e-10
-1.761404387103571551e-08
4.625223838067788748e-08
-1.135941095488838114e-07
-2.730982186051074448e-07
-1.190550696391998365e-07
2.003766054511532708e-07
5.489930857935326144e-07
-1.734431735374250332e-08
-3.369992222796393483e-08
4.198669427637415092e-09
2.747732267520832744e-07
2.985740960140833007e-08
7.119140105600009187e-08
4.526911778100742466e-07
-1.299481857600400987e-08
4.829674126945412998e-08
-1.145469622474687300e-08
6.104898943074969103e-08
7.345806217412547119e-08
4.649924096873868644e-08
-3.550317941909071109e-08
4.468038891806594250e-08
-6.498002296965495954e-08
3.981913040945660930e-08
9.741143868504157395e-09
1.155620035493028486e-07
6.883263793798657596e-09
1.420876195570565804e-07
1.409527171640950947e-07
6.487184938148061900e-08
-2.145509981222477052e-07
3.248352536017249013e-08
4.298581638897082332e-08
9.333585610591108386e-08
1.425006915365695681e-07
1.752629313484439306e-07
-1.052096103117441121e-07
3.316479461052226635e-07
2.877340901107075335e-07
8.155427233857385000e-08
4.045290290286374112e-08
7.710332740773857317e-08
9.159849895340303108e-08
8.859790780155419035e-08
2.344343051035532864e-07
4.843941882343196575e-07
5.128179849542725079e-07
1.110501204868891663e-07
1.013054074036916413e-07
1.217510957826233608e-07
1.759145917638780512e-07
4.095878002687582772e-07
4.081406347760125938e-07
6.743015070080484113e-07
5.278658094052808258e-07
1.089595138535562238e-07
1.049895532213815987e-07
1.998180464488787620e-07
1.667028030193598188e-07
2.847796000592512430e-07
3.325017777877905433e-07
8.222344173441972974e-07
4.617724649369738467e-07
1.289241864441838227e-07
1.693468079742783152e-07
2.321723045339703247e-07
1.957747798665840394e-07
1.320377972464692357e-07
3.272465209025838540e-07
3.197727804176732004e-07
2.087679419996417928e-07
1.355544137854550946e-07
1.813891469542493031e-07
2.980508271316735821e-07
4.271567656522105379e-07
4.785645079231288611e-07
5.720317160943710628e-07
6.491721616058602071e-07
1.203014177128484980e-06
1.473690951080555446e-07
2.212140563207589391e-07
4.379686485712997573e-07
5.584449773514880920e-07
4.365656876825100546e-07
7.362085876507649932e-07
8.295152504038773865e-07
7.504145413548037473e-07
