9.277409552590791531e-08
-1.349314176624327668e-07
8.439096233042530170e-08
-1.345350483262310558e-07
2.255008697467751795e-08
3.214068293224752393e-07
2.348435722970142380e-07
-1.023100003557161868e-06
4.883634701741861991e-08
7.189661823414136287e-08
1.206494924777590824e-07
-8.224701156737017886e-09
-1.311797240491355793e-07
6.841389599846850319e-07
1.424281213808738163e-07
3.087014080902786545e-07
1.408468023480056936e-08
7.941705203549284346e-09
-8.573870562212971160e-08
1.430688861403812905e-07
-2.783533517872049262e-08
5.336492058207958160e-08
2.501972608198208132e-07
7.620891796994331183e-08
2.758357457723747260e-08
8.484297566525491825e-09
1.087401013752641056e-07
-1.717252846035373474e-07
1.022395947471098111e-07
-1.549042033272451875e-07
9.698576053979140803e-08
-8.539356923501195322e-08
3.319756085006580422e-08
-1.110656765399743976e-08
-1.168642556965952160e-07
1.157158936158210877e-07
-3.803013542105565474e-08
2.059761960635474430e-07
3.383099885977034253e-07
1.288076483953696264e-08
4.659984246618928178e-08
4.483397309619490236e-08
2.422420645544461813e-08
2.426312221528813028e-09
1.315669297145484545e-08
-1.730847246473033417e-07
1.568178806556997286e-07
-3.093106237946587214e-07
2.154381211693136363e-08
2.065693326627938795e-08
8.151623341259463062e-08
2.016145796580232400e-07
1.750016431262027704e-07
3.983971541448974992e-07
1.576006691126129508e-07
-9.624938107106790011e-08
6.878047633437915068e-08
7.021427536861496204e-08
4.596513000324290210e-08
2.086826774982731758e-07
8.763124385352993517e-08
1.845601615846538060e-07
-1.837745603743611746e-07
-5.932318043937351177e-08
6.338691174282815342e-08
1.066670457024715441e-07
7.841260622046719357e-08
1.426959479122261507e-07
2.085998781503728948e-07
2.697544303805523878e-07
5.207242182225498813e-07
-2.794254117673843061e-08
5.032829105656711266e-08
6.599699186825277602e-08
1.265004244867118323e-07
1.637611667467290259e-07
1.838657794933717895e-07
3.755337296007136512e-07
5.687085207567431987e-07
1.142878707095500260e-07
7.585026408279911076e-08
8.186016112022284862e-08
8.682123775671488930e-08
2.535729677652245229e-07
1.739953505020810457e-07
2.455100357122889054e-07
2.996767396160202985e-07
5.469280253881630359e-07
1.082266527973922788e-07
5.868675935323363752e-08
1.345023225246886290e-07
2.372784339205717369e-07
3.371676079676036362e-07
3.819050545339981721e-07
1.284440631731080428e-07
6.115963365606989062e-07
1.092246130619962334e-07
6.197215757665957495e-08
1.369689177063278348e-07
3.324081039145569819e-07
4.531385204055122303e-07
6.262614806239662576e-07
7.133284586306437833e-07
1.052284210251651340e-06
1.869991228450487047e-07
1.545599944519412387e-07
2.191992651490022917e-07
3.126032337248511527e-07
3.155968283823231191e-07
2.567571337768860264e-07
4.678022404774338458e-07
6.477584331162023903e-07
2.397931505581116998e-07
2.172759617363562445e-07
4.744937926733839935e-07
3.392362027551493535e-07
6.605779170794737307e-07
6.158893042602646980e-07
1.106423495176652853e-06
1.861902890291712235e-08
