5.533439130528622513e-08
9.874094539385221139e-08
-1.810511539006671763e-07
-1.480826925525036412e-07
-1.162257779638506058e-10
3.576322718274406909e-07
6.557683105436812914e-07
-1.176015500276064290e-06
-3.876092172443476176e-09
3.123105885734822913e-08
5.098691679122765548e-08
-3.599596590139634133e-08
3.767086223930584200e-08
9.759156878847219874e-08
-1.961743510029775554e-07
2.239328482646080390e-07
9.871753322163544927e-09
5.727098283795929673e-08
1.303641552061834316e-07
-8.026008849534540386e-08
5.686284920628842151e-08
2.449060530634140379e-07
1.582336590228761296e-07
7.167375191180196393e-07
1.778002585310781702e-08
7.258775519639383922e-08
9.069889472199719575e-08
1.146747219929393817e-07
7.349285126793605314e-08
-5.962681033627141516e-07
-3.353473698334140673e-07
1.290045842050846057e-07
-4.458761916373427080e-10
-1.920178296271824432e-08
2.064978334517122320e-09
1.010341896228282303e-08
1.634533831658125105e-07
2.574790032909286427e-07
1.641107297239036348e-07
8.926776105785203624e-07
5.584909115964988683e-08
6.794547284815645260e-08
-4.870612524600497298e-08
2.057617503187889556e-07
1.270148084878855723e-07
5.073729338040245002e-07
6.713621670200623165e-07
-2.386710976661851278e-07
4.992516617406111360e-08
5.825066672933580285e-08
1.047242561231378192e-07
1.866953117353070599e-07
1.586289470178229531e-07
1.636787363516091614e-07
9.933519870917059204e-08
1.877778862347289886e-07
2.772739095142616404e-08
6.761058832256462205e-08
1.708218271924318570e-07
7.993068903183296689e-08
1.146585084656722280e-07
2.140400454806558677e-08
1.718179367410248845e-07
-3.128098703941300533e-08
6.362130892047068060e-08
6.938992911298536270e-08
1.056311362457788040e-07
1.839850467275199841e-07
1.395811604618165331e-07
2.113825234081365501e-07
3.372766387156780361e-08
4.998011226588462699e-07
2.942440602745818071e-08
6.816990861251245171e-08
1.288216203059285657e-07
3.283230885766250072e-08
1.820136663772589296e-07
2.400766737950631528e-07
3.172710336340761289e-07
1.097225461675303619e-07
4.638686499274502090e-08
7.133048150991694637e-08
1.738938423865769610e-07
1.362728151809205822e-07
2.343443626072221573e-07
2.672931323014101485e-07
5.362222522200694133e-07
6.141603582206535287e-07
7.909854213697068565e-08
1.302067373134906737e-07
1.311295573548209548e-07
1.025736769534832621e-07
5.378512519312642862e-07
2.247318184744066947e-07
3.467206775095160906e-07
8.158718263413841017e-07
1.015546010570264339e-07
2.227552290464547498e-07
1.393974210686269065e-07
3.727423507168766363e-07
3.575700090756012619e-07
2.955294269501969899e-07
1.124330383578110333e-07
5.545560685757639107e-07
1.168227533494034637e-07
1.697239329413943066e-07
2.674938188327077684e-07
2.475135540528306614e-07
4.206905525343112760e-07
5.054349663997368260e-07
5.560372901695933713e-07
1.014650567323805385e-06
1.392952895329620974e-07
2.738093511749705004e-07
2.046864175870578773e-07
4.466303284849378982e-07
5.650011061559270978e-07
6.998617929606731741e-07
9.203128336577629786e-07
4.837939293585590304e-07
