2.503328866955548945e-08
-8.907997091935995040e-08
7.374761971285842921e-08
-6.583466380560675156e-08
1.199500638962206822e-07
9.874065247842500339e-07
-7.234155431151304990e-07
-3.808865894485092190e-07
-5.609839111236663245e-09
1.285413128350085267e-07
1.191504599221082854e-07
8.915634563356506894e-08
-1.075769297332743627e-08
9.316249357072485641e-08
-3.240862164551416899e-07
-3.916964589288570275e-07
-4.191649563976121092e-08
-5.209716517410260916e-08
-5.899613551318759776e-08
3.982570395962874248e-08
4.759856694861697555e-08
-2.042554583855128502e-07
-5.908217789227406166e-08
-2.253187361650342345e-07
-1.421631219840629259e-08
2.742755188397086126e-08
-2.947874591125426094e-08
9.139163635401562548e-08
-8.111452147795623894e-08
1.339125050009169335e-07
-1.066000951811147310e-07
3.654634396451024889e-07
-2.482977611803944043e-08
5.366189783559839086e-08
6.655637138331925425e-08
-1.031310025264743535e-08
3.129943060331226560e-08
-8.974122171507170281e-08
-6.968678936628703284e-08
3.526699124881324275e-07
-2.557839599557243270e-08
6.439400077734554898e-08
1.191472699115142149e-07
1.866458680721367273e-08
8.655976533625250241e-08
4.256155354093759186e-07
-6.329329018677698808e-08
3.033533254566542730e-07
1.545293677697898040e-08
4.727051019768223953e-08
2.633329381570550555e-08
1.285525133427288865e-07
1.392989851283895557e-07
1.731736658878923758e-07
-3.047370220740622958e-07
-9.664018653735474724e-08
2.707615318451285249e-08
3.295615767652101407e-09
7.127715059024003172e-08
7.756904328366784839e-08
1.867271191816251025e-07
4.649484326945493556e-07
4.556913911260787262e-07
1.013248439050154779e-08
2.023383086691752857e-08
1.683386027210313254e-08
2.778697587537088903e-08
8.271396919242011935e-08
1.519571953012976741e-07
2.905881259912954013e-07
-3.366696430763197714e-07
5.873163664787271339e-08
8.516568984869923961e-08
7.767977834525364037e-08
4.788368825642072271e-08
2.046798766410800400e-07
2.742414828647461815e-08
4.313064607726837158e-07
4.665735617928902061e-07
-3.176301953181154907e-08
8.254067310077679316e-08
1.212024603768850898e-07
8.607147184967147293e-08
2.474474361736046689e-07
2.957674025136380858e-07
1.843550187295444726e-07
4.114660616020382191e-07
4.785050590000981346e-07
8.742334452921611884e-08
1.453209285314040246e-07
1.142138864498885562e-07
1.115776195704413157e-07
2.007878738705532790e-07
5.416843372101438714e-07
1.623320290682615382e-07
5.806395905154238216e-07
1.936712805509111793e-07
2.304920451503826543e-07
1.262648396212978704e-07
1.748721341723029546e-07
6.880895742946007118e-07
4.699414388754556273e-07
3.950263558140587193e-07
6.916335947604337487e-07
1.104778292946962554e-07
2.061907944036583060e-07
1.995650981241022237e-07
3.138908804631959202e-07
5.094663993386818182e-07
5.596743290537804132e-07
6.911328204340051579e-07
7.167618758417740831e-07
1.221405764878448992e-07
2.749892471491278506e-07
3.310053167738615295e-07
4.390649614504379454e-07
6.292352580349149551e-07
5.465255119997963776e-07
8.141213154803142605e-07
1.651913227904095472e-06
