-6.974186490880261292e-08
-7.120679138801853365e-08
-8.145641736998457588e-08
-5.219732685918808726e-08
-2.625831522801070310e-07
2.336018716873445437e-08
5.059798391334796143e-07
-1.079698628366339539e-06
1.032130093703181413e-08
2.684160936603582605e-08
4.169125930786737188e-09
1.163642933288407685e-07
-1.692182748036097651e-07
-3.571008804279370896e-07
4.812893462961800523e-07
-2.615739202112670747e-07
1.368540716481234941e-08
5.306679706162017069e-09
-1.344904844065027157e-08
2.031786702479554385e-09
1.408797397030195662e-07
-1.873001323674943948e-07
4.170368486576445679e-07
2.318422219213752159e-08
2.373977358062783715e-08
-1.888024555413217977e-08
1.728943786951012837e-08
7.769826587350925869e-08
-5.877738216496998987e-08
8.198702450568057459e-08
9.026221414384076598e-08
3.117520712162265117e-08
1.968755751959991581e-08
1.306971735750769039e-08
7.315778034188254345e-08
1.419731291365913832e-07
4.743697412139332243e-08
8.410005346603339733e-08
-1.945349741114628386e-07
-2.056095731419378791e-07
3.297810343194770953e-08
2.064915821955888008e-08
-4.816559878473550722e-08
7.444733432135638452e-08
1.625301794906663085e-07
-1.444106771208274515e-07
5.368704765060447419e-07
-5.208116358654421674e-07
2.563238408043188705e-08
1.791916130640527636e-08
4.533293866971200598e-08
1.303382678094617433e-07
1.183622222217670521e-07
2.184276493820413725e-07
2.615171294817834365e-07
-1.009304764538097838e-07
5.349329930263928096e-08
1.041408477925797337e-07
1.118274616380497665e-07
1.485745942545487812e-08
2.152306729772160926e-07
6.419706012594380195e-08
2.855862880697348854e-07
-2.602481266682850626e-07
6.419679312269575907e-08
1.499652140006819031e-07
1.231494066665699344e-07
1.556274829698605027e-07
3.476384243015667136e-08
7.513342949496659748e-08
2.009882878428225665e-07
-3.807064871308032094e-07
3.499712781179829878e-08
2.948860232527170858e-08
1.020256646267669943e-07
4.052260493869355004e-08
2.352010647757906837e-08
6.996282631950067550e-08
9.598507415824041813e-08
3.568435772238621952e-07
7.944148819735559281e-08
1.096630844737802898e-07
9.707907703272840681e-08
1.955272701666336165e-07
3.051530771767909111e-07
4.153300594474992087e-07
1.854491311476859455e-07
-5.010832216318599719e-08
8.154758885552969132e-08
8.389864616539795512e-08
1.909055299959863258e-07
1.581700936897846814e-07
2.553555134195763483e-07
3.295297401057656390e-07
2.204257092751970816e-07
-8.269660004796559065e-08
1.883418845796407223e-07
1.866217945546085425e-07
2.086703022089999654e-07
2.700854055858224516e-07
3.566415281027188716e-07
4.915927701160638554e-07
7.677537768184384006e-07
9.655214761624288247e-07
1.564700454982384399e-07
2.385324314212999305e-07
2.424509304912019657e-07
2.413820246680149077e-07
4.533001911864872410e-07
2.608327512156887480e-07
3.686018425010511863e-07
1.839672391965617401e-07
2.304938557286923621e-07
1.931480988735375494e-07
3.756642660015780027e-07
3.411954717673960149e-07
5.679616115046225044e-07
9.547260153583304826e-07
1.025942333219279604e-06
1.515150480490987577e-06
