7.583742586076468728e-08
7.765766642917000731e-08
1.673269840153429645e-07
-6.023868479147817992e-08
1.289905775284237748e-07
-1.683366072635672032e-07
1.301506097123646841e-06
-1.330254016020494227e-06
-1.273564002761763671e-08
7.732071269775128706e-08
-5.738677160659573599e-09
-1.919903082629619537e-07
2.284684137236344287e-07
3.595188968703397318e-08
-3.595835674903125025e-07
-1.736701036162776631e-07
3.544824490976380949e-08
2.103048088576535968e-08
7.738369328216915885e-08
-2.156101958971484612e-08
7.726531407620158353e-08
2.004504816131551558e-07
1.504848685152704555e-07
-2.562440887728845066e-07
1.659832343665964352e-08
8.904148016660505828e-08
8.198769574351544743e-08
-8.448692217887743925e-08
6.134240040931213089e-08
2.975588995886915003e-07
-1.157114665045786973e-07
8.266252255323662170e-07
3.991352621288370906e-08
4.406197159285299933e-08
5.070256345548864257e-08
6.351002904770276832e-08
1.159647913878953263e-07
8.179638410147796500e-08
6.757761265469435036e-08
8.093777596236202079e-07
5.695804272765570342e-08
7.255766410138924065e-08
1.314297654164621458e-07
2.231445110680819973e-07
1.727445780794356833e-07
2.523793123074849571e-07
1.766016839703026019e-07
-1.696432566057046129e-07
5.192175495412342302e-08
3.417050362400764274e-08
7.470383430899331630e-08
4.426625571003989268e-08
-3.695013231825664124e-08
3.743578980158599740e-07
1.287070390675359468e-07
2.409107280266199146e-07
5.502945555163766351e-08
1.007888114294471661e-07
1.571931827195002209e-07
7.509586008528112467e-11
1.991949424466483141e-09
1.814311742684189451e-07
1.822151097683688841e-07
-1.808451143765974582e-08
5.290674987959387439e-08
9.321253295359718163e-08
1.305385760182127426e-07
8.782803034534868693e-08
1.352365845486962783e-07
2.088429717274366994e-07
-5.886058790202562713e-07
-6.096895906752602742e-07
5.881911497912692351e-08
-2.429061979410153734e-08
7.852382263634291005e-08
1.743634434075453001e-07
3.417399105548359943e-07
4.377128257150131187e-07
1.334325398018772202e-07
7.623710345247009736e-07
1.210280747176376736e-07
6.233742745686844695e-08
1.619876344835936388e-07
2.241165646740230542e-07
3.427993251104530027e-07
3.356452142646584827e-07
4.164886929968090311e-07
4.744219392135458222e-07
9.663093967794403876e-08
8.090812291334268806e-08
1.547693037487228508e-07
3.000821030425326243e-07
2.046748914663748846e-07
2.653045104039151005e-07
4.094596124474612849e-07
5.828538936831486898e-07
1.257671242878678433e-07
1.661988211572149835e-07
2.813012083512803911e-07
1.295504961602237113e-07
3.506361394038957944e-07
2.321346109691827168e-07
7.788711032335053476e-07
6.707659748174956618e-07
1.914196232358235927e-07
2.141364365986971536e-07
2.791010360058249964e-07
3.818226307183639029e-07
4.381307615954117261e-07
6.338275087800254594e-07
7.848820891047703840e-07
1.018389355983127946e-06
2.091842298065355733e-07
2.752461023832512549e-07
3.120748144926759798e-07
3.120340813576453181e-07
3.858481524352495184e-07
6.257204917536408961e-07
8.061574362609545229e-07
3.064584960603642824e-07
