1.289556088368221711e-08
6.282891180239386863e-08
-9.508964609427046516e-08
1.597262199182205184e-07
-8.320195569199135008e-08
-1.204518546577720895e-07
1.815114021400073983e-08
4.936356834407471111e-07
-2.803723540397711792e-08
-1.790922141482591499e-08
-9.595963985797372217e-09
-6.127789520943264579e-09
2.298516410514683495e-07
1.894352658259199731e-07
-1.521700258713098414e-07
1.637470602647719078e-07
4.396840413560147486e-08
9.451304838535452527e-08
8.089281637950644433e-08
-1.970061113422007049e-08
-1.722298658354146605e-07
-1.910630310897202725e-07
2.099497415662910874e-07
4.468890167928379569e-07
4.272745459072727096e-08
-2.084093807860957549e-08
-6.186518939051816355e-08
4.410808395877434458e-08
3.177091514271379181e-08
-1.812911341181443027e-07
-6.191702640480124311e-07
7.394872925830600361e-07
2.377171890848325411e-08
-2.083283670743027680e-08
-5.963492021352314108e-08
7.934408812740304672e-08
1.595028139668851502e-07
-5.712082162760956348e-08
-1.473076821068988625e-07
5.059153512197597239e-07
3.308538855531779071e-08
-5.534806376836100747e-08
1.543391862970899402e-08
6.956095351753505113e-08
3.366128647162436033e-07
1.523291628643880889e-07
2.079798191697118311e-08
-3.874084334120662091e-07
2.639434541736380043e-08
4.045137905768603514e-08
2.394353199929341131e-08
1.319607294973685840e-07
8.167191695744284959e-08
-3.708074660079209651e-08
3.471420743076981412e-07
-1.318381927120464952e-08
5.365193212576808837e-08
-3.160579385292944348e-08
6.869719636281246045e-08
3.895794195485117047e-08
3.154239262425857914e-07
4.046984482423349606e-07
-1.929045435578534133e-07
-1.201832575530847386e-08
6.843556767356697468e-08
-1.254269082866737606e-08
1.921540822061206181e-09
-3.473018723691085109e-08
3.385193311002475652e-07
-4.640300312547459662e-08
-6.185573715427889238e-09
4.328509935553413398e-07
4.905255630016190746e-08
1.124676303950336734e-07
1.126731020076941746e-07
9.120999392288907076e-08
1.471718856885808188e-07
3.858027264100009669e-07
-2.478019182511252094e-08
-1.085832212961702262e-07
6.157682164204080493e-08
7.699455077566157167e-08
1.549191074652136062e-07
3.210720594565221252e-07
3.117907542365950926e-07
3.713939835915157590e-07
1.588260110059193400e-07
5.895510956937801066e-07
9.524211353608688736e-08
1.222427016726650133e-07
1.362267592326225034e-07
1.670855804058617162e-07
2.874264621678830459e-07
2.180783172298576244e-07
4.372485319118695005e-07
-3.868620643045900641e-08
9.822526346836867695e-08
9.595453488497885031e-08
2.063949245117400953e-07
1.636301446393004824e-07
3.368493625804244208e-07
2.487854221132208388e-07
6.391627741049900694e-07
6.504846227924787014e-07
1.334003359536411635e-07
1.860762370744188498e-07
2.092379652636582908e-07
2.764995262622057676e-07
4.061506054542300917e-07
1.340135041173311351e-07
7.944890536069467209e-07
7.111904342126433767e-07
1.720588428768075863e-07
2.614471773935476856e-07
2.058127002938854546e-07
4.571092509908728273e-07
3.924003825843091111e-07
6.049380244649059921e-07
8.778050219358751505e-07
1.010039396816754950e-06
