-3.514818906649401419e-08
-1.604707552154061888e-07
1.519945671309917889e-07
-1.158264667625905823e-07
-4.286082404872238260e-07
-2.713183358629816104e-08
-7.562363438199763555e-07
-1.863362567811672788e-06
1.066060017411213228e-08
-4.814759160548102208e-08
3.318275939381976917e-09
1.487366648393771615e-07
-2.131207331197748699e-08
2.275541478874039184e-07
6.239477678330949919e-08
-9.359318026397807826e-07
-3.177448556901630220e-09
1.356845008666489132e-08
6.841133326208107951e-08
5.284841328133542275e-09
-1.326079067637884502e-07
2.001442667307997783e-08
-3.542226938195257438e-09
3.149149281405924755e-07
1.229376183860032301e-08
2.725475567249135244e-08
1.430463436359311571e-07
1.607429010529106115e-07
-1.081583508081459894e-07
-1.660640599781436944e-07
-1.257080624342083485e-07
2.392971627607744544e-07
2.871663554400666994e-08
-5.577585089654807248e-08
1.433276824289505433e-07
2.056231923661994442e-07
-3.440510586983224830e-07
-2.458957715843662934e-07
-4.413017029987365424e-07
-6.834576280632395114e-07
-5.565501237939724213e-08
7.987469363680826720e-09
-1.262922612529953186e-08
-4.577146987880307588e-08
3.290227125280871859e-08
3.530903063570271853e-08
-3.759841559977648889e-07
-1.306299281632631680e-06
3.060111366405863383e-08
3.562877087409277836e-08
7.202202909569019280e-08
1.814052571229756658e-07
1.018871816403968370e-07
3.686055498634966908e-08
1.287497339282615762e-07
-1.372697190146348739e-07
6.786144051235415862e-08
5.311701792519886211e-08
1.533818264112581804e-07
1.055443724738780432e-08
8.841515664926790453e-08
1.919148770687732375e-07
8.817105408569302613e-08
3.634582697182021155e-07
3.040196525909101556e-08
4.043191107777659918e-08
1.540404359000805673e-07
7.610939793537209876e-08
1.449070104592993524e-07
1.396548928865895654e-07
1.118513405178055635e-07
5.279442530744842364e-07
7.838129494888137994e-08
5.529499002434284342e-08
7.983736577518314195e-08
1.612218241224516715e-07
-1.277020542747209469e-08
2.151412190880400562e-07
1.203845390863199871e-07
4.842461487818167719e-07
8.967084783573756133e-08
7.347217165924430949e-08
1.514238451523478357e-07
1.877632678219016660e-07
3.261313890843884950e-07
2.207001966681517985e-07
1.273815017694375412e-07
6.150818870270530564e-07
9.194102981062164967e-08
8.873139197559206549e-08
1.297618636396142457e-07
1.208494725605462517e-07
5.160922908966807840e-08
8.187665746462169785e-08
2.989764136596800119e-07
5.236622083836095563e-07
1.882529509187003145e-07
1.032099958741842087e-07
2.952843444656357323e-07
1.645081982276213739e-07
5.133597536829918249e-08
3.458681698398616369e-07
3.955401196173023803e-07
3.188394585992669238e-07
1.563187857555943900e-07
1.633138889513328983e-07
2.622454878275160870e-07
3.312626482507797609e-07
5.898141945191570604e-07
6.803827722345373403e-07
9.414484649308951809e-07
4.223158491479885832e-07
1.875846954007439405e-07
1.245668213934098974e-07
3.126550694031272805e-07
4.625357742322792850e-07
3.850996865720428008e-07
6.684248675258969478e-07
9.289301358543197143e-07
1.242320701729958778e-06
