5.516287596705113556e-08
-3.396343024495580311e-08
8.581034043935611013e-08
3.059812206971095146e-07
1.792684875530062986e-07
3.490931979099220346e-07
7.637538450943330713e-07
1.460517588818792965e-06
-3.401850189399925477e-08
9.257050008916989962e-08
-1.168027353579468478e-08
-8.273110668103319264e-08
2.199746078163928140e-07
1.489254711512174632e-07
3.304368778395799441e-08
3.503442945151509974e-07
-2.843570519446966496e-08
-6.807571267364206811e-08
-3.079947425802643442e-09
-1.254667379076645119e-07
-1.432372213446627174e-07
-1.240471731539861077e-08
1.714470495538201897e-07
5.264900225386346819e-07
-1.135836316025938116e-08
-3.467251692655236073e-08
-2.976045910739774314e-08
2.212112064720505227e-07
-1.751584057168753227e-07
1.936548693338571070e-07
-1.338298276739033658e-07
-3.936995261080338770e-07
6.825960580411542589e-09
-9.564788286127470051e-08
6.601153345461917517e-09
-6.856441434154588984e-08
1.080639285530501626e-07
1.499043220362222988e-07
-1.769428717790330167e-07
2.680240692227010329e-07
-4.823074607609443102e-09
1.007852546534834840e-08
-4.756633114864529595e-08
7.446424810387440045e-08
4.759038588918800980e-07
2.674566458076105979e-07
-1.534217497038982742e-07
-1.372237851888342689e-07
2.276658834405778424e-09
5.966166591820667494e-08
5.819275747539623810e-08
1.790740803552748721e-08
1.007932287433583392e-07
1.119603280687410151e-07
2.679522679618256368e-08
9.057198396093528403e-08
1.684987557077528748e-08
1.977904661780764970e-08
9.637921972426735947e-08
7.845929790928410511e-08
6.497115082535191614e-08
2.764818454815420627e-07
2.056036835957205821e-07
2.345743358781509435e-07
1.151471290524056010e-08
4.523955433183062000e-08
5.817030344653320238e-09
1.544191164294351148e-07
1.153779472591156724e-07
4.660748602943984152e-07
3.452328778360571826e-07
3.191466005020806825e-07
5.631529627550196604e-08
3.370860995501766919e-08
3.254598536544350193e-08
5.415087651975259158e-09
1.201403711919624001e-07
7.549456016555048196e-07
3.709675963380931551e-07
1.044355565461925998e-07
8.353159147625844433e-08
1.062651854717587471e-07
7.115072016649384472e-08
1.516195842193204181e-07
1.938376838276487371e-07
3.908410886328651140e-07
2.845198721290422087e-07
8.165194462664187128e-07
9.191308739156961537e-08
7.724225897607807987e-08
1.776028291213370402e-07
2.301526769545277535e-07
3.873654269426526288e-07
1.200356948647997598e-07
2.580275968904882286e-07
3.321247971382304525e-07
1.508999507870087369e-07
1.744777187980314214e-07
1.687885228332582361e-07
4.060706240874416162e-07
5.204376285436946118e-07
2.923649317760123041e-07
4.732048753620144480e-07
5.984812563896498196e-07
1.560810035407194075e-07
1.772466323342908310e-07
2.509913479745750545e-07
3.959690223908255189e-07
3.667944321018649242e-07
5.461815952797765707e-07
5.628210225888072851e-07
3.823947611000231930e-07
1.796307404509846259e-07
2.363730905962075167e-07
4.175073304684305415e-07
4.293066387305473926e-07
5.115033823394043884e-07
5.527524937592073438e-07
3.972879424001750300e-07
3.635029440659251877e-07
