-4.228840138095858697e-08
-6.507967422095215053e-08
-5.486683621956035479e-08
1.513659323263622430e-07
-2.469302064473250422e-07
7.180622270073397167e-08
6.347300882047090383e-07
3.788209761771309411e-07
-9.882754921715295501e-09
3.505396887330562012e-08
6.995576014575611680e-08
1.627345347675555130e-07
2.068690127219944878e-07
2.591651482546315894e-07
-2.467776168834612118e-07
7.216432320718705536e-07
-9.152140045481245295e-09
-1.518375859102518100e-08
2.635054695453771351e-08
-8.198408816848979842e-08
8.237254655800451367e-08
-7.961801074264642185e-08
2.804246047832801035e-07
3.603191287225413384e-07
-6.880834364782023448e-09
-1.909121336244302951e-09
-4.476495481418939301e-08
1.272494229960448352e-07
-8.960764294204118108e-08
2.706251889561745686e-07
2.167769373405148343e-07
3.765826303772203120e-07
4.102458720902435439e-10
3.571144096268714608e-11
6.411145631181181723e-08
2.270711135799362631e-08
4.151408748084043714e-07
2.378439851028025035e-07
9.701014689911397903e-08
1.113269491457852776e-07
6.594284642277268025e-08
-2.374224660382543667e-08
7.699735352616062222e-08
3.792713357000571860e-08
5.510409497376412935e-08
-1.869904038854891049e-07
-1.168382030582382257e-07
8.434326825790048466e-07
5.848929306899275188e-08
2.110782697934340810e-08
5.549638182164741131e-08
1.557438440419522827e-07
1.677618714387063408e-07
8.253735673242032442e-08
9.774643634905171671e-08
1.322052652062106674e-07
5.144771230254654281e-08
4.464197628400492864e-08
1.126626642404440993e-07
4.930179646121411320e-08
-8.681503033757593157e-09
6.566184414439026463e-08
3.457503026277386775e-07
-2.452854287244615423e-07
1.497491426839463737e-08
4.384175849751886237e-08
5.180233905769933027e-08
5.319503383533411346e-08
2.517524477450825234e-07
-2.438112240372692947e-08
3.862101613597734496e-07
-4.355488675232741630e-08
7.725539963170992337e-08
7.571749455248048996e-08
1.325021466670551264e-07
1.129541604872158443e-07
1.948201144664810652e-07
2.954954639704790248e-07
6.601820162602645119e-08
-3.671132795871688434e-07
9.610800872578066257e-08
9.309460101561548518e-08
8.683471702411641978e-08
2.204080117974374850e-07
2.830007366095832509e-07
1.259004912641079866e-07
5.675261672258384848e-07
6.300724980702816973e-08
9.373384679603131472e-08
9.582598576542883931e-08
8.370133189306894889e-08
2.881683800111542778e-07
2.939402934064303378e-07
3.757331812245917803e-07
3.445964099610077936e-07
3.705235893582122528e-08
1.378533067867261422e-07
8.732471365213960024e-08
1.843129124881149277e-07
4.560049397844884875e-07
6.060499510450198390e-07
6.624090315315141728e-07
9.485486640184611141e-07
6.180884161127692773e-07
1.406681613984241560e-07
1.190024383842024417e-07
1.963921648766668071e-07
2.409777335526255896e-07
3.996691149471738346e-07
6.927446916293279744e-07
6.908631911293218290e-07
7.632477930148159793e-07
1.742927548086679849e-07
1.646782592063685931e-07
3.634678326098321522e-07
5.261828587841500768e-07
2.609445530208541147e-07
5.048478091747889716e-07
8.064897614200421006e-07
1.484976912868135365e-06
