1.320562375204023397e-07
1.074902543514318786e-07
2.797889181806107031e-07
-1.209480154583107147e-07
-1.307771352233468324e-07
-7.640107253686121749e-07
7.130889328573793275e-07
-2.906647540073850918e-07
2.206765419556253510e-08
5.118582855741779508e-10
1.514995323833556139e-08
2.209446387835143779e-07
8.736939482135755839e-08
-1.090645234209954201e-07
-3.983535297629319792e-08
6.982613782546644025e-07
1.446045545291674029e-08
3.892606593457260277e-09
1.754594232736239968e-07
9.674905011928285665e-08
-1.616797835809615909e-07
-6.617859807502661574e-08
3.372412656731528101e-07
2.298034211927654040e-07
2.588801586331697841e-08
-4.137276410678575485e-08
4.788857479440258426e-08
8.883537152847673023e-08
7.250908865746679423e-08
-4.600281410458700141e-08
-2.616025940044816510e-07
-2.189832146519242332e-07
-1.637529651019589070e-08
-7.426701753465105563e-08
1.639928391734623980e-07
1.658240086843025117e-08
9.467226056251620069e-08
2.859233099674171290e-07
-1.088084877990298534e-07
4.641253926320361076e-07
3.746139287873392256e-08
9.204736452406606125e-08
-3.221031632523235891e-08
6.564583119935297614e-08
2.404407946025929725e-07
1.470292981603031640e-07
-8.123895056468787326e-07
-5.353968395530238521e-07
5.113173780348684090e-08
5.171233089696760355e-08
8.156663602610969285e-08
1.444514097127482106e-07
1.943238438668172809e-07
1.986722887351187783e-07
5.079984967730825701e-08
4.208244086255504359e-07
4.033467962630524408e-08
8.357593999175316892e-08
7.092588833644005728e-08
7.684009424654809220e-08
4.088200663470553440e-08
3.979996661225625935e-07
4.998470616828029984e-08
4.090768968857609058e-07
3.807449831079906692e-08
1.079120977544082417e-07
1.383831701677121633e-07
1.270431013512764785e-07
3.592815729885097469e-07
5.229044157577113427e-07
4.421798392108957501e-07
2.833540207893749683e-07
2.862205962803325248e-08
3.500123187041321494e-08
1.272817450418015417e-07
1.056568916348628467e-07
3.532812809159908346e-07
6.132752433895294872e-07
6.441117185087155476e-07
2.004167878261835577e-07
9.314125861910026845e-08
1.386437775477343506e-07
1.852588566812586851e-07
1.456237943955145981e-07
3.639418275494315461e-07
4.717047225903672983e-07
2.375950082442693005e-07
3.562469013796309673e-07
4.492630919172327782e-08
8.573954014079492598e-08
1.041128599707780605e-07
1.733038969621774360e-07
3.909793273488949537e-07
4.755020019843872761e-07
7.953538612485424043e-07
1.839682895980883092e-07
1.935405258539820815e-07
1.987548828145167064e-07
1.970444752392647615e-07
3.237284802744062159e-07
3.369788613974460583e-07
2.268805847235479628e-07
1.090307317991548026e-07
8.198297929529368840e-08
1.290479659343013595e-07
1.478719025535058595e-07
1.675509138041223819e-07
3.321158233275951017e-07
4.357649680373808356e-07
7.499534634703258213e-07
7.124166816651321986e-07
8.326153941299449337e-07
1.012000863908268125e-07
2.771140994743913015e-07
3.676539073678442518e-07
3.094086884024318329e-07
4.009497748086942519e-07
3.468331492525534387e-07
1.487033930744837109e-07
6.037475752284446082e-07
