4.814682231467432522e-08
4.046142384878877374e-08
2.473207570560544304e-07
7.191434481345263882e-08
-3.395013107565329065e-07
4.929352985728372737e-07
2.130577958181902828e-07
-7.438354408890284151e-07
-1.388785308575990825e-08
1.687550747828240466e-08
7.915579415793736105e-09
1.961830609398671327e-07
2.766183998240186524e-07
1.398464868219462101e-08
-4.991283046499851965e-08
-4.581039613043316600e-07
8.067004352379627499e-09
5.168545232007557372e-08
6.928918729070322552e-08
-1.286686132649533200e-08
3.399741136193376106e-07
1.309407122871429732e-07
-9.929858698817436658e-08
1.940936685537513668e-07
4.674700648574495040e-10
7.328218230772548731e-08
-7.138716598671912812e-08
2.642175347988005827e-07
-1.091338289580240033e-08
2.547159099107718887e-07
-6.473675703654455150e-07
5.816006858854035695e-08
3.082803560575209282e-09
7.426489671034861720e-09
5.896272065423298207e-08
7.166848490091702663e-08
-8.945962441100380608e-08
1.763938027863418529e-07
1.572330504617087510e-07
-3.385241660478202122e-07
4.835046102751185269e-08
8.323348855079051763e-08
1.210526880825391241e-07
5.943493197869485887e-08
-7.622488743068999203e-08
3.527521072650151675e-07
2.176708793561393456e-07
1.286242445097882688e-06
1.880323234209291118e-08
5.923021025288587104e-08
6.353977435492935644e-08
1.190398681795935736e-07
1.760004106819561712e-08
3.922094350994513077e-08
9.477699158637387980e-08
-9.651317283687715518e-09
-2.391575073091299563e-09
7.182097961765386580e-08
7.057475631733992420e-08
3.231545714156949877e-08
-5.527513380251356029e-10
1.770857285635557369e-07
1.570362023880890781e-07
4.039384276568720000e-07
4.883804230016907131e-08
1.057705400594096206e-07
7.858878461883159116e-08
3.060168318247380629e-09
7.077544319812447629e-08
1.413316883096102533e-07
5.446832124100279330e-07
6.709793334400573391e-07
5.098026437913805047e-08
3.364558614259047532e-08
1.869322094088692223e-07
1.461263204303589022e-07
1.296387757452488276e-07
3.438327881892143269e-07
3.599296537273732707e-07
2.340852301835664477e-07
5.834452418257392619e-08
1.006101234383212018e-07
1.551360095704934981e-07
1.862102493021310153e-07
2.064235901510306507e-07
3.457831518379721417e-07
4.183125616269065716e-07
2.197899262179219973e-07
4.559600597765807868e-08
8.145927652548121160e-08
1.859852356422788387e-07
1.869780587945602558e-07
2.369506114400106474e-07
1.540402646415447127e-07
3.156026639169448420e-07
2.738966591689689261e-07
9.930010518502702133e-08
1.513183231631928211e-07
1.805611119914717354e-07
2.113719190671240977e-07
4.765354170775004995e-07
5.716725223117112212e-07
1.249272031658993246e-06
4.633070256278970457e-07
1.682832963280801735e-07
1.768861254924599693e-07
2.610044775898677712e-07
2.534309400622747974e-07
3.857795139251360929e-07
6.895018105585004130e-07
5.116551506808600644e-07
4.263878805877118858e-07
2.079224724763480284e-07
2.505384984509207123e-07
2.145141496514681760e-07
2.490898917172284211e-07
7.613743859177823991e-07
7.381023461281135333e-07
8.620384101602489568e-07
9.058560723709471522e-07
