-1.509972637310095835e-08
-6.379174556884659609e-08
1.487289815164234331e-07
3.801965189796252729e-08
-1.424645563335766918e-07
-6.595394287458864978e-07
-5.752259744604499724e-07
4.181539842684470500e-07
-3.518927463920175996e-08
-4.094703688999270559e-08
2.499702088536509425e-08
-1.031772660437891120e-08
1.329169434631240552e-07
-2.370449071997952956e-08
-5.341412332508289714e-07
-4.399675529900958348e-09
-1.318180343867663152e-08
1.039925321478790220e-08
4.112187660935574321e-08
5.334156978280196941e-08
8.258416327829445082e-08
9.452872864308870016e-08
-7.482881764021385134e-08
-7.542729028192543783e-07
3.390429513120570309e-08
-4.945404114005165399e-08
-2.287918857450506251e-08
1.250651436957230623e-07
9.595668527800822965e-09
8.541082894331751938e-08
-5.036541191322838349e-07
-3.346610148436162076e-07
2.258323702317300551e-08
9.146999639764468593e-09
-7.257042110344680956e-08
-1.013518057645300859e-07
-6.448783992036023194e-08
1.581508866674146688e-07
-1.914514987821049782e-07
-2.620765036867571035e-07
2.023267241968151997e-08
-1.436101104137080195e-08
1.043712691560486003e-08
-3.611130338628572164e-08
1.225194734103876304e-07
2.821604490274907398e-08
6.079316063374793872e-08
2.631270228031738440e-07
2.934715795109684933e-08
5.135104829677167443e-08
1.116935684610007011e-07
1.193691328114116292e-07
1.352808016592506645e-07
2.222689633034304833e-07
1.016097688672173058e-07
3.383195164216066981e-07
5.982368961825941036e-08
2.269992383945835517e-08
4.277766279897260794e-08
1.217053780084967314e-07
2.695539002382160396e-07
2.738106886398191967e-07
3.322381603724983672e-08
1.323996195014593754e-07
4.473622376498053410e-08
2.404646045280481834e-08
6.317852919133877208e-08
1.039473403268726747e-07
1.080907795769879023e-07
2.297751295183011240e-07
8.252311368677197450e-08
-3.506287385209250360e-08
5.448543041671094037e-08
5.634746173373282062e-08
4.295080784880629009e-08
1.464962659453404634e-07
1.397137180495642246e-07
2.366281812988218826e-07
-1.268395878672097223e-07
3.901554553214516221e-07
9.497252758806582304e-08
6.397420076196267406e-08
7.079439205308393636e-08
1.470169270241326027e-07
1.194568470947404331e-07
2.985172051703735583e-07
5.795308856214796502e-07
4.265375161424289032e-07
4.731329939013557443e-08
5.409826964651764557e-08
1.096793707912862459e-07
1.378761319575591617e-07
1.408108634720268533e-07
1.144030369961414182e-07
7.817111341504290420e-07
5.109553525507642131e-07
1.414235180149203876e-07
1.754305995555333138e-07
1.541556784147827606e-07
3.851985011029453637e-07
2.280048363949678335e-07
2.337198528236348237e-07
3.016883160608810517e-07
-1.799420269078586471e-07
1.704044976631288046e-07
1.917074196269255549e-07
2.505943106548254353e-07
2.321222298082967831e-07
5.577267519573017331e-07
7.553834525687646315e-07
7.162236887506177029e-07
4.198880460248316070e-07
2.152757960091196623e-07
1.637973009778757915e-07
3.627669580868306064e-07
3.733616094801370952e-07
6.849687511868712912e-07
8.380278543377926016e-07
1.103760607695546038e-06
6.165774013182186596e-07
