-1.105961531268283531e-07
-8.377406497189386240e-08
2.190323922087423145e-07
-3.177726091580244854e-07
-3.807768701984503174e-07
-3.643568303574790887e-07
-1.112971257888950278e-06
-3.812562601018608996e-07
-1.371094744039228902e-08
-4.596247322090837653e-08
-1.960962815453021012e-07
8.035481980114786135e-08
2.441892796346002307e-08
-1.987555291068588661e-07
-8.946627222834462016e-07
1.360981971009816918e-08
-3.216850592360911911e-08
-2.399964062010873199e-08
-1.157798379933195005e-08
-1.339090808592057212e-07
2.742373915192095160e-08
6.966593633556909834e-08
3.889457068387000883e-07
2.984649175685569257e-07
2.218567445411251426e-08
2.296170798625149751e-08
-2.707993441664355607e-08
2.848061194496786985e-09
-2.158355788809118356e-07
-3.792168541859592279e-08
1.418363661695776814e-08
1.856221601992373337e-07
7.828468891073762919e-08
6.993301095018480964e-08
7.229937511910436147e-08
5.814993661637939792e-10
2.187706486047570011e-07
7.794491564248265329e-08
-5.339906563019010215e-08
-5.450447218326270228e-07
2.292338992851715062e-08
-7.320132960046407546e-08
8.590650756802486171e-10
-1.258948626559148709e-07
1.178374898284423065e-07
-2.078640782279339781e-07
-2.033427509821583294e-07
-7.482517637855220858e-07
1.412936015292719547e-08
-6.849136372969174682e-09
1.246583244497299606e-08
1.125831129463103759e-07
1.225707445471297263e-07
7.022242906328622499e-08
5.449641784762731722e-08
1.686727359747303995e-07
4.468110004303415109e-08
-9.771567985926962185e-09
6.308924190021619128e-08
-2.028115158460951403e-08
-8.984604786370433681e-08
-9.355776728981946799e-08
2.822119447849075223e-07
-5.473015876962093841e-07
6.000790350096941374e-08
6.263886374214274174e-08
6.688311683073653761e-08
1.022228078061582238e-07
3.324908027646964005e-07
2.930989605229412904e-07
6.149444073140796825e-07
5.269631824004901512e-07
4.556897099416720205e-08
8.119459333364562885e-08
5.051992283189200174e-08
1.052494049616646967e-07
2.148016181734671701e-07
2.961217713182175193e-07
1.605297951360895209e-07
1.117246199461874154e-07
5.996542323510904965e-08
9.552146327055400730e-08
1.103928618182341843e-07
1.543013858992740683e-07
2.610356453957059384e-07
5.485194877175621443e-07
7.411944070558171752e-07
3.112795579248581754e-07
8.527687006333534823e-08
1.281259977087738845e-07
1.117326499187537243e-07
1.402023500421979897e-07
2.746097823085670603e-07
3.471020882442090568e-07
3.455705819892455770e-07
2.438538586411357768e-07
1.075210278451834433e-07
9.687429684700422705e-08
2.626737027606018024e-07
3.214701194397254426e-07
3.382931877896596079e-07
3.864607065168722109e-07
6.774915392931295004e-07
4.971331710243941455e-07
1.225055736616173141e-07
1.719760492299859060e-07
1.806620815129433892e-07
2.554251400687220635e-07
4.206183740591424294e-07
8.400795334081332857e-07
8.137362266821758255e-07
4.349086325300647302e-07
1.601950679121566429e-07
2.264329714125027167e-07
1.955612543050046346e-07
2.672262312004979174e-07
5.470691704138722570e-07
7.721609985823512127e-07
1.415320397051430578e-06
4.540857761023242156e-07
