-1.573852075121481873e-08
-9.804404846820205716e-10
1.974490157696201030e-07
-5.901353621169599236e-08
2.745017163850567912e-07
-2.044042722203448637e-07
3.782158900869667005e-08
-2.084388159370400134e-06
-3.098171965896818622e-08
-3.684083882742486587e-09
6.130495417974384300e-08
7.782300759532202618e-08
1.618922582444426319e-07
-2.849974971295626862e-07
4.639780619724851544e-07
8.309006741897459337e-07
2.187507196974055409e-09
-3.590749968090935372e-08
-1.392146170509211325e-08
6.401309649362436797e-08
1.864909233258617911e-07
1.423130379724346800e-07
-2.203283522595594748e-07
5.068473238728487042e-07
-4.699491291621002550e-08
1.415574281008632795e-08
-7.294992401948532163e-08
6.772617135185776953e-08
6.898965557362429442e-08
3.382437305388180605e-08
2.174726296384168408e-07
5.592114147357231665e-07
-2.144997146070909893e-08
-3.314916587698064172e-08
6.735748287513825519e-08
-1.228754437971881940e-07
7.373795057968316937e-08
2.262579010736659509e-07
-1.766788154924623423e-08
-2.452516467313213027e-07
4.731981455043770675e-08
-8.157534918252340713e-09
-6.768621250659780893e-09
1.225202647082786465e-07
1.984976723526778474e-07
1.223753118817933254e-07
-7.823640499274987440e-08
-1.779091709188554018e-07
2.248926528588639684e-08
1.694682718409210648e-08
8.174513554414482631e-08
4.446669692707906238e-08
1.969263912339731994e-07
9.990480345096368324e-08
3.952726468763550390e-07
-1.724806380998116674e-07
2.718500499561699477e-08
2.850462103604142505e-08
8.556733259144012126e-08
2.132189408635492616e-07
1.449861362038039778e-07
2.902749011599291462e-07
-5.563132015061320450e-08
-3.334917960229789522e-07
9.528790122400633079e-09
-2.291199850302995081e-09
8.166854785013491372e-08
9.508738002815809999e-08
1.877890760442076547e-07
9.565506330551338434e-08
1.600009634496427310e-07
6.290471161340332811e-07
6.846121478359036689e-08
1.200855407444046020e-08
1.464967781238535349e-07
1.109630634133859093e-07
1.453793010877961307e-07
1.020677940238502293e-07
2.744729295947138819e-07
-1.957784820250635156e-07
8.506892393606656976e-08
1.054426906718378541e-07
1.106421847124298016e-07
1.485873103052645252e-07
2.611959235905134300e-07
4.155026385546017792e-07
5.021375820140870963e-07
2.117358086002216044e-07
7.766784132251712194e-08
6.390292329683737443e-08
1.686329297820788932e-07
1.117568260578419380e-07
3.182457946445656794e-07
3.139442311010517845e-07
7.389730197453389113e-07
2.404504580144716435e-07
9.843440419275177329e-08
1.733431031527348061e-07
1.816967643716099835e-07
2.092034648771379405e-07
1.677982530992398849e-07
1.109239914052295871e-06
1.103201411124362663e-06
4.169172501500684374e-07
1.443917848728956929e-07
1.510178413209822503e-07
2.766093207448744822e-07
3.230754985992470965e-07
4.577248000211135601e-07
3.731995089331944046e-07
4.007887449685719322e-07
8.419971908424083790e-07
1.866148347871199648e-07
2.242580993853733729e-07
4.164304283545435284e-07
4.765527304473626935e-07
3.697317429152413693e-07
6.622477713544962636e-07
6.721766761721219524e-07
7.157681971021145142e-07
