3.477139697753215491e-09
-5.548143293822845607e-09
-3.210044443873885096e-07
1.385180657083849506e-07
-1.704816822493685267e-07
9.863652770640652880e-08
7.787093841022980864e-09
1.538807165048895651e-06
3.666500810715124972e-08
-1.410946054041508391e-08
-4.587085425333023077e-08
6.421478187994289963e-08
2.479685135747559753e-07
3.776207937578647108e-08
-4.134421644115978631e-07
3.362185359070448298e-08
1.848954235798933155e-08
2.633757537232851984e-08
2.712904769173346591e-08
-5.297856874992144908e-08
7.769500981486765338e-08
7.266512805048268418e-08
-2.143076724504483266e-07
3.328888106708403628e-08
-2.806335588218402897e-08
-9.335167291260171714e-08
8.033382399071774317e-08
1.701811442470142891e-07
3.428171389846211571e-07
1.087806115975966119e-07
-2.636699086466088203e-07
-3.086581032841191100e-07
-2.215009425164277499e-08
-1.786960428662611586e-08
-4.362671970913013090e-08
2.159385690709073883e-07
5.604182843370218834e-08
2.677613373316866568e-07
5.536243239472825410e-08
5.335091191631762365e-07
3.571767196934177874e-08
6.835840410322093593e-08
1.825663965502157965e-07
6.388868217469101138e-08
3.877477456377333166e-07
-1.251911940443095258e-07
6.594022370947162865e-08
-3.954780349726213116e-07
2.964794248803184968e-08
3.083270632749138693e-08
1.236688172283595979e-08
1.048662447630539641e-07
9.857126645694924963e-08
2.426690061917877237e-07
6.430184749926405777e-07
-7.719071173194163417e-08
4.188391329703713850e-08
9.514258895147786158e-08
7.363916134007853053e-08
1.351766449291920452e-08
3.344833580346407025e-07
9.478112534224504899e-08
4.011034744105163847e-08
5.196365661713666206e-08
2.198464680754375275e-08
8.267199220176091686e-08
2.486399982508889101e-08
6.092026992697159094e-08
-3.533018138201316368e-08
6.007737370896670160e-08
3.088075268269710208e-07
5.451325089648382403e-07
7.341125288044647364e-08
3.361554620853492796e-08
9.374716899467256302e-09
2.375677665640005127e-07
1.057457504931861701e-07
2.488016041576402426e-08
4.014583858517274298e-07
6.852358102521950683e-07
8.453556501092817461e-08
1.071274633127431483e-07
1.426185097795642654e-07
1.753299008616622421e-07
3.049807816288385796e-07
4.372693835894881683e-07
4.557575567979081874e-07
3.792440257799398802e-07
1.004357240895828843e-07
1.218583850057748046e-07
1.904811016555337724e-07
1.891992279455715212e-07
1.606191592636599010e-07
4.321022965944848615e-07
5.384374768169747113e-07
5.377903269448343540e-07
1.417838670703210871e-07
1.053007528569664713e-07
2.670647781293199925e-07
1.839966395441727077e-07
3.923566300658431585e-07
5.590825369528753672e-07
3.731089490091248044e-07
1.430856062300741163e-06
1.328258511035437326e-07
2.199825053118141853e-07
1.879759043433741182e-07
2.725719682972643105e-07
3.330457445390507628e-07
2.529436487291097999e-07
6.503600012251784269e-07
5.902319507705947268e-07
1.632166946624228311e-07
3.068788699734586291e-07
3.910486286687741195e-07
5.593649566744296875e-07
5.958634289500166796e-07
7.219599892707020427e-07
1.014497803410575037e-06
1.316930205840619455e-06
