-5.162891871951472508e-09
7.308690405905865137e-08
5.890549799909027038e-08
-9.014782735079185473e-08
1.391907511935358471e-07
7.071014447043043181e-07
3.795394888284975550e-08
-2.936381858614426798e-07
-5.407219663057795146e-09
7.133848156292702849e-09
1.123541307896159817e-07
1.695914566029521973e-09
-1.159192327313322056e-07
1.645867190072080152e-07
4.124070201799620110e-07
-3.399366395443428608e-07
-4.987693398348980189e-09
1.378478771954645077e-08
1.069982689479253137e-07
-7.586902769073625197e-08
-1.310425135436998852e-07
3.641621771516794163e-07
4.576430039808825244e-07
-3.303591108562512621e-07
1.694343888744116908e-08
1.766296142132865193e-08
1.547875735909524498e-08
7.183750205821610250e-08
1.810839125816383944e-07
1.754749147200416720e-07
1.010081590656727090e-07
-1.345431448978424496e-06
2.464980370507858886e-08
4.747977232806800921e-08
-1.159630567691321829e-07
1.468979605243062575e-07
-2.154072196736006135e-07
1.109031752042308900e-07
1.441982298692194024e-07
3.665320061780846121e-07
6.693384934051454105e-08
7.816817210231790483e-08
-1.162619306221996286e-08
3.209636614440200732e-08
1.142394961226692113e-07
1.340615453842567780e-07
3.324173739723354389e-07
3.775588712878135846e-08
1.900793893065371464e-08
3.972529498460567722e-08
8.237760023460028324e-08
5.886964025842345385e-08
2.635270426231228000e-07
4.010906510496741737e-07
1.460572184231539093e-07
-6.160124013532725569e-07
4.166564228654012448e-08
6.266473069960130307e-08
1.350651410673219213e-07
7.016613968852247953e-08
2.490337199788584234e-07
2.379092886911880986e-07
3.337338668109777254e-07
2.900369458755172929e-07
2.363742340728589399e-08
-1.576733324503977773e-08
1.141918535662884071e-07
2.298557572819804799e-08
4.210200484973022113e-09
1.290015690707359903e-07
3.036258545781131370e-07
-3.288509743692024142e-08
7.088854703455569331e-08
1.239167070370972171e-07
1.815402890492908184e-07
9.059091634213638699e-08
3.011201682887527506e-07
3.358531393717739683e-07
6.246879204547049044e-07
3.363690189709787739e-07
7.578378617240518217e-08
1.320210314948762413e-07
1.519427424209400805e-07
2.103567405247697255e-07
3.473001413427802858e-07
1.953357346695313012e-07
2.022499379665104229e-07
4.614370082879534897e-07
7.284637057991862722e-08
1.072346179519081801e-07
1.466486340500369635e-07
1.494750581312711598e-07
2.435347571843591647e-07
6.053663232541450125e-07
3.537369251744603642e-07
6.025678123528948692e-07
1.409797219896904773e-07
1.876694120138244480e-07
3.450754125763407490e-07
3.670273220227465917e-07
3.482886241906849988e-07
6.635311984310659372e-07
6.978468271731304074e-07
6.458705468613199788e-07
1.453276291984195527e-07
2.042593521556771739e-07
1.903445755947243266e-07
3.619382452290540244e-07
2.762021709228678419e-07
5.259421782208800630e-07
7.672389975934035901e-07
2.321183523000482867e-07
1.537648617257542400e-07
1.893037794654083720e-07
3.195433006693081446e-07
2.945319621095230552e-07
4.775871010429784478e-08
7.287323609467248862e-07
1.778908393242644744e-06
1.364151901038649170e-06
