9.229816287132458400e-08
1.357082120098202234e-07
1.923556528608096340e-07
1.556086667259504808e-08
2.973802705248808602e-07
-9.058770469697928904e-08
-2.676683091327575593e-07
-3.595253514144610704e-07
8.040017950980082759e-09
4.061325276067730503e-08
1.697426212036660430e-07
1.119911206783491932e-07
1.813365978414357519e-07
-1.686734076281422811e-07
-2.348018275750676299e-07
5.086186291913038874e-07
2.078108599481501045e-08
2.328425264075319332e-08
7.574759887008842502e-08
1.475145369471795770e-07
3.192052194077656103e-07
2.837811682158199376e-07
1.395669616925213651e-07
6.570745770692326879e-07
5.751384025375198297e-08
4.364478597426228451e-08
6.895349463722642067e-08
1.966136533935196503e-07
8.193181446812695502e-08
-3.025935914708177199e-07
4.341324811923462902e-07
-7.980870950228216273e-07
4.820155642608942340e-08
5.988166340166299868e-08
1.513360028069725902e-08
1.209394476918964033e-07
2.494563519494044062e-07
8.361761950624686553e-08
1.819743373235452681e-07
4.110948195145575019e-08
-3.683518935749395717e-08
-4.191536308023104847e-08
1.358579578437638774e-07
-5.817821436154503052e-08
1.226388717820163649e-07
1.509700442943283142e-07
1.497463190332585787e-07
1.075116845167010437e-06
3.469107100137788658e-08
6.278422618903921256e-08
3.552686106982466780e-08
5.307069188946477488e-08
3.155270242201993152e-07
-9.519340985016993261e-08
4.561059157717747092e-08
-3.677266911370993619e-08
3.167678242491255897e-08
2.691340118683450042e-08
1.091858250311984696e-07
2.686741592175649474e-08
8.820910155311054425e-08
8.184283099887031888e-09
2.834431986001225876e-07
2.851098228033355560e-07
6.710004547356586685e-08
1.154843811408115738e-07
1.168041394666886506e-07
4.025083266594830823e-08
1.335029722716705237e-08
8.769520565007094131e-08
-3.605416981170124564e-07
1.496939969179275955e-07
2.400236917191999491e-08
5.960941349166247510e-08
1.386170025759592004e-07
1.413533857464333344e-08
1.342696901178839685e-07
9.033750876770562507e-08
2.888966888022439122e-07
-1.347459826923697556e-07
7.944278862129881634e-08
7.890145569418883873e-08
1.274222539571825732e-07
9.337882223083545175e-08
1.905849512370002056e-07
3.781824159138166656e-07
5.283271923275021640e-07
7.889497517358083401e-07
7.157136955079363079e-08
8.883855227196375887e-08
1.885391747844972336e-07
1.754153364879020824e-07
2.882486192365788136e-07
2.328730435332384687e-07
4.383792803022085648e-07
1.578090122431957300e-07
8.019147387699851300e-08
1.363484409400372499e-07
3.218922821957077552e-07
2.045056796565137359e-07
6.258057747534346283e-07
3.510207737223409897e-07
4.755404206382045148e-07
6.830484416310021980e-07
1.459876494043652380e-07
1.794791021568943922e-07
3.173279561701832064e-07
2.518065011446629994e-07
3.877654720539586159e-07
7.981852445089084940e-07
5.727179108416780030e-07
4.878976416059787397e-07
1.800705555016782110e-07
1.790241843032493174e-07
3.782730405977813542e-07
4.276728699675991359e-07
5.679369116572500870e-07
6.808910647558811901e-07
5.814106579753664498e-07
1.060464881971658842e-06
