-6.662587413021494081e-08
1.692293732908195933e-07
-3.620151580218176167e-08
-4.712707860986014144e-07
-2.073593611563976822e-07
5.844534789970905374e-07
-1.850821567072254206e-07
1.075307576782854167e-06
-1.866034532158172672e-08
8.192627370543372108e-08
1.587703873055148704e-08
-8.413157391738635384e-08
-1.696747701448736583e-09
9.089526726526301520e-08
3.169932375464644949e-07
9.608814801515929911e-07
-1.645490289497915390e-08
8.135488725376746114e-08
1.528824207721359319e-08
1.288418040129206012e-07
-2.006761481207189477e-08
5.530702703379166362e-08
-6.569988610860957816e-08
6.045572063762148562e-07
-2.795362837948013124e-08
1.802158251130891730e-08
1.220164943882780311e-08
-1.698091479870414311e-08
-3.292991300651654189e-08
1.442698925320188393e-07
4.187181482693516980e-07
4.271078675537098938e-07
8.482126465432628510e-09
3.322339744696999200e-08
8.739254823128985899e-08
2.567138090721884098e-07
3.326413470905855236e-07
9.721114000454183140e-08
-1.616538998906198106e-07
-9.482264839883469630e-07
3.003587095731262352e-08
-4.121152168960477503e-09
8.425733132866754497e-08
-3.658545721774890029e-09
-4.340498732333176223e-09
-4.505230315894407752e-08
-4.680835846338478545e-07
-3.859049830017223404e-07
3.073453023080818580e-08
3.248718807956838119e-08
3.664723069333514403e-08
9.049808519663006766e-08
2.326372971991945273e-08
2.814069580157715480e-07
4.286033743220620138e-07
6.095810873410365962e-07
6.527502295433855608e-08
4.830728396762498620e-08
2.491875928019411715e-08
2.838759204946975967e-08
1.513454396563484805e-07
2.029925720247749783e-07
3.439333865606153048e-07
5.757064746404640901e-07
5.809696616719701445e-08
6.805955149505174232e-08
8.981193708545996670e-08
-6.880587180833122714e-08
2.004101795627855184e-07
4.690495976816220788e-07
2.875008602868139815e-07
1.552843142077526480e-07
3.344808129675961979e-08
4.116704445504691917e-08
5.313116765556288799e-08
1.695970816918083719e-07
2.447696889405132178e-07
1.904849321914405298e-07
6.953680578498606658e-08
1.078991390259467436e-07
7.760324018208366227e-08
1.024529934375337030e-07
8.617192649190073418e-08
2.534695355124946509e-07
3.406853140475412169e-07
1.620051858382700571e-07
4.906032659077585368e-07
1.403900567670688215e-07
1.033306112803833431e-07
1.575006811144519483e-07
1.744196308906220872e-07
2.938976817184889311e-07
3.209680129972609999e-07
2.486677938623766882e-07
6.765491199239758190e-07
1.835444736486682213e-07
2.189225223062771818e-07
1.551246192928178361e-07
1.982946454527003577e-07
1.764019447291559006e-07
3.572497220503832106e-07
7.003746949071974840e-07
7.434573707260718813e-07
6.459974290085879929e-07
1.996708762480012830e-07
2.484753766773634275e-07
2.684588722349823392e-07
4.256209944858246686e-07
4.555837734376198721e-07
5.723935058822206691e-07
8.600749424455874839e-07
8.535443354147898710e-07
1.771059510524965663e-07
2.917395617720748058e-07
2.674943351988747306e-07
5.827910146982861978e-07
3.133183944579552981e-07
3.178259706287435838e-07
4.732301407885903090e-07
5.967419400611409871e-07
