-2.447822336164926409e-10
1.195395541426288278e-07
-7.456081667279209857e-08
-1.131865845504511034e-07
4.919624316347506055e-07
-1.296550504525715315e-07
-1.920703800819803227e-07
-1.156168191327838343e-06
3.096798840489205471e-09
4.145809328762173648e-08
1.163027545144436608e-07
-1.645612394002184689e-07
9.902350055632553545e-08
-2.850540600812129221e-07
-5.995483801001638083e-08
3.058070587271962928e-07
7.470401170176248750e-08
2.643490049934188305e-08
1.581032899282994513e-08
-1.164047286367751715e-07
5.051621339736760594e-08
2.832016151124864817e-07
-5.855706945413356974e-08
4.212985183068255798e-07
6.106379703488414025e-08
3.935393034779336305e-08
2.962613665639488181e-08
-2.786525982037205407e-08
-1.100546835935162277e-07
9.067525530906721636e-09
-6.325530771593192222e-08
-1.542456136293294550e-07
1.632609027260830518e-08
7.602099239437836854e-08
7.624883395673015907e-08
-1.176511398227349341e-07
5.317188411064458269e-08
-2.497689607260833179e-08
9.509456987253132940e-09
-7.448576538285956576e-07
-3.593370646341010577e-08
-3.210050036548157795e-08
2.096637176946481629e-08
8.375539450560923705e-08
-1.910042079560692394e-07
-2.735144515802072107e-07
6.160203108969478505e-08
4.273879055227223899e-07
2.156454873969035416e-08
4.048230197380491230e-08
9.014103624765522630e-08
5.298186493607852384e-08
3.890968073571153586e-08
1.535743205311527804e-07
9.677734932687541654e-08
1.601820325944428072e-07
2.205649812279059677e-08
2.268232405803059938e-08
2.740116549589806409e-08
1.222661432625949378e-07
1.593937237252895689e-07
1.809167079098068507e-07
2.636308376609765531e-07
2.367782182804030055e-07
3.352225370810966266e-08
8.630745446004544345e-09
3.597747797782308130e-08
3.278083906591172898e-08
6.021865898747305630e-08
1.943699141018373337e-07
-1.205607921473095148e-07
3.290955848504013564e-07
4.774398193044288004e-08
6.063829952889835998e-08
9.536761360213532370e-08
1.131104301474714899e-07
2.659513472583235406e-07
2.706422604350788300e-07
6.909485954247859794e-07
4.629916472551630481e-07
1.061911171057158945e-07
1.150102488278944448e-07
1.794145698148540271e-07
1.477603286001595233e-07
2.097405843935486051e-07
2.164966371580996423e-07
3.781947729458315844e-07
5.001285337684222989e-07
9.627496418587057592e-08
1.132201286383878263e-07
8.002049056897716561e-08
1.144368290800413935e-07
4.140158348069635505e-07
6.798200130724102025e-07
6.382219544767709183e-07
4.659631149258731244e-07
1.229634934682535534e-07
2.351577696421047106e-07
2.776243903772844197e-07
2.945544952135876169e-07
4.122194328655674829e-07
8.485434143831932020e-07
4.766869099011803486e-07
1.367490123459693986e-06
1.147090216888241285e-07
1.940201602923297951e-07
1.910169852087207710e-07
3.489442001866415281e-07
3.454045072398462199e-07
7.347060217245388124e-07
7.201023040209302794e-07
1.051012201477219292e-06
1.438941659592391843e-07
2.201565601500540532e-07
1.769840831329205411e-07
4.673341996213305116e-07
8.168884275480690846e-07
9.509339529628894734e-07
1.006458771044900862e-06
8.506323603135124360e-07
