-4.248110913836543924e-08
-3.968601267886941769e-08
-1.465163813819758261e-07
3.940751334892892100e-08
1.412927551018205911e-07
-6.994211526473451372e-07
-2.924649062047680661e-07
-8.041145162818455435e-09
5.060398741301227266e-08
1.927696899163712911e-08
7.367963229919740543e-08
7.162295766252519803e-08
3.334047184607316829e-07
-9.008294306686231097e-08
-3.278136965316172623e-08
1.698534652691249973e-07
9.737429028729356662e-09
-2.152517018844023747e-08
3.283853853824335285e-08
-4.116792138284305636e-08
2.051199785575216910e-07
-1.248254336511631858e-07
-4.348498810342230936e-07
1.110572248734148363e-06
8.901002073050753862e-09
5.287052837881381933e-08
5.271288755010418834e-08
2.048333654231856865e-08
1.950638603493885447e-07
3.384824366484895293e-07
-1.282126056743951731e-07
-3.964757653315144058e-07
6.158548464807723028e-08
1.913499692395623543e-10
3.527833170245914989e-08
-1.435486881841171334e-08
2.384880775167897028e-07
-5.777953321818208168e-07
-1.243722734862382389e-07
-1.205443934741775607e-07
1.355921663546662648e-08
1.041134723593142404e-07
2.198478964682307516e-10
1.080415191866749553e-07
4.671432486208906509e-08
-1.010388517951101431e-07
-3.997055179174895324e-07
4.975690422553544340e-07
2.440407750542202125e-08
4.172826714000789953e-08
7.722747740715934473e-08
-2.987604077711774449e-08
1.382241682456282072e-08
2.224060833721967291e-07
3.353879649923906438e-07
4.160579468218523469e-07
-1.265861202029331772e-08
5.866499613075258660e-08
1.188319996899836135e-08
8.692918643724641130e-08
1.109133384783889526e-07
3.732186960130857962e-08
-1.766281261629269385e-07
5.110238282712126394e-07
6.209951218588287267e-08
9.758680837681973645e-08
5.479974603568366449e-08
6.945883704663554738e-08
8.115257746150840235e-08
1.702739686217304647e-07
-3.452210270696134392e-07
5.305596046383276823e-07
3.953628002701075643e-08
7.961987888670120921e-08
4.908954542683253025e-08
1.312639794987184475e-07
3.203331161997632819e-07
7.151032562224620829e-07
4.497090068313730706e-07
7.514357272064662084e-07
5.424800455988726776e-08
5.148535491069333081e-08
1.359118440150972204e-07
2.766962781147149236e-07
1.844142004727429948e-07
2.751600499177456955e-07
3.049624317171375097e-07
1.034584306335434622e-06
1.101341173308933146e-07
1.279552300172692520e-07
7.837446015824965538e-08
2.596018561041966244e-07
2.700999884150039243e-07
3.173904754938063789e-07
4.317842961417117210e-07
6.048482687693086583e-07
5.291053089446313171e-08
1.294990005900656111e-07
1.320873723877562874e-07
3.163660400223961351e-07
1.988092879638627715e-07
4.924501669177458111e-07
7.892458732847803793e-07
1.134360817149410842e-06
1.326196825905246267e-07
1.715059832968661670e-07
2.065585788056362714e-07
4.048916703870951066e-07
4.267010737638411337e-07
7.148410124185804212e-07
7.572686834986721630e-07
9.590341778884315140e-07
2.598563173791655434e-07
3.107565912563113558e-07
1.013929805104538644e-07
2.301696488212055058e-07
5.348993001620268750e-07
3.655581244763420771e-07
4.820718964316314963e-07
1.246917628165856538e-06
