1.668697578306274708e-08
-9.163779106209411854e-08
-1.379401976306696335e-07
5.371726253652558583e-08
7.292825493433808684e-07
-3.921805666398266625e-07
1.852501312989417167e-07
5.379403500732683604e-07
4.467837478995941551e-08
9.507388255108789105e-09
-6.693502476186066547e-08
-1.112247539961037272e-07
-8.747191384390676644e-08
-5.573158345433765515e-08
-7.300997865443212366e-08
-5.331426881700367602e-07
-7.426309367274977194e-10
1.421451246419321444e-08
3.592942904957731296e-08
5.088968000359454146e-08
-1.342367321950460586e-07
1.183745640584541733e-07
6.791513142669605836e-08
3.600627834510544080e-07
-1.000708351554459481e-08
2.085437758193399550e-08
-6.879755946200522069e-08
-5.460032361331559266e-08
9.595127800916167974e-08
2.754892843761552457e-07
2.029481433925819183e-07
4.864265970554914438e-08
-4.640123725259661928e-08
2.577062054415647877e-08
8.270990192016802417e-09
1.722537322041148587e-07
3.158783539384616320e-07
-9.904346160290334815e-08
-3.291465934833082466e-07
-7.019961502835371022e-07
2.085062141930764386e-08
4.468944525655243297e-08
5.334780013962217613e-08
-1.531957377785114920e-07
2.271761877511158087e-08
2.604928202886941178e-08
-1.562625170511101228e-07
-6.856228918341982800e-08
2.290188163625586641e-08
2.487106737204518285e-08
7.447658741529367282e-09
6.219895159866056737e-08
2.309248548051835487e-08
2.314241171050582864e-07
5.250187471360421534e-07
3.312469238648357402e-07
2.689922873648594748e-08
9.397787667853195153e-08
1.875934637071535191e-08
1.086622152198054563e-07
7.301040169605381309e-08
-5.358902625009357751e-08
-2.145134282744666012e-07
4.686709570944845181e-08
2.903690502099584576e-08
6.851495228318451475e-08
3.057601719831355160e-08
1.336423895204366914e-07
3.354444566811690291e-07
2.448515562661021818e-07
1.999276776918715279e-07
2.331530823129913825e-07
4.180358384397741261e-08
1.056247059382263240e-07
1.411715028052017836e-07
1.677192058636770359e-07
2.406419126114849069e-07
2.998490274903778060e-07
8.614152773311120746e-08
-1.731982221517706205e-08
6.009050793439607455e-08
1.002540257382186251e-07
1.005849622417479593e-07
1.826367942595368938e-07
2.329649487485638238e-07
2.568286747499064437e-07
8.167802571130736225e-08
4.061278542244672732e-07
6.646286838215387148e-08
1.066793962364358063e-07
1.437959008177312790e-07
1.803069515279648562e-07
1.834685605820415008e-07
4.380646402607014316e-07
3.992366232823705552e-07
5.908181340291471977e-07
1.340490858734417426e-07
1.547079565181090738e-07
1.505619448908754823e-07
3.633668649030596870e-07
4.280915444486304245e-07
6.042264573413158605e-07
4.806403193587296105e-07
1.881937529037885996e-07
1.502673874000829423e-07
1.697113910294661511e-07
1.580193190185276805e-07
1.918014741222143972e-07
4.976074197145586104e-07
4.614425112797827491e-07
4.865055608706448056e-07
7.902576763570718979e-07
1.753052769115430980e-07
2.262087645846108393e-07
1.965064958442462570e-07
2.073489014854076334e-07
6.402320155392015998e-07
5.460988312457876210e-07
7.295298992218014000e-08
1.488824835265471802e-07
