-3.170620529766369164e-08
-4.501477593654999721e-08
-4.767481956118858356e-08
7.781067869151696128e-08
3.084749427110773192e-07
-6.891181468175595530e-07
-3.877480513235234785e-07
-4.164581167424835712e-07
1.456530242581305991e-09
2.637743015546662741e-08
-2.363547596831001168e-08
-4.259158259638590673e-08
1.280693582372111353e-07
-2.611893652060666230e-08
-7.402704694126160377e-08
-9.818489705210024119e-08
-1.253357052282883032e-10
3.497106598843694526e-08
7.291250533341430027e-08
2.047094944811428271e-07
1.253514155751391748e-07
1.375595440656403509e-07
-1.016374987785121165e-07
1.284316355758922424e-07
1.791751642780789982e-08
-5.550198439617575008e-08
1.002271899078966176e-07
1.389301824051870900e-07
1.429408586592612776e-07
-1.058080028163696507e-07
3.524744027441073394e-07
9.693376817137021016e-07
7.068132318006022888e-09
-8.283339513434857223e-08
4.035628779494318347e-08
1.948241621210131918e-07
5.110972727294603881e-08
-7.419359901823931636e-08
2.166738002368946948e-07
4.319612698089259497e-07
4.762337016737974665e-08
1.249005796073739904e-08
1.198481524143728036e-08
-2.328312545426985857e-08
1.398063586095364261e-07
-6.984851277703558272e-08
-5.839117994246364695e-08
-4.457514651304123672e-07
1.246898245926425995e-08
7.354139738497094967e-08
-1.325041509438809686e-08
2.744990173759115120e-08
1.142103505599854994e-07
2.749459230084904111e-08
1.548029229575807473e-07
4.334111509673911448e-07
4.307121995259100974e-08
7.062491215827622962e-08
9.691009899257805978e-09
5.856006621782068733e-08
1.493570825989040801e-07
3.197580564739160870e-07
4.062459195514731295e-07
6.666184467996665445e-07
1.295253673006151674e-08
3.221251887733848631e-08
5.059048580728288628e-08
9.039129015298117637e-08
5.842770185828869110e-08
2.892658850072938510e-07
6.152398609288491472e-07
6.930159805876024489e-07
4.248849918164865070e-08
6.779621608247771211e-08
5.448294675908645094e-08
1.692571369478515816e-07
1.820120639379554945e-07
9.962982086515406073e-08
1.272487493501033798e-07
2.994918771118148836e-07
5.499591221083703223e-08
9.966500177253183656e-08
1.809561056704524450e-07
2.166459018258675309e-07
3.264049611179799446e-07
4.033826993272615021e-07
3.171278546228706862e-07
2.367156025382914223e-07
5.641314907216948499e-08
1.019241194883861890e-07
1.178889514379053518e-07
6.721936763650150113e-08
1.260266498209487444e-07
3.064181841989298074e-07
-1.612613420012757379e-07
2.599105469569951595e-07
1.368490587951295562e-07
1.349763700665277371e-07
2.593281565738688596e-07
2.501182124360738345e-07
3.955476627303792066e-07
6.107479526414066155e-07
7.808920837187525458e-07
9.268267774242472546e-07
9.811744957088743999e-08
9.477648686890737842e-08
1.640914971322579078e-07
3.340069571124086677e-07
3.662991539225005545e-07
5.561497290975768555e-07
4.468963862213636741e-07
1.098528502268990343e-06
1.515757175257943381e-07
1.694205233220859547e-07
2.646348308991253203e-07
3.801666196036398957e-07
4.026576568080529685e-07
6.759091693708713364e-07
6.000923047130253622e-07
1.121789171415653466e-06
