8.617223873876838759e-08
1.637563003943365695e-08
-1.311059881440653413e-07
-1.579000619850090432e-07
-6.756203631087299177e-07
6.472439746131583695e-08
-5.640721646976736386e-08
-1.657912573567025524e-07
-4.846639123838361992e-10
6.388360801094518665e-08
-3.297410719298517332e-08
1.808162728459326547e-07
-9.214548369946605748e-08
2.873142510912561120e-07
1.692912207205669653e-07
2.221781135403329370e-07
-5.999647891118217046e-09
6.087434652510864327e-08
1.054209314722955684e-07
2.956397534449587451e-08
4.050262873670163440e-08
1.800527045259766388e-07
2.456572291730958920e-07
-2.218096001568792142e-07
2.235283642311571029e-08
-2.223529893734851945e-08
1.639485348161744632e-07
-2.709407742965036761e-08
-1.123018840324826264e-07
-1.248548451157814188e-07
2.315555318334316943e-07
9.442363736020890600e-08
-7.038002066470444535e-09
6.696046746839374695e-08
4.048136921000000038e-08
2.800282313677240963e-07
-1.150814900139631006e-07
3.108710190781164168e-07
-8.433828124631447862e-08
-7.949058961658879130e-07
1.792625308164725520e-09
7.667814161740882887e-08
6.335266599801665017e-08
1.459405080206711360e-07
3.578558615636182613e-08
1.600542227578784114e-07
7.510013810554371632e-07
2.281771636947114372e-07
2.857990721084485931e-08
2.399119853531275557e-08
4.656660192370031258e-08
2.257519437799864783e-08
8.702713992416328136e-08
3.458650321146808932e-07
1.751473496369950562e-07
7.302151387616812508e-08
6.040758188010464338e-08
3.053708375881924432e-08
1.439666159655980659e-07
2.271341825077651227e-08
-2.179418219828008602e-07
1.484125183861439693e-08
1.895715577526734036e-07
4.547272705977067274e-07
3.842012707469172929e-08
1.858589580237719962e-08
7.012384091671521289e-08
6.660077471701757476e-08
2.292863447273062791e-07
-1.918028915523245244e-08
2.707989536841515059e-07
1.984289259546085160e-07
4.798630299755233716e-08
4.105995558174414123e-08
1.220565491894643272e-07
2.045251610463595046e-07
2.046303635408670849e-07
1.315856228386470595e-07
1.668243405504189776e-07
3.367734271524906082e-08
6.603336180032702679e-08
8.852265458082999373e-08
1.411883606638341094e-07
2.253709030364936261e-07
2.020487015642693006e-07
3.477532093366092200e-07
5.043737651605751146e-07
4.945695858314123802e-07
7.300008703444584200e-08
8.034938021036927722e-08
1.848065140775357605e-07
1.428733921432429899e-07
2.839568760367118436e-07
3.482137972607933202e-07
3.391033526365989361e-07
5.987942387179094958e-07
1.385358157745657129e-07
1.388623806429349770e-07
1.636259069868128011e-07
2.395406622409522916e-07
1.724668556091595550e-07
5.760123345205509042e-07
-4.953842769273738960e-08
4.725064477009659432e-07
1.685499467497501808e-07
2.046867675110595392e-07
2.819465498413366857e-07
3.604535339001409399e-07
5.233852360170191752e-07
5.538498071460356147e-07
1.176825411160975501e-06
1.043604008397912767e-06
1.594539516518917504e-07
1.507323857502672115e-07
3.333318636008640128e-07
4.962972610643488093e-07
6.750662086361553383e-07
4.183585589924947150e-07
5.481657594180653790e-07
2.471909951697254856e-07
