8.642301942489292711e-09
-1.859363577776053651e-07
-1.098326480209968435e-07
-8.020620375364514833e-08
-8.125469445345707370e-08
5.210461116786263313e-07
-9.646538863053406737e-08
1.418418665025277044e-06
6.353688929953687271e-08
-1.960835671486740899e-09
-9.239961402930952001e-09
3.398538570112222778e-08
1.519600141167369591e-07
6.115971268458581930e-08
1.304193754521523631e-07
4.665578425524567097e-08
1.655986475774830316e-08
3.816848908521278017e-08
1.798349207301565714e-09
2.002929475296482182e-07
1.665549601066355837e-07
-1.422630950044052151e-07
2.943524022488148861e-07
9.246119745854154722e-08
6.808906385556444707e-08
3.457075512645829703e-08
1.365606824450597365e-07
1.282455729758385790e-07
3.936346263685884886e-08
1.468574581249700994e-07
1.939069784210476804e-08
2.905927130318116505e-07
9.208951727178261216e-08
1.211897076732467586e-07
5.309894001499112521e-08
2.803936721902297867e-08
2.247207688620918132e-07
6.127897123057730020e-08
3.558062536358970889e-07
-4.113341427506036541e-07
5.333312667641504674e-08
6.881281115552609326e-09
-1.089466675853989612e-07
-2.270444467949823305e-08
2.691153933154743847e-07
1.716470668621353623e-07
3.304734094280458221e-07
8.085925895038276489e-08
3.504565988319613429e-08
4.143591653446624984e-08
8.205436899147715771e-08
6.741615944142303537e-08
1.587850022495758320e-07
7.005477636810813999e-08
-3.669490009365164848e-08
6.099788102769568091e-08
5.693175730183205972e-08
5.450207147017951214e-08
7.141286133511223154e-08
7.049469151752430720e-08
4.793013350537917629e-08
1.824175003303430335e-07
3.412107021039288001e-07
-1.675772547712103833e-07
7.984540569502073327e-08
6.277635073019650957e-08
3.037287713530962944e-08
1.507702017073616420e-07
2.667740327713577407e-08
1.009263195358452771e-07
-2.120961898581840230e-08
1.620878037438989190e-07
6.632851950597003570e-08
6.785434136678315923e-08
5.270247505935164517e-08
7.414336826363248244e-08
2.064706588134371852e-07
1.900889790969196065e-07
1.242682254411013875e-07
4.498259615453781093e-07
1.136705808090068302e-07
1.180921435652335681e-07
1.772615566063906422e-07
2.100068180629927391e-07
1.279476589116604548e-07
2.606026554071181674e-07
1.514016663315922768e-09
1.945697679362992909e-07
9.881883098476685563e-08
1.001793559305563687e-07
2.059161161231649694e-07
2.502738685608110705e-07
2.739782188800493022e-07
2.732998330977951106e-07
3.729833625841328877e-07
2.996155700939966255e-07
1.499780099293514216e-07
1.367578531045051074e-07
2.649778890972776045e-07
2.841133140068224519e-07
2.992225175257681472e-07
2.644065273490518200e-07
4.227650719729114998e-07
7.122603046325347087e-07
1.670797468751753684e-07
2.334472702715014418e-07
2.869472907390733323e-07
4.286635516749865188e-07
5.263168733027350312e-07
4.313885627601717552e-07
6.581050607004111554e-07
2.447856624036536541e-07
2.335588221124664903e-07
3.403812221309398789e-07
3.581530899123771414e-07
3.180928841374016524e-07
3.426974607660044148e-07
6.051466597386872618e-07
6.332620464857809170e-07
1.239476529548125649e-06
