-3.485306312603673375e-08
-6.365816520445285854e-08
2.155797437519820561e-08
2.144014645970402298e-07
2.237585477136025039e-07
7.005218233768737285e-07
-3.217090377244070752e-07
-5.974410368990153403e-07
1.945695140282075324e-08
4.503370647743354562e-08
-1.369630246108339334e-07
-1.296647468852489647e-08
1.800916912653383776e-07
5.692364653640395624e-08
5.362770880716155967e-08
6.720748284116647350e-07
3.449579289311358424e-09
2.882435179084085758e-08
8.750673430614538650e-10
1.944690238017114137e-07
8.925502710362645365e-08
-2.743518211250468451e-07
-2.402715719166793989e-08
-2.394090840265275468e-07
-1.632612316415326422e-08
-1.783148621958906839e-09
6.963096417924529905e-08
-5.511368396548531148e-08
1.247378429168525737e-07
-1.973642150617640067e-07
-9.733025146781995882e-08
1.830001194431373490e-07
1.958307969826561863e-08
9.922863547672172404e-09
2.389985216036628761e-09
8.403175481154891266e-08
-7.428007224706500250e-08
2.575152958968861018e-07
2.141029576196350124e-07
-1.605013786821614884e-07
3.948612775658028848e-08
1.030882750312911653e-07
8.591297814329881985e-08
9.345978356559055205e-08
-1.198075666536757572e-08
8.695758903462777381e-08
4.351772182868343963e-07
7.672351690807001428e-07
5.396332886819403078e-08
6.723918373938846614e-08
6.791802633930553147e-08
2.848779707979008164e-08
6.880605969275210617e-09
2.006962250506308732e-07
4.071644100846894351e-08
-2.161157643753300847e-08
2.170133275736678741e-08
5.298997967867597385e-08
8.771477387539384575e-08
1.581585892997117012e-07
-6.058171475725431145e-08
-3.753160943342125930e-08
-3.614982444530609139e-08
7.067903643028825590e-08
6.453548445455290954e-08
7.188312260120884694e-08
1.097608255838724364e-07
3.182407191759210243e-08
4.672085130746074480e-08
-1.406412816279597956e-07
1.126123441449275556e-07
1.527892077801627027e-07
7.409326148660990079e-08
6.727992072217017135e-08
1.049204186347916072e-07
1.924583350436604319e-07
1.053755610275079235e-07
3.573646159409136625e-07
-1.475665017441434881e-07
-2.440089644283809572e-07
9.628489263093362382e-08
8.457456040911452461e-08
1.862561361604353069e-07
1.802221845113671209e-07
9.923956839264890080e-08
1.269821941648081873e-07
4.900123300311089923e-07
2.298162091039984291e-07
9.787655240604825843e-08
5.959461729799524246e-08
1.082805309274675973e-07
2.503991753486665980e-07
2.831876812829164576e-07
4.057236044807787663e-07
6.406653391968644449e-08
4.521008719913404829e-07
1.601076826009343847e-07
1.481912098712493516e-07
3.038017405734679531e-07
4.094975818719742764e-07
3.249877750310421983e-07
2.845603746045714951e-07
2.297189791176585116e-07
-1.331878899821284114e-07
1.424280591269568837e-07
1.695145319997515704e-07
2.840985364803939347e-07
1.589430162107814236e-07
4.260907656025716102e-07
3.414002595297624231e-07
5.606900893387509537e-07
1.495505704379260547e-07
1.876272201661662588e-07
2.407117639285032022e-07
2.735271591702790392e-07
3.392945895517283434e-07
9.073383439925907368e-07
7.812753875971371717e-07
4.477007137737626495e-07
1.009144929418251775e-06
