-1.601041554263362416e-08
-5.837132398673873083e-08
6.099017936008786027e-08
1.196704681075857732e-07
-3.858386358745075108e-07
7.265271681204706955e-08
3.596397282134269734e-07
-9.551736610834861498e-07
3.820991271870629217e-08
5.334960795044113992e-08
7.078340646471238059e-08
-1.673508590922839407e-08
3.415888506500590891e-08
-9.349061163057040023e-08
-1.548047658587786043e-07
1.394632448643193755e-07
-2.072296877728684758e-08
6.333931353413608416e-08
1.430660091934185424e-07
5.997790509399021256e-08
2.345738544743386818e-07
1.573274776979696008e-07
6.060206202649386929e-08
1.001298536455716255e-06
2.507939071978748994e-08
-5.705770459760469233e-08
1.480027205393155343e-07
-4.154898813495778579e-08
-2.654152358486992101e-08
-1.755967720965849972e-07
1.878804972895512930e-07
2.283202201685954227e-07
5.863071625722291506e-08
1.363284226185449631e-08
6.244581687456905833e-09
7.353953765686171242e-08
2.108735035539307582e-07
1.570982349545710823e-07
2.509845411501429391e-07
6.061514773890408256e-07
5.381127502045238761e-08
7.989206661906286992e-08
-2.647142785064330580e-09
2.197145206808549810e-08
1.079941633279008301e-07
2.034405204710468879e-07
4.295321131712606361e-08
1.998221517597132135e-07
1.248389772509638844e-08
4.265249571929788999e-08
8.557284590173196751e-08
7.760359577614433427e-08
1.519827681429928437e-07
5.550427163860799248e-08
2.189597701065396811e-07
2.346567777439431810e-07
3.741586403089046307e-08
6.244446727227795986e-08
1.720107326051076566e-07
1.457828416386657090e-07
1.776589165906560349e-07
2.445105284425673762e-07
2.589841703599273208e-07
4.457334620049739562e-07
2.320238575715079239e-08
3.020449237812120694e-09
6.642631734344410705e-08
6.928367849521386545e-08
2.421927281028400399e-07
6.208509161612906820e-08
2.306308313648342607e-07
4.166361633998013064e-07
4.145301023691359720e-08
9.223588429166309878e-08
1.147593366939531329e-07
8.595830250231011691e-08
2.980757368601149181e-07
2.633935887620440141e-07
2.053743611513077809e-07
7.264938886255438480e-08
7.319874972077892305e-08
1.095849559543555228e-07
9.164361872467786070e-08
2.410692924237963651e-07
3.767862743343741020e-07
1.688565317005135923e-07
5.653262321855923142e-07
2.863481192658265460e-07
8.866339281272510572e-08
1.091277370175824933e-07
1.253409063780478645e-07
1.126734841510349358e-07
2.138596757163272365e-07
3.383575110146690136e-07
3.198838012495340537e-07
-1.504593965666089966e-07
1.344396824666885412e-07
1.599031978129237767e-07
3.306365922748508891e-07
1.781214005969077235e-07
3.700278080181045101e-07
7.200766542716933472e-07
3.338485437907250528e-07
1.756430371473682828e-07
1.475408395321674634e-07
1.912449616421245670e-07
2.701209118815926413e-07
3.371863587548391161e-07
2.666202182637593740e-07
5.971498432682022193e-07
5.624035132797484514e-07
9.539163375491206154e-07
2.241132705111524510e-07
1.905553036800791687e-07
1.710885900301940504e-07
3.332823974684105337e-07
6.745234696255279734e-07
9.686087765261266763e-07
3.421947820210193389e-07
1.306638660313986606e-06
