5.145019192782660803e-09
-2.187035688088539418e-09
2.003353535563237061e-07
1.129878942372986939e-07
6.134014373335996365e-07
-1.044853999338453233e-06
6.023289240791032775e-07
-2.009272733504449684e-06
1.788162805942558970e-08
-9.938548290229819524e-08
1.795441647064297882e-07
8.192288977375823741e-09
-1.047064790878683675e-07
2.684335185676029507e-07
5.629547328729732731e-08
-4.173232062361852544e-07
4.276242964946039188e-08
1.331242780957302681e-08
-1.302910913515035897e-08
6.040151951321543900e-08
1.498041781628873406e-07
-1.869190080995555248e-07
-1.983571881822324957e-07
-5.033641397058646973e-07
3.730580548646926331e-08
1.043227356473504543e-08
8.689193347909478194e-08
5.477191023742957550e-08
1.454398015826002495e-07
-8.682572545718731152e-08
-2.372569801882717058e-07
-7.133987726732768581e-07
4.199849852985159010e-08
1.463384827186726327e-08
-7.154924102173450978e-08
1.774642399102197524e-09
1.030967373211034526e-07
1.387774808811289549e-07
1.438077920480029449e-07
-2.873695956950675851e-07
6.545577907374164910e-08
1.843427022470145102e-08
-7.587788406201201229e-09
4.308593668082463404e-08
-1.042944258140284149e-07
-4.836209335093441865e-08
1.703588992823351408e-07
-1.137306880804784290e-06
3.812940364840498795e-08
-1.667465184974290345e-08
1.475218299839778502e-07
8.250307692666729779e-08
1.322379406693108931e-07
1.487751936528961381e-08
2.620392680337431729e-07
-1.463801553113461215e-07
4.623617079886988542e-08
1.020259890350796342e-07
1.123966273391732944e-07
1.225904834486713865e-07
8.393482418477389826e-08
1.273819572723461577e-07
-1.457799920698968377e-07
2.485476499215017353e-07
2.584120439634853879e-08
1.444661763225045600e-08
1.153866047280890395e-07
4.400088933987500659e-08
1.189064509852236700e-07
3.436304896065465170e-08
2.143528850446891342e-07
-2.996916448273861638e-07
2.595191445387484791e-08
6.162852845268113876e-08
1.226662535242020485e-07
1.430360933004905539e-07
7.233102672428519681e-08
1.768571548254652214e-07
1.077928812849225700e-07
3.634292004050984591e-07
7.898131120900477176e-08
1.261213462129377097e-07
1.575617605189080747e-07
1.918211347860536067e-07
1.267648252263701220e-07
2.002231232247051107e-07
2.626882313908742792e-07
7.166585623356995764e-07
1.109233980302984690e-07
1.143524471134765911e-07
1.891956563199205773e-07
2.283765462888100199e-07
2.288734275002563893e-07
1.113557833448445978e-07
2.370696355124211749e-07
1.252003388963782194e-07
9.144875899348679287e-08
2.033764789881029967e-07
2.216346145889529817e-07
2.960461775945205768e-07
4.241092983855254563e-07
5.072390360002619763e-07
5.811336564936451277e-07
4.329465248092080154e-07
1.598000140936407755e-07
2.352594128627548993e-07
3.109235370558445646e-07
2.351885586940023508e-07
5.000346384352535454e-07
6.642618597085148575e-07
1.182319866036997081e-06
8.130150549562247737e-07
1.893113101426790271e-07
1.460196798751797001e-07
3.032721686646668775e-07
2.970372282082791232e-07
4.617098022556272837e-07
7.090931345541596510e-07
1.031266480219631976e-06
9.364880503732322673e-07
