1.025558144889282776e-08
4.935855582250750455e-08
-1.848596365635284973e-08
-2.340300627371529995e-07
-1.142380206372110410e-07
5.860782528777980075e-07
1.764387182295254927e-08
7.943784308578719706e-07
3.772063080984603557e-08
5.231311548218140339e-09
-3.991225915448276243e-08
-1.029816595791594352e-07
-1.317208371331745530e-07
9.578253451508681846e-09
3.082487982489000539e-07
1.585030668170390353e-07
-4.278137017984750457e-09
1.873601957132477766e-08
-7.993986739547667257e-08
7.943235375473742113e-08
-1.917200860160862871e-08
-1.198580612586529420e-08
3.742956332822728007e-08
-7.291492819664063330e-07
-5.944305704595572287e-09
1.450009751304988965e-08
5.994210397929724595e-08
7.677188446827877369e-08
2.577080965791746311e-07
1.016493151904435431e-07
-7.155381479496054494e-08
1.762770954817316564e-07
-2.759085312185710604e-08
4.659058284293823368e-08
1.462877112793366197e-07
4.103729921162888378e-08
-1.290278476238832389e-07
-3.655026077337098562e-07
8.034507687767594325e-07
-2.762198080939881120e-07
3.754182765512819067e-09
2.778352463712691306e-08
8.289223131125095466e-08
-2.333631177695674142e-08
-8.572451045135233636e-08
-2.999813217410066480e-07
2.895106915126777771e-07
1.006197492303211118e-06
2.142298159685281608e-08
2.663565193219329468e-08
8.586645816516081346e-08
7.648182476780878411e-08
5.369927649661091571e-08
2.610040318112712483e-07
6.730113942559542623e-08
-4.091883239387658526e-07
1.317444898511417374e-08
6.218202263064258598e-08
8.205240340457740444e-08
7.603704139820072120e-08
9.995978708782823552e-08
1.735221815645540554e-07
5.208408809324854027e-08
3.544646298531350476e-07
4.585561582195014125e-08
3.506126834163998409e-08
7.576999109911191077e-08
1.203598583191827286e-07
8.591638091861081983e-08
-3.413755429036758721e-08
7.750426658406918100e-07
8.271717377419361324e-07
3.215827833820253278e-08
5.674615439889879129e-08
8.427620860207913837e-08
5.109626500590656407e-08
6.755249076134355962e-08
7.257398694290230747e-08
-1.761372451269817792e-07
1.689127411161949328e-07
8.039601288519199783e-08
1.097903811106278082e-07
1.791964799647116606e-07
1.890800205837334334e-07
2.605524062114721843e-07
2.299612649871881622e-07
2.352246044720501742e-07
1.281174444011814896e-07
1.020289770423673597e-07
4.454243332903910539e-08
1.116178183934545221e-07
1.605543029406300680e-07
2.475411881622582930e-07
4.388431556130718468e-07
2.030489497233353601e-07
4.258792996791312152e-07
9.925632365848013682e-08
1.446028946874459318e-07
2.855403962633913090e-07
2.204013067230375818e-07
2.843478413790714688e-07
2.621834572136442907e-07
3.052495361692777028e-07
9.702994100672324233e-07
1.348860694282102469e-07
1.990039388197057981e-07
2.758489615636481897e-07
2.118252344083350039e-07
1.394649447858063821e-07
1.855606191824748759e-07
5.543423602376365333e-07
5.237665203074054752e-08
1.633833039284167879e-07
2.757691239692625896e-07
2.957864781554263232e-07
4.105405119379705861e-07
6.362175402531821039e-07
5.133677428815350463e-07
7.941073106456590080e-07
8.816950322702745998e-07
