3.989229051168709501e-08
2.193978664577341039e-08
1.688255349699753420e-08
-1.244737423044399968e-07
3.341700527149556927e-07
-3.911684323991035063e-07
-1.453435732081046071e-07
3.222314833013317861e-07
1.447997041319630029e-08
5.486419165139308450e-08
6.623630391385651363e-08
7.319646843728920890e-08
1.339782216510138181e-07
1.791774235760783466e-07
-1.311982655926825220e-07
-4.502016288830199600e-07
1.285139853977199202e-08
3.750149392296053174e-08
-8.656693557157312713e-09
7.684212325592822929e-08
1.474732943468451630e-07
3.648204567082125523e-08
5.283382774729777200e-07
-2.075213186814129769e-07
3.068676358804616764e-08
8.190691981101810307e-08
-3.416306880195662131e-08
1.002618523973478082e-07
3.565323478138971977e-07
3.698554130972538231e-07
3.212816319944596300e-07
-9.203700362313870345e-08
4.867869582111293246e-08
7.275373359027494868e-08
4.625696468686537993e-08
-1.075401738373169642e-07
1.056155345844411411e-07
-1.326214106935373011e-07
-2.399076995662128849e-07
-1.806850856148609222e-07
3.330123923665765204e-08
9.812370666120023627e-08
1.696738236607871916e-07
1.215686803471034333e-07
-2.965156949551752928e-07
-1.384730237945118249e-07
-5.281120125760320895e-07
1.404634182488959485e-06
9.743494452178158043e-09
5.998893165815799029e-08
1.334985784995324935e-07
9.628572117286747324e-08
3.327123266425076701e-07
3.266139076542573763e-07
5.669598542156296959e-07
-5.289494660294676445e-07
2.214134144588138173e-08
1.330866977332350421e-07
1.281475745530379826e-07
2.807971011688359991e-07
5.859671734531827050e-08
2.124651922735802322e-08
3.081377008566082575e-08
1.082375835110227349e-07
1.857764054458757169e-08
6.171158550389205901e-08
8.799860607445327576e-08
1.228878225365789587e-07
1.421828216281860862e-07
4.932285055913878754e-07
-7.197475386827805390e-08
5.312260018785324337e-08
5.239297909995696973e-08
6.184678147618961205e-08
5.265638943165971610e-08
2.442899056950414597e-07
1.315006382430089528e-07
4.129615712582878158e-07
2.730426993023004591e-08
4.388054360107418179e-07
3.912388663144736249e-08
1.076256911735084833e-07
1.918799628078091438e-07
1.590136537382818931e-07
7.250638567396923468e-08
2.581793447369572065e-07
4.220347901027230069e-07
2.239552889103664826e-07
8.486709912344921877e-08
9.230606295019091218e-08
9.293981549030528722e-08
2.624597620462354184e-07
3.496596194269390326e-07
4.173712497642729733e-07
3.109793319156939189e-07
-3.889042890486662671e-08
5.621914766279968057e-08
8.795552225637143245e-08
1.843636616077471291e-07
6.541543896109753508e-08
3.578208861734999772e-07
6.705684932918306317e-07
6.428667724295527236e-07
1.026037688499637338e-06
1.163181046289940039e-07
1.529250603723263093e-07
2.779530232102457320e-07
3.058841734737119440e-07
4.219276754607877798e-07
4.800789086999249278e-07
9.271144561268653250e-07
-1.997576844760472332e-07
1.593445636202784998e-07
2.012888582415340764e-07
2.293513155388138089e-07
4.092357095347575512e-07
3.946592495983830279e-07
9.399025110314671634e-07
9.768713540878999705e-07
4.036242635350140305e-08
