3.058643400246468002e-08
6.994154686230332283e-08
9.412523806992571362e-09
-2.795958950774607666e-07
2.137955564647149070e-07
-3.962733799585977901e-07
-1.293158680162792317e-06
-2.903755982622752320e-07
-8.976447038670394850e-09
-4.618883278402962773e-08
-1.133653774681077827e-07
-3.379990930303738483e-08
-5.505142251617974387e-08
-8.156262694931093858e-08
-1.514721551624573999e-07
-3.475844507025664376e-07
-6.052340847326218566e-09
2.946063617646449612e-08
4.825141936803761318e-08
8.377529514234492454e-08
1.990327145647097532e-08
-1.343412733053012031e-07
5.832472006744856314e-08
-2.995577481257137982e-08
1.634836258535730338e-08
-1.129958265619444003e-08
5.400247962119884257e-08
-1.367002217887137039e-07
1.591325148460963242e-07
-9.989611453661356997e-08
3.914475973011647279e-07
-2.947946949489631340e-07
-9.687871589169885601e-09
9.190513050604593423e-08
1.188185021153278439e-07
9.542645908704501761e-08
-1.817728322620766214e-07
1.173085160875636188e-07
3.551326654916114741e-07
-4.576556190233102140e-07
-2.422710812917499657e-08
7.444506264808378336e-08
1.291322470592764944e-07
5.919430458965240234e-08
9.243571548329589649e-08
2.838127922718584421e-08
5.259983185158265063e-07
-7.213697308807991284e-08
3.727281111848555768e-08
4.622101362435449196e-08
9.427777262189236974e-08
1.026816185651787999e-07
2.599563207096519304e-07
2.337251798713597841e-07
1.048697022382431601e-07
-1.814133360812810293e-07
4.091348344357113895e-08
9.060326548740118330e-09
9.490471821471694730e-08
-2.248421785033527499e-08
8.430471231249873757e-08
2.501829449459687973e-07
-7.214188729974497413e-09
1.603982129327581404e-07
6.917669808499095605e-09
4.173101176764117623e-08
1.188832934461043779e-07
5.071233761335213719e-08
5.964512873340694840e-08
1.516258597591204320e-07
2.855072396799020808e-10
1.525265081711275902e-07
3.524409890661471312e-08
1.053130062126693068e-07
6.094397365450977085e-08
2.606279187908653619e-08
1.826019278726634589e-07
4.453288083135531694e-07
3.906814786613317895e-07
3.686594679220642300e-07
7.250388132099542103e-08
1.333126399466970257e-07
1.135372679330812991e-07
1.298477605441615885e-07
2.594138188655444264e-07
2.481908495347858023e-07
5.332162448603809027e-07
6.189592988868905851e-07
5.978415899648934845e-08
1.555265067256071429e-07
1.530715075030596114e-07
1.826652434944062851e-07
3.336490876546080753e-07
4.334634135620033009e-07
4.226019509072179388e-07
1.769798529471988612e-07
1.432457969617299290e-07
1.839548702787986844e-07
2.183899656107408156e-07
4.643534225351048832e-07
1.656544349028250702e-07
3.697199981799114894e-07
3.009251093043186370e-07
5.477187024327348790e-09
1.501794594895415090e-07
1.898567452544466646e-07
1.943381576331300131e-07
3.421299599119227820e-07
1.820484066330625850e-07
5.343718555622462750e-07
5.671827971457486503e-07
5.460646431818538595e-07
1.476948310948294371e-07
1.681684287416119330e-07
3.523087968787121213e-07
2.994284016233454144e-07
3.984608337802053697e-07
8.452428442174319384e-07
8.028302908203470050e-07
2.687810499349292871e-07
