9.258279427987802580e-08
6.081468694622616142e-08
1.376197526604112977e-07
-6.496741457946665592e-08
-3.745082782597562556e-08
-3.305621242551047165e-07
-1.091028065170029230e-06
1.568075683875660603e-06
-2.165010237927421372e-08
-8.794243424721362678e-08
-3.951674094989259728e-08
7.056284729886148242e-09
8.410193277642794596e-08
8.356218433933736972e-08
1.920359483905855629e-07
2.819731388989983432e-07
-3.682934497635420101e-08
1.343247922440152995e-08
7.546047915513726651e-08
1.050728549745068832e-07
2.361268132476671835e-07
-6.571754384020597071e-08
-2.376573037919466980e-07
-3.070994940521597144e-07
-1.480256455732940713e-08
6.054798447982917161e-08
-2.206574442985557389e-08
4.198383517691397245e-08
1.448573912658446260e-07
-2.242411763135189016e-07
3.197213711980269895e-07
-5.348505696837310311e-07
6.777682931618257657e-08
9.109112096485117049e-08
1.032080164424560892e-07
7.000169371848166042e-08
1.889640642537938526e-07
-1.169439935874793735e-07
1.930437025274649614e-07
-4.251143210944263634e-07
3.298612071031772699e-08
7.739021846917603957e-08
-2.630266553892244598e-08
1.492287542929980933e-07
1.513678937410978898e-07
-1.727789899499302463e-07
1.078708264391310539e-08
1.041618384604184889e-06
-6.763205014105826525e-09
7.067196422763633353e-08
6.537662113940200106e-08
5.104999234813463880e-08
1.060657920722721646e-07
9.114038224433180551e-08
3.149475352880902019e-07
7.050230935060522567e-07
1.257095027493695972e-08
4.123965251291963549e-08
7.316003356906345711e-08
7.800438121395442837e-08
5.117968731620335674e-08
1.519905162116306447e-07
2.950926411838432888e-07
-2.504412655189928570e-07
2.583588908354727828e-08
1.002673145526005969e-07
1.033365594046756377e-07
1.799386416236423562e-07
7.030911295329327724e-08
1.195570509841859374e-07
2.974054504194943110e-07
3.845414783792488268e-07
2.087502592007244412e-08
1.181950022660820344e-07
1.088298664916431940e-07
2.698889432205946638e-07
3.101130973366297134e-07
8.818172302582560060e-08
6.909619106350731509e-07
3.989659922940323449e-07
4.758513832470880639e-08
1.265031771267812030e-07
1.011050266809825863e-07
1.641954535122301230e-07
2.869792393205735272e-07
6.381178067526445533e-07
3.416063700692979498e-07
1.030775277083655663e-06
7.785187612300240701e-08
1.200493909708504273e-07
1.940778008129564561e-07
2.154982345136093499e-07
2.808582726634086650e-07
3.205444484631883457e-07
3.785792182481810917e-07
8.754473811727105967e-07
6.752137802768905141e-08
1.434924680766814980e-07
8.171539913566209944e-08
2.338476666835446267e-07
4.344541216692863615e-07
3.363592204083515715e-07
4.218947211340317414e-07
4.638645849551499048e-07
1.363280688193139364e-07
1.643071244919460585e-07
1.450869065432608701e-07
4.073934949387114714e-07
3.390783274025342588e-07
5.624678600375460054e-07
8.537721614484780104e-07
7.320955255154846812e-07
1.643006691179206450e-07
1.729353437268586191e-07
3.055090710595656918e-07
5.183883625475973895e-07
4.112123459385226937e-07
7.110622662911327185e-07
5.626216664309360056e-07
7.552971305154496829e-07
