-2.650533255096568115e-08
3.803017316474298747e-08
-3.046117710991526094e-08
2.146146270173561451e-07
2.380919480785787787e-07
-5.204620716230998673e-07
5.818853456936068847e-07
2.918925436276978040e-07
1.918065183982628779e-08
1.693243090796123527e-08
-1.415875193658319079e-08
-1.269592159084705543e-07
-4.064662193715816760e-08
-4.645360446397626605e-08
-1.183898873488350647e-07
7.507744498413883569e-07
7.816354656177025853e-09
8.474318499553776686e-09
3.731265905796788277e-09
-4.366190235923205888e-08
-4.653432143263196236e-09
1.971428144257635138e-07
3.075451929653429628e-07
1.233088718321110502e-07
9.344912436345042757e-09
3.010074979436935079e-08
1.499710212856026983e-08
-1.798364765788639864e-07
-1.000112895924742125e-07
5.655558540805261370e-08
-2.522116425566501283e-07
1.298669851110071677e-07
-2.772986096028072211e-08
2.609509835152372011e-08
1.379656496774645249e-09
-2.643139450317417186e-08
-8.309848453543051927e-08
1.393505917926460340e-07
-3.260272252845219741e-07
6.071867565352137664e-07
-1.045185862269618609e-08
2.275676614847184069e-08
-5.836410922179814882e-08
8.339788495490483589e-08
1.473886012809757367e-07
1.755933858412892662e-07
2.898971337802181921e-07
2.118835417905778796e-07
1.201204388640237932e-08
4.083618291437449612e-08
4.011420579994268018e-08
7.928584227054859203e-08
1.851070816538399724e-07
1.206850765864180712e-07
-4.094324121823385546e-08
-2.609486764047994597e-07
1.578381286564139145e-08
3.806107659273136585e-08
1.380764436955302692e-07
-6.818439297684847842e-08
2.751942149943454279e-07
2.989308622819470339e-07
-9.318463837905008348e-08
-2.253067211887484421e-07
3.808760555518842007e-08
2.190490442727405648e-08
8.806279647824594610e-08
-4.510732941974823299e-08
1.225104014891561556e-07
3.307878119089944791e-07
-8.495924617824832198e-08
2.627201744722890627e-07
3.182698842957098625e-08
5.345077090022716505e-08
8.573530861276208216e-08
1.201177119930161652e-07
3.247301102132972415e-07
2.734053725447690860e-07
4.283829720352959253e-07
3.085955610177170590e-07
6.783369423710281143e-08
1.102565821605320118e-07
1.308429741298920400e-07
1.686391048324520548e-07
2.260818792234798595e-07
3.850514341199537726e-07
3.274398951745665707e-07
4.811002660245308671e-07
4.729958086826505080e-08
6.945211105803775566e-08
1.369944124087158183e-07
1.564467361060001314e-07
2.624997874577818643e-07
4.632910768518895697e-07
4.901410177994317108e-07
4.664020838159631763e-07
7.198023778290259996e-08
2.167614689129928006e-07
2.432980379922559398e-07
3.335092229996289073e-07
7.235713732280349983e-08
2.315163332973253830e-07
6.710025742922789157e-07
6.912522159480357372e-07
1.051312567821963925e-07
2.285089835985564570e-07
2.655540632920308217e-07
2.580557734603109382e-07
4.578473201673060599e-07
5.078970967735579106e-07
4.933692979303160003e-07
6.330769175355728329e-07
1.087962082811098175e-07
2.201868751998426618e-07
3.080413701463287442e-07
4.265550978180400995e-07
6.785927729508602215e-07
5.633032787211174772e-07
1.268251565148234316e-06
7.441810939462289012e-07
