-3.119605405160892262e-09
2.988447972870596032e-07
1.603603707551026418e-07
1.363741925942154856e-07
3.143159402858193709e-07
-6.700011095299277838e-08
-1.531579339812930916e-07
6.577054814121312358e-07
2.126916912155920804e-08
5.618458585372945068e-08
-4.794243969505084237e-08
6.516185385602352128e-09
1.083134081780100581e-07
-8.367095638516474858e-08
5.190459743243830589e-07
2.213791082557076874e-07
1.744328642148017128e-08
-6.007707931169529793e-08
-8.425968428136467800e-09
2.384471692066752139e-10
-7.892405846034808450e-08
1.337635485499181489e-07
-2.375922599434308693e-07
5.044036663644825926e-08
-3.436009291781519015e-08
-1.698209231154363047e-08
6.489185045567161264e-08
-3.400494060040980846e-08
-8.908726217022236794e-08
3.185318393205321777e-07
1.476253107079466826e-07
4.736355066753755810e-07
-7.007735916663890075e-09
3.013598175090116295e-08
-1.114137707192224323e-07
-8.063664553303771991e-08
2.245133455158847159e-08
2.184287425283549794e-07
3.741370297206956635e-07
2.635125364441547320e-08
4.144082142543178667e-08
4.712591410003521342e-08
-2.728338776051020703e-08
-2.930347613554898909e-08
1.059387020205669104e-07
1.969518211054166531e-07
3.736089084595767087e-07
-4.489373793544528385e-08
5.395388977314565672e-08
5.301627908858300605e-08
4.659229843924681541e-08
8.615473710931981099e-09
2.282009350079648846e-07
3.718414640126712587e-08
3.550084374920438167e-07
5.482985543761988857e-08
4.339821503547348997e-08
3.987982708544306372e-08
1.014336104443591966e-07
1.253622211136425084e-08
3.083503270857205284e-07
3.192298923619715485e-07
-9.253971169911697731e-08
-4.027603511758612889e-07
6.131560357324474776e-08
5.221631247548198733e-08
1.531518363483540599e-07
1.211282355680061363e-07
1.365976847035902025e-08
1.339274041987152415e-07
3.360065449751437285e-07
1.645746151632939060e-07
7.181483468920129286e-08
2.952101273655473836e-08
6.753270898208110055e-08
4.320156840080194835e-09
1.516418922180539755e-07
3.518209415765580775e-07
4.018883668531486403e-07
1.485928316420857900e-07
8.564747405254220624e-08
8.821114917086470976e-08
1.496638579108514999e-07
1.666822935934292056e-07
3.290460418800217409e-07
1.592763029025331003e-07
2.874316592171056713e-07
5.708725500560196504e-07
8.665808526744560873e-08
8.894676093910070237e-08
2.006771153316322035e-07
2.251966104746692329e-07
1.827959625579771428e-07
3.077498861853304346e-07
9.043645582838150617e-09
-1.658521998582727591e-08
1.414146019134770782e-07
1.283410435205450189e-07
3.142334590626232927e-07
3.270914090072473481e-07
2.853323950177051397e-07
7.609546908670862016e-07
2.339221516432381307e-07
1.296524625588750857e-06
2.238148946843264235e-07
2.075025800844097321e-07
3.399388566866685317e-07
3.711239614678666151e-07
5.435731635281382001e-07
3.971108488121104598e-07
6.056958265675505918e-07
1.212063208827842310e-06
1.765209874228728894e-07
2.819753106264379548e-07
3.020235690836695738e-07
5.519492273760389180e-07
8.600925917768784456e-07
6.085440618778528060e-07
8.091939004058413520e-07
3.635352680567476326e-07
