8.807532409979385860e-08
6.342105924782831253e-08
3.469231731351369016e-08
-2.371741796461920032e-07
-1.232496959961485454e-07
7.166410445366233958e-07
-8.994706353835897963e-07
-6.122122791963962448e-07
3.959792197849390947e-08
-1.012602561196980378e-08
3.478944855348933031e-08
-1.723552048213602614e-08
-2.226439516940533567e-08
-2.097864789415476200e-08
6.429575381004217356e-07
-8.227781772515294158e-08
4.946224707491126873e-08
3.268439386950252071e-08
7.508829788544486818e-08
5.043266915087484800e-08
-1.643245086528864042e-08
-1.718694578976181308e-08
-1.180049847139654725e-07
5.280461252031813855e-07
5.030453743404568951e-08
-4.965752835728788941e-08
1.357376989752009011e-08
8.475040631829861490e-08
6.482253584698705346e-08
1.339484670228910681e-07
-3.676294189194808103e-07
6.510986715578778658e-07
5.558478043745407035e-08
1.344003928707999556e-08
-3.928432375197311632e-08
1.289919843255459326e-07
1.301205509092608710e-07
-3.368542487720132041e-07
-3.857430360757515727e-08
4.642115410293550159e-07
-8.783215444893062988e-09
1.900167816053133218e-08
8.675207248517764454e-08
-5.352261393172644282e-08
6.427926861014019437e-08
2.705863554331001245e-07
-8.189307396241771186e-08
-1.087021191423289159e-07
3.000312031909941938e-08
2.895090051223778844e-08
8.251261231575438889e-08
9.755217499926498566e-08
1.690470062501917614e-07
2.032438287527941276e-07
4.822163262606041383e-07
3.981734426381281692e-07
7.788670969784481367e-08
3.846064676536966940e-08
4.298860647631544072e-09
1.191805115928855288e-07
3.613579783662808412e-07
9.967773280372050797e-08
3.913992121363153129e-07
5.031145781139141194e-07
3.221666141037308095e-08
6.076975761046455906e-08
6.573681756558161992e-08
1.447533521586251097e-07
2.965160198353701729e-07
1.352892678972986389e-07
-1.783520881608460339e-07
5.299249980674691867e-07
1.000309293164704860e-07
7.320382246262987540e-08
5.048417859367282731e-08
9.031394999877507244e-08
1.614080867886732567e-07
3.424608279281817671e-07
1.779801165112916725e-07
3.487248189533316339e-07
7.553396791198412782e-08
6.345322527836001533e-08
1.613464155510078404e-07
1.081284083579261315e-07
1.863902547511839281e-07
3.092199403173184006e-07
5.015137515688364075e-07
3.551323277129774912e-07
9.487109057574218944e-08
1.269885989355984449e-07
1.613246493638036892e-07
1.518904020872963749e-07
3.270025088952245645e-07
3.604013443033617559e-07
4.724415950041717195e-07
5.816750375451991631e-07
1.267577906678694201e-07
1.059393096031659835e-07
2.647765866779299360e-07
2.741130740559133244e-07
3.321682516191152252e-07
5.797638780853601523e-07
-4.889238164395570397e-08
1.086253831470589274e-06
1.512058327405005648e-07
1.235989290084625219e-07
2.368259869593517740e-07
3.904007580348269229e-07
4.051842263364859654e-07
5.517334083298954099e-07
4.872048196884112902e-07
8.065885710818917569e-07
2.075137566567272255e-07
2.888940305094416090e-07
3.583024328140814663e-07
3.328417073718522345e-07
5.147199031558752495e-07
6.231376986865914281e-07
7.861723533109379239e-07
1.464298549674283787e-06
