-2.496203504849385221e-09
2.152843969948930744e-08
-1.053758573432436914e-07
1.635381795822292912e-08
-5.339189812742694158e-09
2.002999176851515874e-07
-1.631148410057854938e-07
-5.203893761626191319e-07
2.785420232789416719e-08
-1.605243872892398771e-08
-5.085986025947970432e-08
-8.424947933685112572e-08
-3.105481095798418643e-07
2.801617825581639222e-08
1.081097588532977640e-07
-1.047294309503025250e-06
1.657020545265165546e-08
2.416933222274352243e-08
-5.095171735722736848e-08
7.069407970527330770e-08
1.450257866848313084e-07
4.753569735931178881e-08
5.259003921811634697e-07
4.608124581046111409e-07
-8.764317037136033781e-09
4.687014558289634238e-08
-2.911543818383237480e-08
3.540136508239527656e-08
5.323795459792617756e-09
-6.274544685051933512e-08
-2.638527849310252216e-07
2.977856762390302159e-07
1.686631046223903464e-08
1.275287303296478092e-07
3.586648638288495274e-08
-1.007545588035376889e-07
9.407350980863854998e-08
-2.854924615046863483e-07
-6.594526168432168313e-08
3.200408880566269493e-07
3.938032657775151577e-08
9.448961885755478893e-08
1.153437518453509123e-07
1.962343923700672137e-07
2.261020281685487214e-07
1.758178448789218415e-07
5.753149113453142710e-07
-3.648073525616559786e-07
1.304072757538054068e-08
5.149406972876398996e-08
8.769048045359747947e-08
4.627125106258802067e-08
1.410002918101569994e-07
4.285105047113564725e-08
-1.262377950083872865e-07
-2.333495723417393511e-07
1.814432936206193295e-08
6.455593183596979733e-08
1.090588769630818584e-07
9.401974355318039461e-08
1.116848600354847038e-07
1.820512143565343279e-07
5.666836545862065777e-08
-5.656207449712302160e-07
3.789967737276222122e-08
6.246665259014109688e-08
1.998516003197343044e-08
2.371762356160006456e-07
2.067050278787829606e-07
3.142668906619603401e-07
-2.549859350974162073e-07
-2.812108329625751916e-07
2.627615995141217635e-08
7.645347026592670916e-08
1.249672445610719193e-08
7.306276370758931226e-08
1.873206038603723955e-07
3.639398852261822234e-07
4.426057330941342097e-07
1.879205538590267209e-07
6.313671622752871342e-08
1.017513907871149559e-07
4.562364060577558682e-08
1.443844979211378289e-07
2.899906219942628848e-07
4.022991343492358972e-07
3.693172862562724414e-07
3.115585301887729190e-07
8.775648230295243426e-08
1.296878503108210443e-07
1.869276366434533639e-07
1.285941289062943974e-07
3.631524622593826676e-07
4.195738986702954956e-07
6.053888903185973547e-07
4.911071539268769768e-07
9.891821293842752515e-08
2.185964487350945171e-07
1.945016129538434568e-07
3.784979209514549902e-07
3.522549324923993550e-07
3.152081651494277711e-07
5.916730984149401774e-07
-2.925656461860377244e-07
1.128697277762208670e-07
2.053581287983565241e-07
2.376728854222427676e-07
2.904774915649726653e-07
3.955245423138494199e-07
7.034528138628482726e-07
5.184055033041490310e-07
3.020789345525857793e-07
8.811501083575310390e-08
1.441047162185429255e-07
2.897442543973740973e-07
3.407240982128350662e-07
3.442622448047999119e-07
6.926054934262086243e-07
1.374301874248794262e-06
1.540792099990883665e-06
