-1.079140159551217736e-08
-1.184559040314900293e-08
-2.511204468521444383e-07
1.219164210856341143e-08
-2.201842305901423817e-07
6.348040928904643109e-07
1.613568425675976781e-06
-1.045333776335288877e-07
-5.050510848965794389e-08
-1.048226281580574851e-07
-3.690036845330834728e-08
-1.445189669927912315e-07
1.818735161640646661e-07
-3.101452875118609622e-07
-1.255655317722089620e-07
4.260585265131112164e-07
-1.833223898767297241e-08
3.643690526481032910e-08
6.842808762793564009e-08
-8.965126343658881351e-08
-2.926902384092196151e-08
-5.842988101242965881e-08
1.169689602411649250e-07
6.725677098205231396e-07
3.125086481606690108e-08
1.371267684467067267e-08
1.128868958826700717e-07
-6.679929603877431276e-08
-3.384639159940339686e-07
7.252209552602962174e-08
-9.637883898882104836e-08
6.570638932955767218e-07
1.363432221851364876e-08
-2.462970953520361033e-08
3.882412888117368739e-08
1.178972009594981681e-07
5.264694008112469527e-08
-2.788156861024884182e-07
-1.063220747599683707e-07
-3.130302081995800252e-07
1.648452057906650823e-09
7.170647926953068559e-09
-1.763346304144061892e-08
4.844374115371979110e-08
1.908402158578035197e-07
3.026067468957187959e-07
9.232830072676384515e-08
-3.921736956540723903e-09
1.262294889754669665e-08
4.713067521240005545e-08
-1.596344388976548251e-08
6.248579869061277872e-08
2.515315517879335439e-07
7.024915698643186528e-08
-1.595609098391467224e-07
-2.865546192579850153e-07
3.118007000949829106e-09
4.267327145509565991e-08
-2.248695225872988580e-08
1.424905789783368776e-08
1.639522743424807514e-07
2.362403657002117539e-07
5.952572378134195372e-07
-5.908985579987684017e-07
3.789619945801147142e-08
4.908907097990478837e-08
2.653377257630971422e-08
6.005457525080348869e-08
9.279902353195184489e-08
4.812869913447440845e-08
5.394294564790826743e-07
1.547227839072408255e-07
2.281108392473063586e-08
6.854695546387607868e-08
1.284410389726493468e-07
4.469258002837995837e-08
1.339993079089652266e-07
2.225433913355877025e-07
1.774957796828865737e-07
4.503718398539708645e-07
3.374920224643060889e-08
8.223237055681658657e-08
1.256166765811884755e-07
9.149520409603947934e-08
7.242200727935753801e-08
2.851777117232098841e-07
2.148941105447359084e-07
6.236395278535639644e-07
6.272183590912454634e-08
7.600569660781256043e-08
1.720376259160246126e-07
1.604605734655736806e-07
2.399087136813725982e-07
3.429012202840552634e-07
6.927933242737403881e-07
5.779968577571861986e-07
7.034144605788161024e-08
1.294857188015242576e-07
1.363636923180519617e-07
2.374285026226591554e-07
3.253813399365167960e-07
4.252330914128821795e-07
2.038660295277540751e-07
1.361721339624490320e-06
1.157517843065381800e-07
1.915331921730862398e-07
2.178100666614115440e-07
1.323025517384215150e-07
4.124417846585505064e-07
6.406367854076426349e-07
6.391005930227628251e-07
6.434804272867388665e-07
1.703936943795173592e-07
2.122847991330877590e-07
1.687501154980045436e-07
4.204433075586545487e-07
8.009404426166654885e-07
7.325646651851957315e-07
9.186575342314861603e-07
3.861714112424320588e-07
