-3.498133526188409645e-08
-3.802721517812020865e-08
6.929880908267766772e-08
-1.646641513698907811e-07
-5.515004253190316789e-08
4.433459463338756858e-07
-3.699388428725979078e-07
1.091487281581406140e-06
-4.760424170882574575e-08
-5.921407534146315204e-08
2.079984858870776605e-08
-4.980691409680672350e-08
2.180296882742888897e-07
7.065220828751279034e-08
3.425642914203059206e-07
1.442616377960985318e-07
6.156800109152835812e-08
-1.977509141563410673e-08
-3.881886101536539976e-08
3.335745331240664982e-08
4.657231504523620439e-08
3.147595305488383167e-07
-4.480415247877117391e-07
5.467226894194965892e-07
2.376152230162314960e-08
1.157743327659883963e-08
-1.293931512782753019e-07
-1.023182729478475340e-08
2.494649159836164807e-07
2.906845966192739426e-07
-2.848641774758675922e-07
-3.137519358776065933e-07
6.966818158111200291e-08
-1.374486912484090675e-08
-1.077365058529874944e-08
9.811953906351721708e-08
1.989015115645094251e-08
2.264553357108777440e-07
-4.418347780610598002e-07
6.939763638885131696e-07
5.381673232317276055e-08
1.328262854599378606e-08
9.093136471849991182e-08
1.145406648233288810e-07
3.049994541145334354e-07
2.538968221403994464e-07
-2.110540493927243089e-07
6.645745374015636244e-07
4.902933488208820889e-08
4.010790243810631116e-08
1.130450839025369524e-07
9.218625478762278159e-08
2.033165691620118247e-07
-1.108403746521820823e-07
1.250531848024014915e-07
1.529107024955864468e-07
3.532344685162084293e-08
2.797317972022927540e-08
5.884385488505594572e-08
2.016566386199473060e-08
2.612725619590385842e-07
2.554712118302424741e-07
9.212201047607226654e-09
-2.546818665422182356e-07
9.564207111389433628e-09
2.567878802216544249e-08
1.533174363006895386e-07
1.311408746147558558e-07
1.364116604195192209e-07
2.506446040092292693e-07
2.221877946756853533e-07
-3.495550599078824555e-08
8.270657480685857548e-08
5.172840635143570566e-08
8.115973777770391497e-08
-3.435942591168819301e-08
1.543731371401855899e-07
1.009156053036565454e-07
6.657957875515418077e-07
1.355545344530413444e-07
9.434725228133156960e-08
5.432460525824972616e-08
1.400100177683469248e-07
2.023839277886372989e-07
3.064150776756624020e-07
1.367853388519627043e-07
4.857066265660811873e-07
5.413571118019910973e-07
9.493305890743062404e-08
9.676841872491577472e-08
1.739620826316211522e-07
1.213118181445894468e-07
3.383719525347526175e-07
2.379321933555941470e-07
7.521205990568597765e-07
2.855884338498318999e-07
1.683620113619586678e-07
2.055283597727726600e-07
1.532648447305827579e-07
3.219509692132177959e-07
2.532457641665495019e-07
5.504015782252132082e-07
3.025368339944791033e-07
9.110450831559045662e-07
1.676526264430923504e-07
9.772959627061268587e-08
1.958218624474799031e-07
3.552202674460286402e-07
6.321925333864087826e-07
7.521852479702748956e-07
8.567965249733523335e-07
5.335295577416010835e-07
1.311532570104664312e-07
2.146383020061505210e-07
3.497712662979067033e-07
4.688422749845361980e-07
4.337856085816386501e-07
6.092417819085097217e-07
6.244100448171692307e-07
9.979477573501447085e-07
