3.985022360507858419e-09
2.823349354624771660e-08
-1.271856757169012345e-07
9.146061971909798610e-08
2.814807121129558589e-07
2.282881876684809390e-08
-8.400641860468990601e-07
2.019647777846649459e-08
1.740188374033078249e-08
-7.026086869631083978e-08
6.639392326250501706e-08
3.773403356982675716e-08
-8.920205360501052829e-09
3.233797389463602960e-08
-4.608872204525243017e-07
5.339085670757089009e-08
4.665182404995125006e-08
-1.512761706026139327e-08
6.812252509782742643e-08
1.150781731388770988e-08
-7.134064285362757693e-08
-1.016689230655292289e-07
1.249491247707012390e-08
4.523427407840616849e-07
1.019735343865828468e-07
2.538620264708924313e-08
5.980920957773379714e-08
1.425418773626931063e-08
-8.394302572566226859e-08
2.808927904850406376e-07
1.914525123228114995e-07
-2.134240316961904869e-08
5.985633152628119720e-08
8.957380641349752270e-09
1.364299638516613830e-07
1.768793083301642486e-08
-2.964091329297496518e-07
-1.114884774791050840e-08
3.947294004949085750e-08
4.129821944254463331e-07
5.019189481854148829e-08
4.564956593966890285e-08
-1.292343885372670516e-07
7.559875523662763915e-08
-9.244666110484999492e-08
2.228999413213281575e-07
1.132179591792202059e-07
-1.073420670318659891e-07
6.431372483207322780e-08
5.538911615567599127e-08
5.795471360315591887e-08
1.752571776850319925e-08
4.279632296611585176e-08
1.364456156171273565e-07
1.226405814024637162e-07
-2.868339955833803050e-08
7.097085674126565155e-08
3.940631792534344685e-08
6.165779916295080285e-08
7.021460539937929726e-08
5.616626763027988013e-08
4.278424683019571913e-07
2.823171023157905311e-07
3.037618993195063017e-07
6.887114861639084140e-08
8.387928014874064268e-08
2.927161339998454646e-09
-3.098970592473198442e-08
3.422047224242834985e-08
2.337156715302938415e-07
5.232592889343775551e-07
1.878248489800450528e-07
5.895245519075814619e-08
5.243268391999022957e-08
8.749992811727920205e-08
1.604208115793113299e-07
3.663962972574151253e-07
2.712306518477496495e-07
4.956241119864527412e-07
6.923909707117897307e-07
9.751434726883741509e-08
1.115198861848638212e-07
1.190201015458225508e-07
2.038543710650429083e-07
2.878482762999108810e-07
3.730308169531437767e-07
5.292310914772670357e-07
3.289105611796440632e-07
1.005338374688682949e-07
8.549285489224580218e-08
8.190541760471130841e-08
2.560236953941935650e-07
5.045264518492961356e-07
2.674162914856219226e-07
3.139011632319859744e-07
1.955211332978124171e-07
1.440301554497345320e-07
1.813126102137522236e-07
1.369714729119510687e-07
1.258503970018585916e-07
3.602915183124651666e-07
5.800556588386082977e-07
6.724944875810358353e-07
4.769533177544063024e-07
2.055790607190165136e-07
2.709990329284666556e-07
3.452364213401748642e-07
2.691553301129380359e-07
5.217808998396771904e-07
7.806061552677950532e-07
7.223300819819752612e-07
8.273041960669355915e-07
2.629778985594297273e-07
3.129971562818928464e-07
3.682247226108521309e-07
4.533319207624584281e-07
6.492391877074763525e-07
6.691428470680272006e-07
8.193533667738829395e-07
1.171486754895585664e-06
