-1.764013942985649119e-08
-1.885800136542592923e-07
-1.694606598633017155e-07
-4.180999322706991666e-07
-1.183902125287875462e-07
-4.069276636928937539e-08
7.313115915392079421e-07
6.894106922724761520e-07
1.146336531664944881e-08
5.648855796280571309e-08
1.096139996972178339e-07
8.444690509029422956e-08
1.015169453449929269e-07
-2.328714495186244651e-07
-1.050536085077550547e-07
3.230014092286483877e-09
-4.303059037462865515e-09
2.169746526019439811e-08
-5.007259276154706365e-08
7.965186320021112318e-08
1.863551027423429866e-07
-2.858052922516334884e-07
-3.155694519250940146e-08
8.404583636834532438e-08
-1.421142008526733980e-08
-2.951005623790318808e-08
9.300886093944519896e-08
-9.687351643208234809e-08
1.063844701440783911e-07
3.212307089769028437e-07
-1.451655065437536201e-07
3.441184089808312600e-07
3.839099129616691949e-08
8.810645326492414945e-08
7.698321425354170102e-08
9.810066715589646275e-08
-1.318587436699970895e-07
1.005791301261369555e-08
-6.441220645257174271e-08
-1.158656355593211067e-07
-8.579305253530323263e-09
2.199565842763757750e-08
5.500340610676777174e-08
-7.956987455360408154e-08
1.290952291754144510e-07
-6.554171640764455287e-09
2.346593662440223451e-08
5.954579433073688434e-07
4.795766780046088024e-08
4.646838381884041109e-08
2.595006880864173406e-08
5.541271726927604920e-08
2.208428955481041450e-07
2.589981008167687442e-07
3.346910728870593425e-07
3.223552499501277164e-07
6.783704239655161060e-08
-8.900398404392052672e-10
3.299075325462890172e-08
5.050509561870976532e-08
2.370993151898451791e-08
-7.951200607026495588e-08
3.431282968773756681e-07
8.572648351883244392e-08
2.200053566729123925e-08
5.738602099789057551e-08
8.838071559439424109e-08
1.039344904443873524e-07
2.026119880632609708e-07
2.535366326646350869e-07
2.302196438795468974e-07
5.131433598072791067e-07
3.701287232750429729e-08
9.088500102815778379e-08
1.059137810306523399e-07
2.026149254875216290e-07
3.007943027464628960e-07
3.081669691618251178e-07
1.456183806417390039e-07
3.826472906616502228e-07
8.816638335774591026e-08
1.302706454121874328e-07
1.578145214508312713e-07
2.303842407670729880e-07
3.138471996279559472e-07
2.798389131460501033e-07
4.366510343054303145e-07
4.911553798170715703e-07
7.747975818106086141e-08
1.344779981326828549e-07
1.696650735823236147e-07
2.242097682577679807e-07
2.483202300886955496e-07
2.561738652352317844e-07
5.265361318155123593e-07
5.252317592587054353e-07
1.300710659455538356e-07
1.705967280086217315e-07
2.702661258800573554e-07
1.545790229335222616e-07
3.121699871564241961e-07
1.902811284933101847e-07
7.676367493350572987e-07
5.769068169926137570e-07
1.367872803364633796e-07
2.440181239316029447e-07
1.999864066590717755e-07
2.542301633833335249e-07
4.978818434875024250e-07
4.805358131215728314e-07
6.833287012121899237e-07
3.610297183824764902e-07
1.899333813579591839e-07
1.558166421170653233e-07
3.846602194407529109e-07
2.632310204045630025e-07
1.255836587437800263e-07
4.008245156918271614e-07
1.835970085502650830e-07
1.026422550218079102e-06
