-1.618058775942476806e-08
-1.293562301889203203e-07
-2.383747712222669033e-07
-1.622823400796815667e-07
-4.230027629520993669e-07
-4.453600523863027584e-07
-1.063388657280416709e-06
-1.430967599539236243e-06
2.479924602667396905e-08
-3.605440379628288140e-08
8.446736161555595269e-08
-6.465260236491725417e-08
-7.945961163217974790e-08
3.118841695949042133e-07
-1.368555902956132410e-07
-5.625359967577718088e-07
-2.597929705542498807e-08
-2.897064030078080354e-08
1.372791265888522013e-08
8.709602624576307876e-08
2.521375377625310799e-08
3.675813027032506113e-07
3.090411597147492067e-07
-4.058866284122998920e-07
3.179784444146655876e-09
-2.681177566242883961e-08
3.572508627937627305e-08
-8.536688019978300495e-08
-1.960995122996087278e-07
-3.317010282084205125e-10
2.826704511192780919e-07
-1.127053123749378595e-08
1.518898910318785752e-08
8.949268427947294698e-08
9.172386840450768341e-09
-1.009653356101493065e-07
5.337004193124034120e-08
1.268622223406350932e-09
-6.530457682980529365e-07
-5.978674871885382405e-07
-8.090870377192699379e-09
4.520247599359152365e-08
2.651887482937839733e-07
1.485261659545796144e-07
4.941503679665608061e-08
-6.662208112594607201e-08
8.784944031040754255e-07
2.225509736223903071e-07
4.912378478438161366e-08
3.647741650125396453e-08
7.624357688630424168e-08
6.083046664198540084e-09
6.263742075815613114e-08
1.831089914070272526e-07
7.949348040911980203e-08
5.809217059418805012e-07
4.148830512750459940e-09
3.138134016784060825e-08
1.675110990769472775e-08
1.802838906218734841e-07
2.299045640455798749e-07
-2.630163815668246378e-08
2.183283530867638129e-07
1.992906190778747023e-07
5.947366818146926549e-08
6.149852535877146993e-08
7.273837650609546265e-08
1.902394427119557319e-07
6.260259950028646707e-08
2.413172939960278098e-07
-8.966588586675744293e-08
-9.022605728329681151e-09
6.429628719024721737e-08
6.112814055540836573e-08
5.803437805795693583e-08
1.118414686656628436e-07
2.703444589261846779e-07
3.040923328965126490e-07
3.377721837557321302e-08
1.126401615746867447e-07
7.019399620705914797e-08
3.993421677134007947e-08
3.025076411262004639e-08
1.987960832057969633e-07
1.706346912553694848e-07
3.360541964920598842e-07
6.982092079468468716e-07
-5.365779768666257933e-08
8.236789634496792549e-08
5.801779584991221866e-08
1.158286311322243537e-07
1.495583602971351913e-07
2.594111258115898291e-07
2.237603489062943683e-07
5.355348370588206695e-07
5.046806924075205333e-07
1.007510088950895229e-07
1.407044591788918873e-07
2.819285817684606076e-07
1.635279250045610072e-07
3.065208373238634576e-07
5.589032540161260318e-07
3.726834074710115136e-07
-1.861456405205490434e-07
1.138148733450106737e-07
1.840575962960745530e-07
2.117238917974764894e-07
3.028938448666716730e-07
5.159175049545889546e-07
6.065625394821981736e-07
8.597624825208821377e-07
6.911457963788869841e-07
1.919389548263445655e-07
1.903814407409132687e-07
2.203815226082653783e-07
3.674420241981244442e-07
5.968877292546737043e-07
8.551599527834471107e-07
1.037438049354272027e-06
7.884936663983364595e-07
