4.916149514948371436e-08
3.389612074143481030e-09
6.733979602725607165e-08
-2.864616483581070887e-07
2.020064447430737995e-07
6.417138315054006513e-07
-4.530305938591285327e-07
1.124541142221474919e-06
6.203050659816711295e-08
7.479802952344779795e-08
1.171750723207824268e-07
-3.899206733591105298e-08
9.182775369386547243e-08
-2.367326296278611444e-07
-1.229130643715802290e-07
-4.184603065681582561e-07
4.784369736740646431e-08
-1.400176097329284785e-08
2.777354325520504913e-08
3.613826988506694885e-08
1.107770975669563361e-07
1.787953964097516732e-07
2.275254620664862126e-07
-8.350271246075391228e-07
5.376983552396957316e-08
1.399757325253915113e-08
2.155905427876239035e-07
1.569913639882116601e-07
-6.771267748068284488e-08
-6.924171566935430423e-08
2.004926685869705994e-07
-2.813925244808420796e-07
3.633920778761704874e-08
1.367654229402379411e-08
6.191059098199954695e-08
1.299936039573656673e-07
1.074479910380820893e-07
1.168516526833497475e-07
-6.701282989972667600e-08
-5.985042878718925760e-07
5.126976571033844237e-08
4.917548568032856598e-08
5.552586751750184423e-08
7.663427002270282215e-08
2.920878089821886011e-09
-1.179746101627424889e-07
2.597403039300042804e-07
1.208124443828001882e-07
3.083668129289426651e-08
5.968529278624603331e-08
5.703489011506297936e-08
7.165591712885605828e-08
3.002330542432157665e-07
8.618495845723298438e-08
-8.544017709510396888e-08
4.455380519514134281e-07
7.387992468307464518e-08
7.916380133591743739e-08
4.072555425978894921e-08
6.108250123663512614e-08
-2.296992991145362157e-08
-1.344150943516768563e-07
2.022853179549700642e-07
-2.024177082308559505e-08
9.974041306030335368e-08
1.117927465217807317e-07
8.260233502858503098e-08
6.024683629019275725e-08
1.837714391374457493e-07
4.933936360272251284e-07
2.946405190664788779e-07
8.480887309684803904e-07
7.059542122937225689e-08
3.368679805584175642e-08
6.979869460150622355e-08
-3.590182540108116483e-09
3.239459068452812411e-07
4.305451418055006490e-07
5.466613225303470522e-08
6.668943579932906960e-08
1.017133008421053681e-07
1.209865744054378920e-07
1.542823442133178976e-07
1.891096737699413112e-07
1.912589791678080617e-07
8.616081537350287425e-08
3.941147965654385448e-07
3.635870164214579887e-07
9.917253929513542801e-08
1.279141822166509257e-07
1.475345921822503150e-07
2.304548399693011006e-07
2.730086563619635713e-07
1.743782533664358690e-07
5.777429885357371921e-07
9.145075589994880618e-07
1.841255202714170136e-07
1.678304804276042369e-07
1.887350961170578950e-07
3.293021729800614385e-07
4.314321129009103085e-07
1.881762603880449776e-07
3.431637411796228938e-07
8.629645713639115633e-07
1.565050181672936359e-07
1.906710976200414135e-07
2.457044829623068150e-07
4.480085031326887390e-07
5.792869766857492814e-07
6.295470670283399463e-07
1.056266204414096795e-06
1.163321015619918896e-06
2.323870995134951856e-07
2.817869876127517468e-07
3.442945487542637301e-07
4.142953571206759267e-07
6.288406137983507461e-07
9.183932554988756802e-07
1.458201666303193514e-06
5.687261020535375440e-07
