-2.286490819123050953e-08
3.113270367320659237e-08
-9.467690043454753184e-08
4.394882180836216546e-09
2.042609471001356508e-07
-1.110645030820999899e-06
1.922925997221375567e-07
4.296929650337605764e-08
-3.302340754924819607e-08
-3.154763568944527829e-08
1.054134748690719947e-07
6.928143070822707230e-08
-7.633030222170595675e-08
-1.368732133210385921e-08
4.223147773127240266e-07
-7.581139185807148585e-07
1.693219380135192538e-08
3.336988548145354717e-08
4.562345315160246622e-08
1.133940681158032985e-07
9.261536344367795457e-08
6.075675596628446995e-08
-4.079963312790588482e-07
5.819290372981857442e-07
1.739822375012164423e-08
-8.402572580731534322e-10
1.647580955393087090e-07
1.554488087340976436e-07
2.292581423172756849e-07
-1.020803280975985344e-07
7.414036799308339266e-09
-2.974767220826586183e-07
3.883633555143932213e-08
1.842364659807564694e-08
-1.745421084061184799e-08
5.028177787970798261e-08
1.638192036499848814e-07
2.212606641525760818e-07
3.076338472436323393e-07
-3.110317906272523899e-07
4.081222919038533104e-09
3.824455930832948657e-08
9.365693538668517022e-08
2.083721368257365389e-08
-1.425107588745012401e-09
-1.203281550252512668e-07
2.083360128577651830e-07
3.603766140970121138e-07
3.461301861913799769e-08
7.022912971451190750e-08
7.113939953796659013e-08
1.176783105416363724e-07
2.413880383110501350e-07
2.553317644222719081e-07
-2.108079873947480021e-07
5.927071848070157960e-07
1.997115102858062454e-08
-1.229281695038763339e-08
6.068130754896736143e-08
6.219358305657520031e-08
1.055682224774968451e-07
7.032975452951850722e-08
8.632387298043039082e-08
6.694858067783155743e-07
4.751506009774830843e-08
1.010513787745073831e-07
9.992415129125400651e-08
1.420102375670907802e-07
9.872246207486769096e-08
3.103376404724795047e-07
4.707758045943111483e-07
-4.416233761675425056e-07
4.045184905712646162e-08
7.583120699243101518e-08
1.274338076961372995e-07
1.587895023246597625e-07
2.104578930575959639e-07
6.082524712020889063e-08
7.193785517340942442e-08
3.925721142334534171e-07
5.211750902763441968e-08
7.603317646375713604e-08
1.056409947113110491e-07
1.191193898080483131e-07
4.770062766697302093e-08
2.151415795750075650e-07
2.954032331335706766e-07
4.622342861957621919e-07
7.467608133513167176e-08
9.872017028411718553e-08
1.322824008271265759e-07
1.927595613646080412e-07
2.465877238952068727e-07
3.000629033242846552e-07
2.362951389627750334e-07
2.459125827574626597e-07
9.147428755866396640e-08
1.065317055743011290e-07
1.322525360212482954e-07
2.546404261505294206e-07
2.807503791584429335e-07
1.413272023704846643e-07
5.843134815397832305e-07
4.072277006152375065e-07
1.186897472170210856e-07
2.043909591539149694e-07
1.671533729795576715e-07
3.519996962649360086e-07
2.941558701404835728e-07
3.652035816218327553e-07
3.220807799608983717e-07
3.266219050262573043e-08
1.914613449467115199e-07
2.270145191659671861e-07
1.919818595255568614e-07
4.088534901692756888e-07
2.279224482649661250e-07
8.030313998451731317e-07
1.305153940838885770e-06
1.281085557809159479e-06
