7.576265066263247418e-08
1.311303570075750172e-08
1.033347834200996805e-09
-2.469559392971554319e-07
4.937243569020537479e-07
4.250819683237122597e-07
-1.187828733359481444e-06
1.176672965841759078e-06
4.400710590524408414e-08
4.212223946730955766e-08
-5.327073099953641950e-09
-4.008414248474165195e-08
5.712959576935872498e-08
-9.231666026920869930e-10
-7.243259053305326343e-07
6.278339668051363862e-07
1.325288457135973907e-08
5.667298378781022192e-08
-3.416689081740421336e-08
4.776963454246251063e-08
1.351968846042063549e-07
-5.927181477942152330e-08
7.975699030787479184e-08
2.022580467171490393e-07
4.218349196836170404e-08
1.069407448118524287e-09
1.136617653151236097e-08
1.118768434800221237e-07
8.210314298234502095e-08
2.345484515391725080e-07
-6.610780587115580053e-07
-3.398252634599938036e-07
3.032171444143399313e-08
7.564888105071891319e-08
3.698486347117152925e-08
-8.978981001837242023e-09
1.001116160375088689e-07
3.501852777172437904e-07
-5.497680926817625184e-07
2.509397148785155908e-07
3.171590366464642137e-08
8.353945522341805621e-08
8.159384662325492230e-09
9.150158166886438081e-08
8.822497372927215910e-08
3.663669080587828406e-07
3.266184329107621434e-07
7.468608282177247283e-07
4.534870251886545935e-08
8.142670797565392197e-08
6.295790354801780249e-08
7.512111410517061977e-08
-1.018730988381555786e-08
1.851386891049723807e-07
1.144193074889852274e-07
4.482075653390879842e-08
3.907604786952354845e-08
4.689156083342860482e-08
1.102665175250548779e-07
1.155603781536789398e-07
1.245564233774263599e-07
2.238525952726686137e-07
-4.301241823047215512e-08
4.430072741862721857e-07
8.425831662262946871e-08
6.089266853355150767e-08
4.343838376673661400e-08
1.705614206198659397e-07
8.230798300130144241e-08
1.955794170537172524e-07
1.438511158670952956e-07
-1.506332740392553028e-07
7.356729871866974487e-08
8.081927447060321245e-08
9.941987875363822796e-08
1.967224063604566408e-07
5.009490030736100009e-08
1.634652389619026369e-07
2.629044578274389837e-07
4.231474366780280008e-07
7.152712653065918948e-08
1.316788709212330093e-07
1.331531784814521360e-07
2.127195675083847074e-07
1.717028376031522598e-07
3.047863622501135330e-07
4.713869069572047103e-07
7.491420018827901811e-07
1.160297297711195619e-07
1.175097427973454141e-07
2.054722665088109847e-07
2.071896157709695978e-07
2.978468562649478434e-07
4.986921454573696008e-07
2.049615420135274988e-07
5.223592360619761384e-07
1.144985104179608716e-07
1.537637338239258989e-07
2.006652247034938399e-07
1.671683880192438041e-07
3.354729980169201665e-07
-5.267602248143773971e-08
3.336969950217204480e-07
-4.640309978548013216e-08
1.469191409785269229e-07
1.974603745405732533e-07
2.726901654086407271e-07
2.602279401689171500e-07
2.735413624949963304e-07
4.669985969634162555e-07
7.468787464828823450e-07
6.791101898156403131e-07
1.606552358902704955e-07
1.881007543089458234e-07
2.864225338890071057e-07
5.394359951806177013e-07
7.828729721129604754e-07
1.219381254802806710e-07
6.449852625218880997e-07
5.840111081402770161e-07
