-3.108783772263253148e-08
-2.111173498568977238e-07
3.297195736625801443e-07
4.203628643900805626e-08
3.689900844067060569e-07
3.972314457866539157e-07
-2.927950295229617365e-07
1.501908313535213175e-06
-8.885041555980486708e-09
1.948266938845721103e-09
1.016438458339599470e-07
2.163244936311545440e-07
2.299365574214842404e-07
2.220013239817524101e-07
6.162444011616284393e-07
5.128069151424552485e-07
1.302633414101449263e-08
-1.221353692941465739e-08
3.174461294448087120e-08
1.310274501848654607e-07
9.008879485023640013e-08
-7.947777942959758561e-08
3.510705427134303218e-07
-2.653230673753102977e-08
7.104005657518915861e-09
3.514065516708964598e-08
2.544119107789404382e-08
1.355887302570884795e-08
-1.048708910192155924e-07
-1.251390567273822753e-07
5.112478833718434922e-08
9.256000932616731437e-07
-4.402453072461872784e-08
-1.627273063318535428e-08
1.090618415385536260e-07
1.180876757793201580e-07
-1.303749136955776890e-07
1.636636182844680939e-08
5.600503632230019462e-07
6.970265211106641346e-07
1.916597469919819852e-08
7.622251834634346614e-08
1.035148380675502742e-07
-1.120857480252976458e-08
-1.702866278423153625e-07
2.739405877621778104e-07
-3.009186169918060512e-07
5.353689078618314876e-08
4.695538794060123606e-08
6.317336265534497965e-08
4.019738854632696388e-08
9.429343850749408282e-08
-6.543043593893727995e-09
2.967577343222384422e-08
2.493702695323291172e-07
3.509403793735689950e-07
5.006471387334526787e-08
4.393603437850719561e-08
1.214219143363491528e-07
2.824068578120364109e-08
1.030056321660878262e-07
-4.199721761362711106e-08
4.789081853659072470e-07
2.395537864351307977e-07
2.368430471489553598e-08
8.680223422916120415e-08
1.034192033130025792e-07
1.932019728818027658e-07
2.529828151568595170e-07
3.337089560970419838e-07
3.657437975715508344e-07
-1.331225300109670478e-07
2.826905124959352395e-08
6.821771856940012953e-08
1.347418251914682543e-07
1.804620664579392766e-07
1.126997162492476359e-07
2.161960682343673140e-07
-1.542222626694979785e-07
-2.296946918338374020e-07
8.519286276870692681e-08
9.938339909706951460e-08
1.745508548136111569e-07
2.398778195060853819e-07
3.257371644845472487e-07
1.803317452290124083e-07
3.982045184751288213e-07
3.401127907181283520e-07
7.961887826589727468e-08
9.200041036403156818e-08
1.698969400591124408e-07
2.638645653789883463e-07
3.268522539774129292e-07
2.456282293241724703e-07
6.853801223486564754e-07
5.073012396584921392e-07
1.139674127128917967e-07
2.079846024292633587e-07
3.118865361856798954e-07
2.854410241110961027e-07
4.036905886462258398e-07
4.862822834704613761e-07
1.026977740066233751e-06
3.682656911665943220e-07
1.756407414666812108e-07
2.042116831129244116e-07
2.206127534644340634e-07
3.632294557153591733e-07
4.544499542533414018e-07
5.390908389514443306e-07
7.175250724513242585e-07
8.786938514383905662e-07
1.425893428658716254e-07
2.741965821610897277e-07
2.250331760952227332e-07
4.080550891845502568e-07
6.214173483972271420e-07
7.507945070669417077e-07
8.227895195453485841e-07
4.829583416951566000e-07
