-7.001062923006825180e-08
-2.752371781545281931e-07
-3.184144902078986905e-08
4.104178140098787366e-07
-1.240064149684448219e-07
9.558757172663681003e-08
1.400484201856169763e-08
1.672637732298609560e-06
3.242516901257743849e-08
2.561442926153859609e-08
2.086582406018719316e-08
7.817991808332418903e-08
1.446644582106877440e-07
3.652475976449931793e-07
2.406004331109756689e-07
5.041595274399103869e-07
4.833176381739588597e-09
-3.325537385185778468e-08
9.523148365300271893e-08
1.239968989943654568e-07
1.069992087787021022e-07
2.061968198118030820e-07
-3.082533719060328915e-07
-1.826563613508051575e-07
-5.674524100482203313e-09
3.433678192648073146e-08
5.382729715672976356e-08
6.346734450196505103e-08
9.742175738362005954e-08
1.125307775178327737e-07
-1.131986553766287126e-07
-3.852136917220871056e-07
-2.913868764164911302e-09
1.999782756589360571e-08
4.171475921878410305e-09
1.947237032547584452e-07
2.501040353100836960e-07
-6.508875547197332870e-08
-2.703470344593015738e-07
1.115076267913518378e-06
4.387192220116761744e-08
5.290211608999746580e-08
2.352165841058656925e-08
-5.102698418781006680e-08
1.308154249996864690e-07
-4.875385053126012282e-08
-3.313080738461761912e-08
1.554920023217282937e-07
3.381353671431293489e-08
2.207908348676168619e-08
4.011870270233259603e-08
1.431213766542105446e-07
5.567499417288996479e-08
-7.129805793750062136e-08
2.601278130679827535e-07
4.655740386082779599e-07
4.483378851829177251e-08
1.282188875337463952e-08
2.114186229142296334e-08
1.714335629507790756e-08
1.412870908982980766e-07
4.377663493148099321e-07
2.538309068577107982e-07
7.121714259941258680e-07
2.254479975278855413e-08
-2.380706886320349893e-08
-2.684674085744000296e-08
7.988043925482933502e-08
9.144072812807823466e-08
2.828018418378144485e-07
1.156773550140455944e-07
7.084787650117953791e-07
3.367391891260323146e-08
5.853722449492912188e-08
1.049677796976912280e-08
1.932818016492745398e-07
4.857579441690145553e-08
5.314371417296730960e-07
1.411640749216382160e-07
-1.000284688265253046e-07
5.142933975860288194e-08
1.004554715227243173e-07
1.476285192066754106e-07
1.363503417085014693e-07
3.242702754613422349e-07
4.250164117307140229e-07
4.376076840527852688e-07
4.263993763792830561e-07
8.866486520070516508e-08
1.279930010309270559e-07
1.371834178048100974e-07
2.790758848955292692e-07
2.654158710471468673e-07
4.880453692667426019e-07
3.375376154141284049e-07
8.900944954929589860e-07
1.009591733490473121e-07
1.223017508027217672e-07
1.967224785196066372e-07
2.167032608767562814e-07
7.103430430152395725e-07
4.571324485712220300e-07
4.946355269042549039e-08
2.242500131164562377e-07
1.432380541059354056e-07
1.303211737525158345e-07
1.348978662987788135e-07
2.654247270284173715e-07
3.278336250460025832e-07
5.396169198780335635e-07
4.675674178043310496e-07
1.999496804914427896e-07
1.830413438329245327e-07
1.156118307510308504e-07
3.411988185682412229e-07
4.412904121621591260e-07
4.066958449674299664e-07
7.105035232824158038e-07
7.487967566036194149e-07
1.094043922588833913e-06
