1.254347995486808878e-08
-1.194617954692496209e-07
-8.068828672161188488e-08
-1.444931558439739162e-07
-2.262288166552672833e-07
-5.476075570238847907e-07
-1.995787661527768328e-07
3.979031281514023754e-07
2.166865724221294266e-08
-5.336279960382554003e-11
1.857881522263883598e-08
2.431833115323762987e-08
3.916490758971441669e-08
-1.804966441797739126e-07
1.716500253248216404e-07
-3.132020187213838815e-08
3.203609997836230042e-08
5.316624259661247271e-08
5.540800345446531039e-08
9.196769061382468019e-08
6.261131931672732062e-08
4.767304485320286785e-08
2.743246127089827616e-07
3.837009632603115689e-07
3.524258526325166268e-08
1.170100773155599291e-07
5.625746692038048989e-08
-9.721725977754734334e-08
2.792718978544532052e-07
4.005579116427354037e-07
-3.116205313951061425e-07
1.779134617523414841e-07
1.368569514871412841e-08
7.518380759308335890e-08
-5.499324574922435563e-08
-1.627394649347404309e-08
2.020601016654932923e-07
-1.450576109232301410e-07
-1.142581833463195901e-07
9.759181285710852355e-07
-3.958575382487917631e-08
2.611751248436354791e-08
-4.831661097231781206e-08
1.123439352988904307e-07
1.916080235350868411e-07
2.424233065901940267e-07
2.048963240858386841e-07
9.051474757101349277e-08
2.159534861167345513e-08
-2.796977375670445586e-09
4.489200848987818819e-08
3.923747889079153229e-08
7.590094025941046407e-10
2.205509595107061120e-08
4.378616688514293066e-07
-2.482533666396430682e-07
3.214854756356395821e-08
9.486924870707202917e-08
6.107125461837244554e-08
1.025676285837867237e-07
1.178198263970601767e-07
2.867461054826856451e-07
1.454388982486023007e-07
1.262575095957526134e-07
8.238332100940728390e-10
8.914166422215050110e-08
1.073959843631641047e-07
1.852213339145311284e-07
2.710431879590144522e-07
1.761481240509530518e-07
9.734000189789510564e-09
-2.136499988905716617e-07
4.196111265647548550e-08
6.264563566066221029e-08
6.812151889667498537e-08
8.083143475798886380e-08
8.334645665876893984e-08
1.090251218494204691e-07
3.168892686806264614e-07
2.213424767286654701e-07
6.394730538569947480e-08
5.806161017598537736e-08
8.639380355930902309e-08
7.329580277585293695e-08
2.771593447379992971e-07
4.049762633099915203e-07
4.014022970777578384e-07
2.706647906191176376e-07
2.433499002740943294e-08
7.750635131136206734e-08
1.743671351931738862e-07
1.767724127345579587e-07
2.705000617794353801e-07
1.628182998329260852e-07
5.829056356876764746e-07
-9.950442288595105163e-08
1.039452055317257246e-07
1.561192638449410912e-07
2.144957297228131172e-07
2.849505687677723848e-07
4.798767481785865095e-07
1.193195475340944910e-07
3.918442627000666384e-07
5.666472766493141495e-07
1.215731719347890126e-07
2.024367508924487044e-07
1.990362041832481221e-07
2.457843637733207709e-07
4.886875439857524841e-07
6.896439398907944495e-07
7.461093337978415266e-07
6.759280763479695525e-07
1.697969091724825987e-07
2.233940952430448502e-07
3.268229732639133863e-07
1.628375212092111309e-07
4.426058461743854856e-07
5.510066235557594801e-07
9.875762728208862933e-07
1.757608974749841486e-06
