-3.017448172383581064e-08
-1.362404062605770582e-07
-3.252516621391037057e-08
-2.787192799317350530e-07
-2.141607396662184260e-07
-4.809708232559682141e-08
-2.801939282546744625e-07
1.102306722264912780e-06
4.012409736612231883e-08
-1.306518775994026018e-10
-9.438208657917614052e-08
1.413680391107481102e-07
9.832469516071116830e-08
-2.007966610668932714e-07
2.425334749953598422e-07
4.169178615704004836e-07
1.032645824938408193e-09
-4.262943849440960231e-08
4.884686773599494279e-08
7.820554905794262297e-08
1.893903135159940098e-08
-1.903400976512184681e-08
1.403611861482033779e-07
2.712099267242078768e-07
6.130713949471915733e-08
-3.006524042646344216e-10
6.264085575193581876e-08
8.049190974997921518e-08
-7.878183124075187618e-08
-4.151929496974371394e-07
-1.338611830195759493e-07
2.708281813763209787e-07
-1.547061764564936887e-08
3.249134687440787489e-09
-1.246548916598049320e-08
1.205086596527175188e-07
2.203168706973370577e-07
-2.491716379037081429e-07
7.272327639565594409e-07
-8.704482772557151827e-07
3.745124985198429054e-08
5.253026667224456850e-08
6.068538988884540392e-08
1.864505690522627051e-07
-2.266539289428711678e-07
5.508668024745522751e-07
6.567894740460912363e-07
2.237890109050772857e-07
6.729041786940810965e-08
6.934606227428253394e-08
4.073270880098059748e-08
7.711378053425371728e-08
2.292522699538127960e-08
1.674654269262588318e-07
2.221029145333957508e-07
-1.372752999326586239e-07
3.300011601146690203e-08
5.668534351145819486e-10
-2.069767170737557316e-08
1.205465220388792231e-07
3.213228774330763011e-08
1.959112663773169924e-07
5.311193405457825515e-08
8.457084881864628039e-08
5.035236359660897301e-08
8.942190284145489795e-08
1.033332849723262998e-07
1.189110749112758325e-07
-4.239561082600402358e-08
8.677058330026923513e-09
5.685659714439207673e-08
3.755964971353909639e-07
7.059084218911567884e-08
1.150017450493257340e-07
2.433405713282667061e-08
1.040753689748884368e-07
1.067448581148232785e-07
7.594791838807257172e-08
1.528685069337168683e-07
6.993269623919373851e-07
7.877941912807724941e-08
8.596533232136002775e-08
9.907721821674157423e-08
1.428285650378281721e-07
3.075789449596582989e-07
4.041620216936667924e-07
2.009587483755632969e-07
4.110616572059578131e-07
9.150857295504521053e-08
1.142229716854322202e-07
1.374581130281160398e-07
1.353661467787721729e-07
1.420137932033888702e-07
3.886693057178494303e-07
2.333616249878680910e-07
-3.910154251236525075e-07
1.379537429272160866e-07
2.032458186644738359e-07
1.372409886895019324e-07
2.659224987537686877e-07
2.244833197369871728e-07
5.655425947713246727e-07
1.854924379070435388e-07
1.030514452808064387e-06
1.182773122128703128e-07
1.336963179954087873e-07
2.356200237534368842e-07
3.573277182115113975e-07
4.267715642937201208e-07
1.755877838822306642e-07
5.541963489486324449e-07
6.047789674762632846e-07
1.933571467273544470e-07
2.880702247215970325e-07
3.573808735784932530e-07
3.750291654926152301e-07
3.562803163299556953e-07
5.973429552679459023e-07
1.039292794865983041e-06
1.532984660060222583e-06
