4.708570505136543863e-08
3.160351224117688842e-08
2.040137242750716146e-08
-1.408961788799133670e-07
1.777425301755463090e-08
-4.149080735778924093e-07
2.096007510014851088e-07
7.296537023515546797e-08
5.371947443219474806e-08
-3.425928874459464384e-08
1.083688379353422599e-07
3.056321504017822252e-07
-9.316193269735228824e-08
3.383896587951668747e-07
-8.953313570153113480e-08
-9.708937468577351458e-08
3.796702374433627307e-08
2.399347427345228261e-08
1.404978012115851356e-09
-1.297645991519292149e-08
4.744151746621663911e-08
-1.882054847502410553e-07
-3.758979565560961431e-08
-9.113898572292090423e-07
3.447160404530042588e-08
6.365158848821177232e-08
-6.991313891268392633e-09
1.342913884436324995e-07
1.441932445560022050e-07
-1.573968914456649738e-07
1.711730555737902642e-07
1.138462651005150939e-06
4.073059933448099957e-08
3.140122266120126634e-08
1.405262330886581531e-08
-4.873235184594754594e-08
-1.165071366470205189e-08
3.336950480073959344e-07
-1.248784633859010907e-07
-3.672072795016234928e-08
3.577696079131232461e-08
5.826864806096750998e-08
-6.268154211920299760e-08
1.115008733008182616e-07
-2.257094904734951005e-08
1.266638165268031644e-07
4.817634199821071294e-07
5.504998736712205937e-07
2.138196592966869866e-08
5.067912328085678538e-08
5.693960192253448717e-08
5.462793438507667258e-08
-1.811794162429015050e-08
5.493548469902122289e-08
1.604313007292184385e-07
9.716401658347421288e-08
4.360405288194477461e-09
1.020806517511062317e-07
9.793536118938504843e-08
1.388140785614474840e-07
3.400590998614395513e-08
2.630651780596535830e-07
6.146313915792930940e-07
5.355697391328118316e-07
2.711846514033514587e-08
4.148680542772154907e-08
1.214171012359187171e-07
5.611281417106331430e-08
3.980441620660006147e-08
2.970140127640068100e-07
2.682265731472408190e-07
2.614930512490806235e-07
3.430084969132455352e-08
3.867957456791648935e-08
5.226667946092716706e-08
1.522084082792918096e-07
2.459041464200444357e-07
1.830602831326071308e-07
2.221611794411425550e-07
5.076967281545297421e-07
9.090184437831779521e-08
1.301869553546735485e-07
5.980294014364513151e-08
1.189382862798456381e-07
2.321242895305648787e-07
4.261236970257019151e-07
4.693060027397580917e-07
8.669324289392599205e-07
7.695756061508082162e-08
7.685700525105305100e-08
1.341846403911477957e-07
2.401925410467726182e-07
2.366433906409597528e-07
5.483454458077480924e-07
4.913818888911254754e-07
4.552981411096534313e-07
1.536694100518923646e-07
1.798575946280207248e-07
1.289629003052223893e-07
3.744473009919684579e-07
3.684350097124756056e-07
7.929833462265993248e-07
3.150563014540139931e-07
5.456185138533983375e-07
1.334254356520794289e-07
2.154610297364721177e-07
2.353453140133894153e-07
2.754818810762408233e-07
4.141663656445818075e-07
7.487487547891985544e-07
9.192225585618694686e-07
6.508408158501702663e-07
1.461316184855120775e-07
2.158657442541800621e-07
3.959713260054279564e-07
4.793339706655111327e-07
2.078472564375099315e-07
6.245256259899491169e-07
8.639620263569160787e-07
5.003970230088595492e-07
