-3.342114238791871384e-08
-1.514761990134354578e-07
-2.834756911785945486e-07
5.386974255581189849e-08
-1.462579311071572643e-07
2.519536068348401537e-07
-3.974336139703668301e-07
5.464341143413869394e-07
3.258548427517664812e-09
-5.192922544542997391e-08
2.951888238756908680e-09
1.283965126199385286e-07
4.164338990677232085e-08
2.331060967032015388e-07
-3.673010464886864964e-07
-3.292140304184510863e-08
2.181636877173591349e-09
1.544788080723607887e-08
9.591113206717683978e-08
2.001255605223246340e-07
4.120706636590673957e-08
8.561507445814472215e-08
3.716293090739938812e-08
2.358522271442135692e-07
-9.174114927117621031e-09
4.416538470592265351e-08
5.254531559655438879e-08
-4.417106959362776580e-08
-1.859231420722780912e-07
4.596327494619318131e-07
-1.077457157883039998e-07
3.546299098326944601e-07
-5.371644176469423864e-09
-3.930742166022636321e-08
-4.388609116386966669e-08
1.419500133022282490e-08
-1.927322533156059050e-07
-1.459081594116671243e-07
-2.990610995415936560e-07
-9.508555664172575769e-07
5.198660523516359421e-09
-1.530688459592587637e-08
1.002241089087285964e-07
1.491436569723940334e-07
7.042669020609711829e-08
-1.356068052301876739e-07
4.158797907440266154e-07
2.270786677032380676e-07
3.318307837664155630e-08
4.205284982578211577e-08
7.250612796367454404e-08
1.216361029584491374e-07
1.239714092616634528e-07
-1.430411466110493733e-08
2.356267841119810711e-07
-2.509212116211221913e-08
5.701610679132560849e-08
8.147796559205111100e-08
6.143962324863324229e-08
3.036122838722023461e-08
1.488051777346929476e-08
2.366977308869864521e-07
3.426618028336727474e-07
6.788281097669607726e-07
2.544821844670244941e-08
7.031658393728780479e-08
7.054173767169448963e-08
1.306787552420866615e-07
1.175907882010373764e-07
2.677468857422178892e-07
1.603301640930088958e-07
-3.780408600892925310e-07
5.563191965677704095e-08
9.936855322231551094e-08
9.396817201140884558e-08
9.186064048754580727e-08
9.920751769130364257e-08
1.548989141336240749e-07
2.668438895103938354e-07
3.269353121980673017e-07
8.717643648996494365e-08
4.503289007919496170e-08
1.028006293326210233e-07
1.175451516635031719e-07
1.502151915363182369e-07
1.413229240216719632e-07
2.628340662612244422e-07
4.558101042888701145e-07
9.335471442495055267e-08
1.383699887987919298e-07
1.434936684008781824e-07
1.813756607130325532e-07
3.782923992559202070e-07
1.563051999771995207e-07
4.406100509770096191e-07
5.794805007973456889e-07
1.414162568955909401e-07
1.100731665834499019e-07
7.831870835231544089e-08
1.103674193892085252e-07
4.912683964106976716e-07
4.495056831614496844e-07
8.668812202134241084e-07
2.845416675235600554e-07
1.656571032273842100e-07
1.881734271911269634e-07
1.288581028951570457e-07
2.206828918387739722e-07
5.213939159853679854e-07
6.414965832801573249e-07
6.768695658191090858e-07
4.581586751706611831e-07
1.816559608538130582e-07
3.292562488535559149e-07
3.699705062216128888e-07
5.029958484984910300e-07
5.984698873059937213e-07
2.971692346922426863e-07
1.303806813776025070e-06
7.249053849018782066e-07
