9.349472653150830704e-08
-8.365939997815739266e-08
1.479484388986604753e-07
-1.224436461323729598e-08
-4.516882669193881558e-08
-4.810251448435950264e-07
1.974846070735142823e-07
-7.547571853427232644e-07
-1.529648819551310128e-08
-9.447156655777666290e-08
-2.640155591605675970e-08
-2.956140806907677712e-07
-4.224038242806311064e-08
4.227928231247408077e-07
-3.229153329304102284e-08
-2.814703438691931476e-07
-6.118417879154594736e-08
2.670625023474307935e-08
1.211073679839010919e-07
4.081178614849856024e-08
4.403550452103405213e-09
-3.542333336279486529e-07
3.741926277956054920e-07
2.980160140868281408e-07
1.728815842627524647e-08
4.159526633379510590e-09
-6.206826197089501599e-08
1.268717538429818039e-07
-3.090293605130749244e-07
-2.510693996796891490e-08
2.534050814755610112e-08
3.908198614871895552e-07
3.295481089493801917e-08
9.933459304211258727e-09
1.605686099715592291e-07
6.478385624209531743e-08
1.280920865549911814e-07
-3.697268889267589738e-07
5.827308887993020809e-07
4.783836516910856405e-07
3.027238969253245977e-08
7.908146079728182480e-08
5.555377960608622777e-08
8.830427432575266783e-09
-1.154457116797377966e-07
4.178727972889569823e-07
1.746367722671879910e-07
4.235786722629809516e-07
2.917302022476548882e-08
1.810514548922912314e-08
1.349682572379641926e-07
6.770232657861063921e-08
2.251457433376197267e-07
3.389531280485209776e-07
3.642599053491160445e-07
3.786896823803356036e-07
2.004327778545839190e-08
1.783981986838629529e-08
3.678341200415716313e-08
1.498475240192599410e-07
4.495276468451565707e-08
1.962159239213877759e-07
5.973429478781049980e-08
2.603245838521173613e-07
5.849742192892854234e-08
5.457427141228959442e-08
9.051320977017617040e-08
2.156932199914609833e-07
3.587509777381505710e-07
1.766552959203236384e-07
2.110020269140585725e-07
7.399253775862682902e-07
7.732467851719579881e-09
6.912380258884920569e-08
1.254172616228556568e-07
4.412284933058738944e-08
1.893275762884800561e-07
3.081733184933278223e-07
3.024550979276649503e-07
3.746618845799937929e-07
6.923798054921467531e-08
1.096541337413899291e-07
1.485752636805809342e-07
2.179630524475857695e-07
3.244183719629865261e-07
3.577130351673806351e-07
9.093173141302518990e-10
4.615353122258121844e-07
1.028572193657114574e-07
1.464960935170278888e-07
1.615637121170043048e-07
1.910318835731012864e-07
2.992989697385379849e-07
4.148396541698487835e-07
4.943214657294911537e-07
7.071061776711919109e-07
9.887343569052001678e-08
1.733572115468943460e-07
1.860053303028550516e-07
1.445493692036612054e-07
4.732552153561576581e-07
5.262286012549965443e-07
1.058944004123971634e-06
5.912667543921904994e-07
1.311275269883668092e-07
1.414730017326050059e-07
2.229986373717202805e-07
2.696673545142961600e-07
2.735483145064925983e-07
2.878244232162971650e-07
4.698391258596017311e-07
5.128357220424317693e-07
1.902120739654627742e-07
2.061101176595732914e-07
2.012553124476767961e-07
2.549978412895804447e-07
3.735946389945216476e-07
7.640024753455588338e-07
3.114014505902707529e-07
5.226898339261571075e-07
