1.312210921570456164e-08
4.758846531059434412e-08
4.574796940785410037e-08
-1.051335862959981522e-07
-1.738966998368332730e-07
-1.653355718665373346e-07
-7.677329824002348970e-07
-8.620691605232385754e-08
-1.461373164871870784e-08
3.088271091796917018e-08
8.869361625996917834e-08
3.985575614759609125e-08
9.292621496731140390e-09
-3.462603986045453538e-07
-5.701515602023193262e-08
9.969844858275629303e-08
1.324031885213001787e-08
-2.654372222052587489e-08
5.210072598082309117e-08
-7.019955396355455792e-08
1.011862690697918620e-07
6.522076981187726298e-08
4.000103828912713630e-07
-1.411360329276209433e-07
8.660356196934348391e-09
-1.779198263095286279e-08
3.068165311058321013e-08
1.062133648816890321e-07
-2.011237238811000128e-08
2.965059540518929641e-08
1.856232039668951659e-07
7.075619279544793610e-07
6.339461329006420133e-08
-4.572218641960660640e-08
8.724931172395803348e-08
8.100959290121712652e-08
7.962716464395206164e-08
8.122657729799735200e-08
-2.146042096398275102e-07
-4.017677752805877693e-07
1.292794729408171605e-08
6.808414534108337870e-09
4.900384144964391845e-08
1.138155620054202342e-07
4.617121682260204843e-08
6.516262019016291994e-07
-1.093742344209046598e-07
-1.854315057692818277e-07
4.071863739467485846e-08
4.148299083714089125e-08
7.178754832539295649e-08
1.225915244907116079e-07
6.667587232182265736e-08
9.347901919936453237e-08
9.140934596518385478e-08
4.690761534077138400e-07
8.077649035128789519e-08
6.905491310116063602e-08
5.491190979265729306e-09
8.530937277740694412e-08
1.576282138656533441e-07
-3.171569003195920362e-07
-5.217145070142839617e-08
8.587388831145913255e-08
3.945590614799948198e-08
6.028308256943182608e-08
7.680120904207633957e-08
7.017522966644291721e-08
2.107484770560570230e-07
1.330802267106302526e-07
2.357114375999311581e-07
5.460188394101891370e-07
6.788306414137799824e-08
1.152906217400315348e-07
9.142121476345891014e-08
2.154725285284302077e-07
2.185145149127862675e-07
1.431620045102380457e-07
2.463883030515898748e-07
-1.622866908684614148e-07
8.619736989932110109e-08
1.099643797604483820e-07
1.121604769762161119e-07
1.818299654098593509e-07
2.855495940432929878e-07
5.382459038999544606e-07
4.148580587287115437e-07
2.399097518701458615e-07
7.492437741870534717e-08
5.729605458993752639e-08
1.408202882313541311e-07
3.174957557422367449e-07
3.278962818865049741e-07
4.427996179257844143e-07
3.880784440328673518e-07
5.652974854824246458e-07
1.360680317263848345e-07
1.772625183033782594e-07
2.532807053965348928e-07
3.849670984227830426e-07
4.305691866322841370e-07
3.446623252641001420e-07
7.126890795559793559e-07
3.836849629207093077e-07
1.648315518757173630e-07
1.232917983717263364e-07
1.587957591206111792e-07
2.064590290097602369e-07
3.789293368941714879e-07
6.015418559866410013e-07
5.129022440814467517e-07
7.074878208792215468e-07
2.117901729439846903e-07
2.626375823539526138e-07
4.070093952492993909e-07
3.249224770905910862e-07
3.382353594885368828e-07
7.759902258535727542e-07
6.427807479852011196e-07
5.889368307182465310e-07
