-1.801760158177719952e-09
3.612511938483696797e-08
7.248688224263000821e-08
1.335302437629753960e-07
-1.688831444320439618e-07
1.307741361142245310e-07
6.818711387507273155e-07
9.077321466291360958e-07
4.929258507052506844e-08
9.020646888570801917e-08
1.911500301480590206e-07
3.464571607169388126e-08
1.608720725732505998e-07
-4.874842444806778679e-08
2.649934466886780723e-07
7.246536313765216661e-07
3.529229685339554545e-08
4.113622239073333711e-08
1.805452091835864472e-08
-6.712464658105341852e-09
9.901149672766110844e-08
-2.633510532758434200e-08
-5.324690922914845292e-08
4.415006366071537000e-07
1.264376865479029603e-08
1.700032167474651835e-09
8.306056995018232003e-08
1.424603465061034078e-07
-7.462414512225241446e-08
1.092256089275581682e-07
-1.262668973150918610e-07
-1.128953169743341386e-07
4.301086503809053607e-09
2.166489257428746251e-08
2.480618423588287633e-08
7.533551363556774481e-08
1.933763182584597551e-08
5.124563237928048658e-07
3.914866290876430494e-08
1.267823869199564892e-08
1.066001181233736769e-07
6.336982645452623910e-08
1.133687069764567161e-07
2.767050968975114714e-08
3.019390566842974629e-07
-3.395421770531344735e-07
1.706644037889949692e-07
2.998870025377713164e-07
6.220328483316975992e-08
7.585253785520967293e-08
4.764949482448627753e-08
-4.142915395339574040e-09
1.587117945842523500e-07
3.458674700256087113e-08
3.573349002177502780e-07
1.774718190120226478e-07
7.377286299906356628e-08
6.475064944757597386e-08
9.539967851485278132e-08
6.135225504738236558e-08
-1.222164942400577988e-08
5.098150833537173848e-08
-2.959790983622215608e-07
-1.555280719725812899e-07
9.469046326970552914e-08
1.032495624135563728e-07
7.053517367883893330e-08
1.512969369212571351e-07
1.846292322501057473e-07
1.658883433546840184e-07
3.443321690413921114e-07
7.071623010543677854e-07
6.830711389615593855e-08
7.123868446561535978e-08
1.127898170307886723e-07
1.416612182705262401e-07
2.286339466714121241e-07
3.604073982362519617e-08
3.603407922160827870e-07
-7.446441543605348195e-09
1.069782693718709589e-07
1.286437227610168518e-07
1.081150705751244406e-07
6.555833541877588968e-08
3.445109444803799020e-07
3.332348401331758216e-07
3.779834680874156340e-07
4.547087756304787337e-07
1.090156186601921356e-07
1.091207456145445746e-07
1.014568902932451666e-07
1.451119090346247714e-07
3.397979700861502984e-07
5.335277688073832194e-07
5.917847786791408960e-07
3.376474693761115202e-07
1.984722791942619358e-07
2.140351825966295690e-07
1.593697516690365971e-07
3.948956702603603903e-07
4.859826588468406393e-07
4.877807080295858203e-07
6.413233673889570655e-07
1.955445399564322985e-07
2.066459105796488664e-07
2.270208029138360021e-07
2.728901405449440816e-07
3.561190788599971893e-07
3.784137363026260369e-07
4.995785008690729454e-07
5.209818937029920648e-07
6.907133833374153218e-07
2.039603792548195188e-07
2.397843816579976438e-07
4.099449849161697392e-07
5.470897936999958106e-07
5.222820667659203499e-07
8.663563170745831741e-07
6.601030705315747504e-07
1.125882909660334218e-06
