-6.112853553386838755e-08
-2.955773550662097773e-08
1.262319929954140737e-07
1.732965569184346986e-07
8.275520135951451665e-07
5.975403672539291455e-07
1.028906590163670891e-06
-3.327119546550784072e-08
3.201111237487680162e-08
1.227949267134903796e-08
6.220203968710947324e-08
-5.592883088641188896e-08
1.446498146575549346e-07
1.456346302516500753e-07
5.251766639071851112e-07
1.290759470385419614e-07
1.148685171233690544e-08
5.512851499557992840e-08
1.510141256967363955e-08
1.732956982953850272e-08
1.629852627846888316e-07
-6.466583061326767966e-08
2.450932044114600799e-07
1.072123499626186823e-07
3.765543825601466541e-08
5.092122289957378005e-08
5.601272918642862610e-08
1.542776925292856841e-07
2.784163730681445942e-07
6.471391780514864668e-08
4.823138452661164244e-07
5.802306274529709852e-07
4.785567979700685921e-08
-6.517409287447071480e-08
1.758260415113749053e-08
7.330527980376536600e-08
2.068340964106897365e-08
1.078386514670395625e-07
-4.705913745233346363e-07
1.586038935856364399e-08
7.840976759814116374e-09
4.123026818250024842e-08
-7.664953946227424962e-09
4.074551742179253784e-08
-1.106135741851355184e-07
1.715010640619186267e-08
2.596592548614536079e-07
4.881199894168157209e-07
2.604768841898807917e-08
2.216629752507808657e-08
-1.394798427814327451e-09
1.028029094964076142e-08
7.666964961125842291e-08
-2.476898186402846370e-08
9.256528098211320090e-08
-5.876613624460415414e-07
4.761846704117197856e-08
3.729465080029546094e-08
1.325854489872600487e-07
3.956043824113269641e-08
4.355572070769637134e-08
4.419876249872566704e-07
-1.102312560303312490e-08
2.250205364093096381e-08
3.477111010284384479e-08
8.916714300674264322e-09
1.034028458770293582e-07
4.806283082499567491e-08
2.155099439376982493e-08
3.490100889021789492e-08
-1.678305689759106087e-07
7.211297277649198942e-07
4.344432353866852047e-08
5.257122127635390477e-08
3.827464226732906613e-08
2.023015548289361982e-07
3.390996033145956085e-08
2.118762326042670100e-07
2.768631180447213149e-07
2.719476434491626424e-07
6.018193257260829537e-08
6.208900884676618172e-08
6.270632566105215328e-08
1.419218709118340350e-07
1.261535732147567786e-07
1.594253808462454864e-07
2.413095729053003081e-07
2.143200453970952203e-07
8.166624995944959977e-08
5.220869570523719656e-08
1.098524786693485266e-07
2.878571366591891753e-07
2.809938336920163998e-07
3.534096850390279513e-07
4.850224101527425847e-07
8.386749760396788115e-07
9.176162078118270940e-08
1.567184930448789844e-07
2.035741696278280447e-07
3.912418718010356823e-07
5.583574330707975389e-07
5.360352680661080244e-07
9.738348229891866760e-07
4.686271282942676029e-07
1.706001627115169511e-07
1.245224216298788460e-07
3.134201930128503587e-07
3.540721914731809274e-07
4.674458417295265228e-07
4.714470347916630293e-07
5.603729433710034646e-07
6.929897306830630257e-07
1.726402572071006362e-07
2.144099951789365379e-07
4.247931235241277687e-07
3.926991110971685165e-07
5.940349760938536634e-07
6.476184294075833508e-07
9.143577093194987010e-07
1.020989496372829450e-06
