-5.380397989391395755e-08
8.008034614502702001e-13
-8.623139393133514465e-09
-1.218565563709549637e-07
-4.661055154138738696e-07
1.064627229171045524e-06
7.965123364292057361e-08
-2.210543009143485002e-07
1.609394747519152980e-08
5.968068624972089298e-08
2.879635333607145098e-08
3.101089520654015039e-07
1.762279573994413995e-07
4.157312907192513025e-07
-2.838151327717526092e-07
-2.525943620400216266e-07
-2.498740888437079653e-08
1.021710503366681191e-08
-1.099087922404996545e-08
1.599320606964020987e-07
5.448219388199380771e-07
-5.711961883113969941e-08
-1.933730146295810923e-08
-2.251977308030929568e-07
-7.424951266187241825e-09
5.286162675639434745e-08
-1.053846608028963876e-07
2.039929493727818927e-07
-2.088114972681705310e-07
-7.015868920732299684e-08
-7.237727124038119125e-09
-5.805085704803108820e-08
-3.629667199057805419e-08
6.089985101580504406e-09
-3.930236971868701312e-08
-4.811142925517596208e-08
2.613907458497442891e-07
-4.474591913102184201e-08
-3.032033149001326150e-07
-9.419589270237676362e-08
5.860640253697538341e-08
6.069470867464432679e-08
1.269305352483993146e-07
6.460988246409850004e-08
3.519241745445212094e-08
1.139763765496121659e-07
6.483146819953460867e-08
-2.714099357403277026e-07
8.547921381884858674e-08
5.921344190129279311e-08
3.029933542137148489e-08
1.003234871190104030e-07
1.394760956902377766e-07
2.288644349169384604e-07
5.933811615278804219e-07
4.701891040789725701e-07
5.735028972934392987e-08
7.787581037169124017e-08
1.962300991869937522e-08
5.774615967061839180e-08
1.483287221422827697e-07
7.772588275680892942e-08
6.752832976890278361e-09
4.293868028460182037e-07
6.507100211665035477e-08
8.673178243339104013e-08
1.432542262362646663e-07
2.465463522856543930e-08
1.017466430177652784e-07
2.113634031296713119e-07
6.428184338310140339e-07
2.250538152237707674e-07
6.835938842937231826e-08
3.737070482619926784e-08
1.124629076954592330e-07
1.255181993124005541e-07
1.716453971957829938e-07
3.267600026431133681e-07
3.065905127112564234e-07
5.695897779001126825e-08
7.200751511915131032e-08
8.338516585725604420e-08
1.054544167121505467e-07
1.752793168103603635e-07
2.700091165024583461e-07
2.567969821059780963e-07
1.875056190789184891e-07
2.889298597143178648e-07
1.327997186939944299e-07
7.174760371553141719e-08
1.375592614189878533e-07
1.745390082571604482e-07
1.418320461837836011e-07
2.813334815125698845e-07
5.554803454931732628e-07
8.001373790149125826e-07
9.709255333906811041e-08
1.673070476167832026e-07
1.846383382569801055e-07
2.003568543241557222e-07
4.988893576980115153e-07
2.806877582042983920e-07
4.460378707054920924e-07
2.948654952492852467e-07
1.373913281804438138e-07
1.342854369684898563e-07
2.698606099506067543e-07
4.124201375878151935e-07
5.727965650204299855e-07
4.412701544185680637e-07
1.084715171784719745e-06
8.507661015803036804e-07
2.611210258848699726e-07
2.426754503806777943e-07
3.059203291426336297e-07
3.624914069704066612e-07
6.948574187116109282e-07
6.129898201258356587e-07
1.139789367752028194e-06
1.456850134784246348e-06
