-1.941501940464084227e-08
-5.209170481182107209e-08
4.406454621641086179e-08
-2.804424957336936786e-07
2.742891162055869392e-07
-1.777885119189007590e-07
-9.397152265019723645e-08
-1.556659915011635506e-06
1.131013693630816555e-08
-6.331932117884728367e-09
-9.534349341976600743e-08
3.961008686657668033e-08
-2.662399935567270240e-07
-1.807576928052200434e-07
-5.153210831001337957e-08
9.816454898594481211e-07
9.061764841661437751e-09
-5.536878624119074804e-08
-6.951582101329615188e-08
-4.838166325592410748e-08
-5.437171591201247487e-08
-3.656837373742964011e-08
5.670804804980221936e-07
-2.177046250291340614e-07
-2.289365701166389473e-08
-7.731020536894875622e-08
-8.432909662175886157e-08
-7.181884827640876165e-08
-8.532591592134795387e-08
4.530625621245011753e-07
1.651766361605520780e-07
9.476839506347108594e-07
-1.102663193386151207e-08
3.172755912815670001e-08
-2.367428440150316793e-08
-9.225733936751630883e-08
-2.569011426773601687e-07
-4.997539831185002608e-08
2.453059310462118156e-07
4.206806551540080857e-08
4.970511312960601377e-08
-1.685556192181847668e-08
-2.775273740455696059e-10
1.730404720112527645e-07
7.659386671339110089e-09
-3.826870090576375716e-08
7.021299692120114414e-08
-3.802652461765928862e-07
1.155828907458520772e-08
1.240992497561764628e-08
2.752071344570418064e-08
1.249380297474246283e-07
1.071885520191070886e-07
-4.466378090507617590e-08
3.575875321697113710e-07
3.866465828213050100e-08
9.940280665057737094e-09
9.862507949173779767e-08
-1.166029500452996984e-08
-5.490948843515273656e-08
2.191270450131921727e-07
1.147283299530878207e-07
3.415449735927158710e-07
9.830158130687420467e-08
1.740896996511123662e-08
5.771891692408011159e-08
3.729060316125561990e-08
1.926327177647651974e-07
7.131923793272747337e-08
-1.093093768194640137e-08
-1.765689587419998072e-07
8.516704599026526772e-08
2.492163638088282338e-08
2.894345857886569460e-09
1.519311577380259474e-07
6.249003454140169178e-08
1.271766221004065244e-07
2.067767698408197043e-07
5.433636361990955946e-07
6.793475674684010345e-07
6.938479538632033838e-08
3.468644712037059871e-08
1.375855024321886008e-07
1.517610645640265064e-07
2.630660145898527597e-07
2.436029923707875461e-07
3.109307390706624262e-07
2.721754455259758420e-07
1.053382157240894095e-07
5.700142807964653396e-08
1.951421276868622715e-07
2.088501611736886015e-07
3.263447845532512019e-07
5.499303139491325770e-07
5.466436825865199629e-07
3.773244823273672219e-07
1.105169180102793039e-07
1.390917290716765454e-07
2.575362459518224101e-07
4.267424138144807166e-07
2.321571224695983463e-07
7.053029234782538185e-07
7.304306298348022831e-07
-1.552392004946597392e-07
1.031603083333743117e-07
1.936600164631404170e-07
3.406916883322392478e-07
3.567081530635040116e-07
3.765372998551973966e-07
5.601057937607511965e-07
5.955088013703920578e-07
8.281615043825228072e-07
1.335912684198087070e-07
9.969254544985137179e-08
3.244442271135129958e-07
3.921852167575379643e-07
5.024132331744547852e-07
5.132989919631893975e-07
1.205207593267388853e-06
8.997985357862823977e-07
