-3.586837560556087346e-09
1.287060433585838924e-07
1.680389642844068583e-08
-1.338620413772140803e-07
-8.135030975631437503e-08
-4.714071901771322528e-07
-9.754421288506010156e-07
6.444086107898320959e-07
2.215563817214883256e-08
-4.028472789414586152e-10
-2.337521317027019672e-08
-2.569672781482865277e-08
2.556817650780571903e-08
-1.424155850147876596e-07
-2.817319699056173370e-08
1.581710088436279243e-07
-7.646690610457349212e-10
4.139475158593243180e-08
4.791870027876717620e-08
1.012477286703334178e-07
-4.272609627533844796e-08
4.192844517732165860e-08
-5.277712245550162477e-08
2.636929827779169299e-08
1.947758501428550266e-09
-5.623512145196721430e-09
-2.353244185661885900e-08
1.331868040328671453e-07
1.347530878014446682e-07
1.434298795515801185e-07
2.268824175738599615e-09
2.125294617830200881e-07
7.164491714060715557e-09
1.268583764260122240e-08
1.110195366599475644e-08
-3.448393137662351946e-08
1.458724672038038273e-07
1.839505458603506555e-07
6.304509053739607429e-07
3.273774643348470757e-07
2.239782242815285665e-08
1.201936595915392805e-07
1.140717037070418784e-07
9.326121130008484885e-08
-1.572605958022976774e-07
-4.421822855418621006e-07
-9.209954566718373996e-08
-1.512105379140762183e-07
4.593735170139009119e-08
1.950767191599117275e-08
1.729038678598313553e-08
-5.242715047922491576e-09
5.107775963168361677e-08
2.454630388303486064e-07
2.718948892324717209e-07
3.370796374082697266e-07
4.324923061281397042e-08
7.403112159435442815e-09
3.010479967320179785e-08
2.350845206272059238e-07
6.357111667107518449e-08
3.586946820221453932e-07
-1.417778325006379368e-07
3.594887857458267887e-07
5.263113269289438374e-08
2.612607024336197009e-08
9.487731726251699881e-08
2.552005442209497059e-08
1.406945908816244744e-07
3.578529773708771786e-07
4.128560615516842689e-07
-8.881038737673986008e-08
6.421390133984514960e-08
2.377425531500192823e-09
6.824986201366069065e-08
2.507627505490773289e-07
1.417000381919532140e-07
4.164984510766654250e-08
5.354652704568660244e-08
7.449071218283174929e-07
7.930385251992830387e-08
1.139467961983182681e-07
1.084129523704875167e-07
2.223030837997315426e-07
2.287540233989785798e-07
3.127897100526014249e-07
4.373481082011801199e-07
1.473363073380165363e-07
8.957233673351293409e-08
6.898159944526306826e-08
1.388384938902460574e-07
2.239250927590643451e-07
2.690089150206089267e-07
2.592192169689157235e-07
5.309875388747980336e-07
7.189755136532788447e-07
1.303898931025160276e-07
1.244300900593404470e-07
1.444004099701582891e-07
5.737452267144818791e-08
3.841208690265690448e-07
7.728609668172935248e-07
3.612867327850850653e-07
8.272913329307010679e-07
1.481276764128362921e-07
1.620236599873849064e-07
2.974342793648142793e-07
3.767229758979699550e-07
4.985255190727342979e-07
6.086846882704101139e-07
7.029252365346605754e-07
4.722864521668583932e-07
2.039143719484137429e-07
2.294569958910750040e-07
3.876123475910597015e-07
2.985634520821082736e-07
6.021081309226290256e-07
5.765698094216187783e-07
1.156393477004303993e-07
1.867075908353884164e-07
