-3.444330321282807260e-08
2.296996180318682542e-07
1.430146742491941508e-07
2.880239671739506018e-07
-4.498694786244885830e-08
4.881264945691982045e-07
-7.864844889915712451e-07
-6.200309885334284859e-07
1.808906055087315795e-08
-4.239662303185030956e-09
9.326269284504333352e-08
-7.897905360153878016e-09
6.582538116225483997e-08
-2.456078317515481478e-07
-3.230401452244152477e-07
-7.685238864040828546e-07
2.049712250657099293e-08
1.117363688771434931e-08
-6.359993603179096616e-08
-2.929014891572930493e-08
8.484890952873258534e-08
2.155145780829043413e-07
-2.262616117131423002e-07
1.048268514822429802e-07
-6.474932233023528258e-09
5.747741980680414676e-08
-2.570765871173702093e-08
4.955783300291351789e-08
-3.952413989123816580e-08
-1.326635583353276522e-07
3.914230212048085372e-07
-6.014793502551825799e-07
2.312248681872195916e-08
8.878592038085096024e-08
3.351369382189628132e-08
1.112374215837129138e-07
2.812607465900943683e-07
-1.566444873361802591e-07
-1.903188206260524082e-07
3.862656752806185594e-08
4.198877539614817477e-08
2.441973372486932981e-08
-4.317022236137374932e-08
-9.837162128476676334e-09
-3.997172835845169222e-08
1.139482600674732409e-07
6.707870244833416075e-08
2.680146553441562369e-07
3.096832159392918223e-08
3.130303169556785805e-08
8.499980714908033467e-08
3.496217182401069489e-08
1.486185014957290817e-07
2.613836508584750992e-08
1.579270825549807664e-07
2.944175073440148295e-07
3.268727271440915478e-08
6.039521795562973003e-09
1.488438110295084129e-08
1.606075640431197321e-07
-4.491702909838232471e-08
-1.053543532132983429e-08
3.580109596948536305e-07
7.116040609878411665e-07
6.472446824329168000e-08
5.766133620110223530e-08
1.330852823965954049e-08
3.481732047050718424e-08
1.841557513565641256e-07
1.258597784788260629e-07
4.813946307008356544e-07
2.210363990717511679e-07
7.452394535312263438e-08
7.159530745744295107e-08
8.344295009941030670e-08
8.928753281132044496e-08
2.737126862254372727e-07
1.995292367982228808e-07
4.100484930598311600e-07
5.740368445609121100e-08
4.138808475049656262e-08
9.556477621640199287e-08
1.004921141753923470e-07
1.401191439403349249e-07
1.951097139965597753e-07
3.346739682211117166e-07
2.524374632806152503e-07
2.408178082389728739e-07
6.040538535237629155e-08
8.047341403177325304e-08
1.518044884449089498e-07
2.523109733551254948e-07
3.281644449224263131e-07
3.616176838084009301e-07
5.149379132188801200e-07
9.091510523223541800e-07
9.558973169807664609e-08
1.965135868082352010e-07
2.607083601807865729e-08
1.686464464859130929e-07
4.925958140048432412e-07
2.592797101759996655e-07
3.789007888166973998e-07
1.841252215149894909e-07
1.195396926318220898e-07
1.787165565828562111e-07
1.800508131187125000e-07
3.316841117230387584e-07
4.530533078937067149e-07
3.232014728803890799e-07
8.763800063998834985e-07
1.549935518746996941e-07
1.662051633472666544e-07
2.186408592721483741e-07
3.097801833535768976e-07
3.212258115842114582e-07
3.585227444096133391e-07
7.663059899218695716e-07
1.508619182435375110e-06
1.887725135288338232e-07
