-2.430928487974264722e-08
8.290688184296281593e-08
-3.856759172520792372e-07
-1.564185078169407826e-07
5.397779921899666220e-07
1.424588219890915208e-07
2.228404386951168499e-07
-1.035469716475514896e-06
-1.535521123873127172e-08
1.996160912161375276e-08
-1.531167164144187138e-07
-1.749331648817260087e-08
8.150075901610448751e-08
-2.799752346279779641e-07
-9.801525963481046463e-07
2.231836923118677536e-07
2.825807853930892389e-08
4.378778147234224635e-08
-5.916367787344187865e-08
-8.323459370021783476e-08
-5.303165383368474685e-08
-9.923306580219150954e-08
2.767249110203645045e-07
-5.595634135955381270e-07
1.572003327875592085e-08
-2.863981571492650675e-08
-2.083523264292743685e-08
1.281951151708016637e-07
4.565727235629911910e-08
9.958119767354335135e-08
-3.707388979051121623e-07
-1.474114786578184220e-07
9.082803888688928516e-09
4.066305205887491255e-08
7.311585856265870040e-08
1.657009117893502458e-07
-1.577029841109028320e-07
-1.948812388041163285e-07
-6.101370566215897788e-07
-4.842866581968237267e-07
-2.510633036204715294e-08
-5.877912162384514098e-09
1.206591128020025628e-07
4.920180948361397222e-08
-4.725276503125326669e-08
1.180760488779001977e-07
-2.834113954710578382e-07
-1.745335723819443635e-07
3.674330684625251075e-08
2.106685937263143324e-08
7.204192983177696871e-08
8.664441668659072429e-08
1.431174759205957730e-07
1.222785811105218596e-07
-8.924862074768085823e-09
-3.537453229881257918e-07
1.879688825218154439e-08
9.910409679154724942e-10
6.160932323639768381e-08
9.345301290701524161e-09
1.814377135372126516e-07
3.537526115712526215e-07
-2.531572425567141245e-07
-1.048882145383266161e-07
6.804218683043089748e-10
-4.731639950011812629e-08
1.461420214085494107e-08
5.465797912667339550e-08
3.414091394579292895e-08
-5.169957187140269258e-08
4.776609483734896504e-07
5.847124947074595931e-07
6.902331161498661561e-08
6.097863055869770503e-08
8.629148033545328612e-08
7.611472451448043537e-08
8.754714797139101609e-08
3.033595101001894465e-07
4.804163283630581510e-07
9.026570948947304886e-08
8.644539446380270132e-08
7.055415835479960403e-08
1.480585212137533687e-07
1.990544213020467564e-07
1.452665907451633070e-07
3.881234212321311056e-07
2.627420369265060346e-07
3.326450788728235026e-07
1.034471248901191703e-07
5.729402752450796251e-08
1.659844370090132606e-07
1.864811374234545423e-07
2.654669109096326213e-07
5.897753013721679918e-07
7.384304190132645492e-07
8.807285211459184791e-07
1.668648028606518891e-07
9.533490199198511110e-08
1.460741733681654717e-07
1.755967984011769482e-07
2.463012673593882102e-07
5.597668390191963182e-07
3.013075359938802381e-07
1.150820408468377643e-06
1.521217736526021071e-07
1.227950414509729129e-07
2.351196996415388603e-07
1.617768439068328575e-07
3.190241099660880173e-07
8.100543405246463292e-07
5.693276724294711176e-07
8.678929461701361138e-07
1.506525506243629156e-07
9.762120183085725071e-08
2.466230895865994884e-07
3.766735176913465943e-07
5.704830541748747408e-07
6.967028417682996142e-07
9.989965703585081083e-07
5.722951789239875722e-07
