-5.164396150828857644e-08
4.029347261047143554e-08
3.370008233212671770e-08
2.438870578667537937e-07
3.044650715644276966e-07
8.994366743882813501e-07
8.521997448295364152e-07
6.019844482954403635e-07
-4.264295048705355720e-08
-2.238696808852560066e-08
-9.626196834369852915e-08
-1.118473996816925398e-07
-2.446765891814182768e-08
2.984918216395545656e-07
2.283460619849570508e-07
1.514071153851637158e-07
4.644790465550429500e-08
3.782201914844318796e-08
-1.941299224459522326e-09
8.961913901650518273e-08
-2.337985532561278420e-08
2.162462609614088977e-07
-1.212932407410599108e-07
8.704164675210738939e-07
-1.444142795099135777e-08
5.311741282567869484e-08
4.013866013475808183e-08
9.201079475444992639e-08
5.105311175533656797e-09
6.632572273139548505e-08
-1.431987571751959034e-07
3.446269149205395899e-09
-3.288212333504989662e-09
4.996276692514159448e-08
1.052020973876645459e-07
1.304842673554176466e-08
3.913912553302702817e-08
6.252708571539230639e-08
1.234434891218286191e-07
-4.242810327111794202e-07
-3.070706438320957587e-08
-1.889279700977842030e-08
4.395739084783305562e-08
3.665975070986208102e-09
1.023224585749917876e-07
9.709774552753691234e-08
-2.779403069768868147e-07
-1.050552928902539652e-07
1.569024412027279087e-10
2.703306583328262018e-08
9.249991016875890592e-08
9.734634666419201962e-08
4.392458969995010561e-08
1.060327809860188414e-07
-1.099524469407527297e-08
4.829318326403983322e-08
3.964209368591208546e-08
7.124843228218604443e-08
7.335811177229473689e-08
4.988562031861576972e-08
1.633570988857897435e-07
1.352716474784769593e-07
5.789896191605848665e-07
2.009535251803714159e-07
4.053840666269356314e-08
1.548483272040248323e-09
1.614429895320051268e-07
6.484954534203093024e-08
1.066516936671044541e-07
2.002581423489890931e-07
3.444229209158596292e-07
1.622961354730805532e-07
1.730404810290746483e-08
8.893359758289658988e-08
9.803368937685931779e-08
-8.236560852262887605e-09
9.408931322724832553e-08
2.335945498689396546e-08
3.965046243936097273e-07
5.189913924512819333e-07
8.107698126531214891e-08
1.115925437140061138e-07
1.532802701550589433e-07
2.118056304774879493e-07
3.503779241759838844e-07
2.955866411560318927e-07
4.546750387945478135e-07
3.532303343299742191e-07
6.871129254020092607e-08
6.958400567730277917e-08
1.293771933820603449e-07
1.516491891914905459e-07
3.154747666010514385e-07
3.075458738450939126e-07
9.991960361931142153e-08
6.133633274749693639e-07
1.203072694496548413e-07
1.510520987154839988e-07
3.606515377912070773e-07
1.548337277466267049e-07
1.791115036170553690e-07
4.808497972871322305e-07
1.220837782349575864e-06
6.679981105133002976e-07
1.571644369315368554e-07
1.496751572968930773e-07
1.984369294510761192e-07
3.035585257617574249e-07
6.835661865801758072e-07
5.551174823317107896e-07
7.123606762769326820e-07
1.477765345720190431e-06
1.825807765880989923e-07
1.975866354846315755e-07
1.788577917428381096e-07
3.810412259253122642e-07
6.688407593526134626e-07
5.927436168020626847e-07
1.248452259072928611e-06
1.133127211500277065e-06
