2.143513120650901658e-08
-8.441124335983703493e-08
-4.698197179986467097e-08
2.669333857763124384e-07
-3.081939421658886646e-07
-5.584846466637029633e-07
4.489041186197459615e-07
-5.657533666449570130e-07
-2.085913631198941104e-08
-4.546788177996475179e-08
5.137926071424340999e-08
8.974597065684060481e-08
2.237723355601014342e-07
1.445393526402529095e-07
-2.279916112867027982e-08
-1.066577410057497537e-06
2.928108054708595286e-08
3.622143745064508693e-08
-1.166758788907600631e-08
-3.640578699119860984e-08
2.751523961304204968e-08
-4.037986644149690380e-08
3.527302689596877225e-07
3.344929920338797565e-07
8.868007077564053687e-09
-3.391127807964076507e-08
8.628715070488416773e-09
4.134421299188353300e-08
2.808354440891808257e-07
8.475689605866673522e-08
4.080694419766432134e-08
-4.518095393966284607e-07
2.510648122063960665e-08
3.026838602713644821e-09
-2.779305583058791884e-08
-7.606039152007670401e-08
9.014076709784501237e-08
4.188427684208779190e-08
-3.518223167721985594e-07
-6.282943209059724615e-08
1.459430320988492633e-08
1.779783264328555201e-08
7.400310018536698951e-08
-1.022886641575407389e-08
1.228680005192918245e-07
-2.864089904895440922e-07
1.756769304269597449e-07
2.937697226404392955e-07
1.229145181555097147e-08
1.258337304987712882e-08
1.062767969480090490e-08
1.438038250457301530e-07
1.542120635914718260e-07
2.365010877148366799e-07
2.578098153675578981e-07
-1.510041103891677478e-08
3.750663380548525171e-08
3.140373213847503908e-08
1.180782595802053598e-07
2.064547859210902214e-08
4.431256081949345753e-08
2.843951718630538192e-07
3.351607404712875197e-07
5.691402408729991095e-07
4.347857048141203948e-08
3.281718065332037659e-08
1.142431206327446077e-07
4.568572246522146460e-08
-2.231380092405700118e-09
2.696075786466174269e-07
2.032780135118256634e-07
4.152379565024102356e-07
4.363292819123995676e-08
3.623245421903769975e-08
1.571897687868665547e-07
1.124529276786139794e-07
1.148898886798776746e-07
1.371912220296055075e-07
1.957022495427429165e-07
3.959611337871521521e-07
5.960335318802277662e-08
1.160092716827136844e-07
1.321448689527342622e-07
1.704491298297424749e-07
1.812730839164107637e-07
3.950740576870505551e-07
8.951169156918761687e-08
8.933898800051764527e-07
6.161575052538210544e-08
6.235314494821322530e-08
1.736171441211769090e-07
1.440584255743073288e-07
1.511048692352145942e-07
3.576880721323104271e-07
3.169111464380069557e-07
5.831897084460597485e-07
8.505517742341310563e-08
1.650690057582197417e-07
2.461011134767121288e-07
2.602881420692548366e-07
5.776185364575790466e-07
6.426071869213107666e-07
7.395291217744449167e-07
2.476624298275075728e-07
1.120606957300231199e-07
2.058275011372509671e-07
2.536152876140415734e-07
3.807716246176998910e-07
5.625108899529836611e-07
6.536405572736807168e-07
5.423436455282251100e-07
4.932194535793018664e-07
2.398153180694510860e-07
2.216918753137147927e-07
2.874153551796915287e-07
3.788355079181810447e-07
3.968464740874731232e-07
9.210576416382396792e-07
1.317892348023123045e-06
3.039010334808243967e-07
