1.785458715310763814e-08
1.456883388563937160e-09
2.706074225367636583e-08
8.110098349933722231e-08
-9.132519550260737914e-08
3.241098261586154552e-07
4.773846239411714397e-07
3.200516838894563287e-08
6.231135781308168882e-08
5.027174405423894701e-08
6.106985527056813174e-09
-7.015395076612503313e-08
-1.019182795048185401e-07
1.964816195256582905e-07
-5.404221352723075203e-07
2.742414072132959137e-08
1.523647405162039519e-08
9.892216190845145087e-09
5.169907153785388244e-08
1.095061220832790159e-07
2.233761326747420289e-07
-2.742352281583546095e-07
-2.159807294222511286e-08
-1.958907891963355594e-07
1.454436143794254024e-08
-4.283725157662626065e-08
4.473677350360444723e-08
1.033171647188092161e-07
4.209902318409050384e-08
-4.628874849801550703e-08
2.832044736420671549e-08
-6.963702768769992557e-07
-2.785666958229507560e-08
-1.223825704548905409e-07
7.460908073478694914e-08
1.351927654447437872e-07
1.557482837936284136e-07
-3.358177606594895025e-08
3.616188953280029805e-08
-6.149035355094453644e-07
2.378120941958551295e-08
1.531984094443590637e-07
9.864100871740554515e-08
2.996221065486903890e-08
-2.669639220504519185e-08
-9.235958729711787476e-08
2.875851735291491149e-07
1.901038315979662594e-09
1.270274609501383612e-08
6.231067444821324441e-08
2.127420986608004436e-08
9.369742441834966332e-08
1.095240663517823880e-07
2.252400480476828588e-07
9.320700544262752251e-08
4.581589870436028200e-07
1.786684604024041872e-08
1.085032270838952701e-08
2.215246107888191867e-08
-2.207879378531970058e-09
3.973063198908628690e-08
2.328871316880696767e-07
3.851875154622582341e-07
4.081100814935540238e-07
1.122206277804204032e-08
1.269238195310844805e-07
-8.683458406285632589e-09
1.252816107395574211e-07
1.573224215180387622e-07
2.822415630259523716e-07
3.330654979834008325e-07
8.941061193544289799e-07
3.066212770515491965e-08
9.244806618774552401e-08
1.521764583135424466e-07
3.813484764152984152e-08
3.164178395762438923e-07
1.386098847464439710e-07
4.746867813874131704e-07
-3.340391121251576944e-08
7.696486602975013135e-08
9.184993967305312997e-08
1.968034090313066753e-07
2.015340261034325679e-07
4.149740592040277605e-07
2.154041919466969538e-07
-7.590084798021017735e-08
-1.761472705900712577e-08
8.675328592256943722e-08
1.193507535934279991e-07
1.420558662561737348e-07
2.249643139312782875e-07
2.763144905891104611e-07
1.817379788240956479e-07
3.304938574588244121e-07
1.732641225733751322e-07
1.241024154775155173e-07
9.772822933625746565e-08
2.928460582857161502e-07
2.758297993234786146e-07
2.714945967405440185e-07
3.060263172524541220e-07
9.642049997354198858e-07
1.352476040260242277e-07
1.460825327655634605e-07
2.308599671667942637e-07
2.366194783009049833e-07
2.609480819164315125e-07
4.835052814203029375e-07
3.526932646450179701e-07
7.714229758744489160e-07
8.019272031546887568e-07
1.180230482411218246e-07
1.640607553362975841e-07
3.341886815112475768e-07
3.879103961836625158e-07
6.070809366601073485e-07
5.868673552690537696e-07
1.739028433447011376e-06
1.374908673962915285e-06
