4.264458490985289642e-08
-2.186366950542234292e-08
2.092714633103857543e-07
-5.861787620991594284e-08
1.691193534075737557e-07
-1.858497186012671476e-08
-9.834967620314655194e-08
-5.825626976177275092e-07
1.867689500535753835e-08
4.900370086040739592e-08
2.404731047291633153e-08
-8.535720487701022424e-08
-5.570810899729464620e-08
-2.093846779328661424e-07
4.306035205731018187e-07
-6.721755316807794008e-07
-3.220482873424808929e-08
4.168269097844937833e-08
1.200364500155731853e-08
1.930736515075513305e-07
-2.351187251959505482e-08
3.085812387016846134e-08
1.239706980516055569e-08
2.057729606859595866e-07
1.368620799946778643e-08
2.760361868722970390e-08
3.774117715787621493e-08
-3.272967890394937166e-08
1.720259160277895837e-07
2.093827348787742802e-08
3.124967455039434932e-07
3.595714799642433561e-07
7.042467409093406143e-09
3.181335218524645109e-09
-2.418016296946144252e-08
2.533847958009494709e-07
2.657870027736538249e-07
2.800369042071996153e-07
1.438313033558350471e-07
-5.271864978618181683e-07
4.131610839166549920e-08
1.120867217704450323e-07
4.296846979312620080e-08
2.533741882628429096e-08
1.078328127344748051e-07
1.837532585128729179e-07
-3.476317273457702456e-07
-1.148532038287163078e-06
5.120844949428435439e-08
9.156479154327197287e-08
1.014661877912643842e-07
1.334552872374719684e-08
1.703874731401008088e-07
9.519287707443325977e-08
3.355137335662765251e-07
1.657595125577459435e-07
6.129429608219867904e-08
6.777414451053774168e-08
1.366966935212357476e-07
1.072647954216834931e-07
2.193028783475001595e-07
-2.004553431323987447e-07
-6.634642015149437597e-08
1.992971916347350636e-07
7.030780821565588704e-08
8.586493482322269930e-08
9.773614655750086921e-08
1.247789777206980935e-07
2.228255070225705937e-07
2.415129595401377535e-07
2.463423708995878893e-07
2.326025282230473498e-07
5.932015086751420984e-08
8.583152253685466713e-08
2.032470502863766674e-07
2.007935748269437951e-07
1.336606165171929491e-07
3.366378086357240795e-07
-1.188389355502115578e-08
8.945217309784603473e-08
5.625494996249185950e-08
1.457918559696127392e-07
1.367196038109307208e-07
2.354999658840851229e-07
1.749583243776469212e-07
3.242583023480771265e-07
3.523888858137258908e-07
5.282993077047548246e-07
7.596440666028962645e-08
1.262859251516910171e-07
1.380282432479172841e-07
3.449473029811665788e-07
2.253631149772025562e-07
4.092444368382585082e-07
1.903192235504914902e-07
7.203342391154133379e-07
1.226970287653440831e-07
2.515686811503710610e-07
2.578838006934578774e-07
4.179823115033429300e-07
3.491346922297359059e-07
3.195138928306359414e-07
7.114866448650791192e-07
1.989670539991750907e-07
1.173121666810853543e-07
2.329173290609507665e-07
2.781020308236410081e-07
3.017892893633936179e-07
4.824435790418797807e-07
5.600527566727244531e-07
7.504939180499916898e-07
2.655612115178277185e-07
1.816495201510977022e-07
2.894545150161980305e-07
3.265229661947128112e-07
6.285483103263892280e-07
6.219370428447741611e-07
1.058161033857268158e-06
7.952177813667659482e-07
1.394323564907512442e-07
