4.179613735788560786e-08
1.527751178953261245e-07
-1.606817597397571328e-07
1.512569448189326535e-07
-9.284679276393178628e-08
2.259546896400037723e-07
-1.346563575693691033e-06
-2.798549089338294960e-07
1.124567491097346487e-08
2.195265990310058120e-08
-8.205793276938270809e-08
1.904991023261493383e-07
2.192320921427514455e-07
2.245791352122275482e-07
4.352066560633891765e-07
1.766169946627561689e-07
3.080160228919246583e-08
2.512902096445833504e-08
1.219902074709597475e-07
8.198750871821307440e-08
2.049158017779796710e-07
-1.081287655164458441e-07
2.722945591595636753e-07
-2.907152697273705275e-07
5.262127885727783170e-08
-1.339805174684538565e-08
1.006511584662668451e-07
2.317769285678313283e-07
-7.612085194701540541e-08
2.260657598252723864e-07
3.121223705787864400e-07
-8.342537057778623200e-07
1.657470673744179640e-08
1.436978565175316725e-08
5.841220704487567685e-08
3.015099299466037466e-08
-1.414718595193730772e-07
-2.163267264671665042e-08
6.190238753513749104e-08
5.379585920074752863e-07
6.684694085631207775e-09
1.914897141993300376e-08
-1.072020767912023525e-07
6.473436991052736185e-08
-5.386276987106400629e-08
3.417175703943162221e-07
3.068134730855105480e-07
4.094010212465969909e-08
1.173956939403154409e-08
8.260790133772214007e-09
-8.556542584114259283e-09
1.141172370206394416e-07
3.109230838298814243e-07
4.299090766817046092e-07
4.321294039114968105e-07
3.468451880477868198e-07
3.315097805763357405e-08
8.606394545358388796e-09
8.400634228411360546e-09
1.650946875081585568e-07
4.442569206089600768e-07
-1.146974355873870155e-07
2.610230271059955452e-07
-1.974291124034397247e-07
5.877324338629656310e-08
5.983376453261379695e-08
-2.678876297887264555e-08
2.125638704430742013e-07
3.881436089818251569e-08
-8.129341197109891595e-08
5.535547624552633673e-07
4.075119966908249461e-07
4.969301411628848316e-08
-9.202901157551957666e-10
5.298990507732971362e-08
1.384544507731386347e-07
-6.269840426153731070e-08
2.150504497633976527e-07
1.861439231657623239e-07
-1.378883089567968524e-07
6.745521492924109425e-08
9.246949189480556583e-08
1.271150500380357827e-07
1.656009550636028278e-07
2.502333366022096306e-07
5.305658060239565258e-08
3.752766627920814970e-07
5.605680420289435269e-07
6.907957422047364703e-08
8.969327759373459358e-08
9.315460185191794298e-08
2.561718864169435072e-07
3.323661171330643768e-07
3.125602299943710705e-07
2.213757428667851206e-07
4.914861313812632508e-07
1.293809199393941970e-07
1.849663364113553218e-07
2.206679251692106538e-07
2.870603148940696977e-07
4.430953537497995155e-07
3.550802851255778246e-07
3.009193154377583009e-07
8.464304761120975803e-07
1.360725197988766947e-07
2.101988067167965753e-07
2.353237502631024258e-07
4.164158326852640414e-07
4.310180559361714550e-07
5.787865196064049511e-07
4.429173248254967960e-07
6.212308312827267947e-07
2.071589183937678586e-07
3.025300031919610196e-07
2.178650167150206166e-07
4.768306026572212569e-07
7.225500031208650164e-07
8.347898466814385850e-07
7.556963582612250082e-07
4.758604810421043388e-07
