-2.678035404971318847e-09
3.436620041628195435e-08
-1.232647332433076167e-07
-7.303609209876443460e-08
-4.615887479902640484e-07
-4.343469501884969341e-07
1.047333164583063532e-06
1.518864047832225646e-06
-8.251812525445779463e-09
7.265065309342600702e-09
5.969021619980447426e-08
1.670319861678606867e-07
-6.052213400336642717e-08
1.489000484723258525e-07
1.929959474402440867e-07
4.087254901192947765e-07
4.343909404782670911e-08
2.332668255076888581e-08
-6.327021888468728749e-08
9.041790417535403649e-08
1.040610688252693122e-07
9.969132678682444956e-08
-1.257015737889031762e-07
1.393251059180321445e-07
2.723108491762225880e-08
-3.023184212760260671e-08
1.068069736329623033e-07
1.565795368728063343e-07
1.826078239860532450e-08
2.428063929218018456e-07
3.028656443954030391e-08
4.555213049823334084e-08
1.396838614706939132e-08
7.339329136898434452e-08
9.128958444440759359e-08
1.947271029595537503e-08
4.160403185975194085e-08
2.334415831341420432e-07
2.556804624239788003e-07
5.996161679586995615e-07
3.391860789756317879e-10
2.281653231019978867e-08
1.045623155242253407e-07
1.068272519776959105e-07
2.742932221447614688e-07
2.427652783662709890e-07
3.924340844521086190e-07
5.545880525586098835e-07
3.043518023660028911e-08
7.642620647061211933e-08
6.467995625715212876e-08
8.120764921797437894e-08
2.907197935947885097e-08
1.973713255017840802e-07
1.730923265904548525e-07
2.742140323717882045e-07
4.445276363508732588e-08
2.582128056216649604e-08
1.230926224591881357e-07
1.500346570872383383e-08
6.068751217220007482e-08
2.291299111875222245e-07
1.601261305792594777e-07
-2.863272684998802389e-07
3.563407732535160328e-08
6.991725486152673802e-08
1.374284031460816952e-07
2.737364609863152446e-08
1.239929558861332449e-07
4.257305568202476940e-07
4.414335121485100061e-07
5.027553501226872201e-07
5.453303043860803878e-08
1.285357009472026440e-07
1.211162781199077178e-07
1.207637106891152369e-07
1.253654959735897614e-07
3.018432031493997575e-07
1.939695939270720436e-07
1.255663216314807976e-07
8.294342095034278165e-08
9.903183719258495846e-08
1.660989029778214509e-07
1.101107885047666907e-07
1.976676174385726238e-07
3.747316229038779921e-07
4.096565868395045520e-07
8.742644934434743576e-07
7.471896080739258228e-08
1.358950702332983668e-07
7.162246012364185469e-08
9.075088539769116322e-08
3.594168732557770675e-07
4.646561145561864154e-07
3.588846117556989651e-07
4.952792404003795780e-07
1.280178354553249553e-07
1.123631715274981819e-07
1.653783547324928647e-07
1.464942080979435065e-07
3.855749063095004256e-07
2.927000515870556065e-07
6.275664411701950260e-07
7.710183702901238669e-07
1.614200385449734058e-07
2.092529913450591948e-07
2.143101287616085950e-07
2.589750936439925268e-07
3.318254475310632166e-07
5.669841909413810531e-07
3.294097690325249986e-07
5.209236643199254413e-07
1.399564046025968898e-07
2.852686373221445681e-07
2.512942410713092165e-07
5.332174310718423215e-07
3.425399973591945761e-07
4.092607067715247974e-07
5.333889052825568889e-07
3.468796463953394788e-07
