1.345865420810625542e-07
-2.345142917597090003e-08
-1.269331014377909259e-08
6.436207784271399469e-09
-2.635693556600293144e-07
-4.606761683195854674e-07
-5.750923440918646169e-07
-4.694410658482204334e-07
-4.585195882858264969e-08
1.335249187723425480e-09
1.796468556810009873e-08
-6.831929216599587062e-08
-3.988514229432247729e-08
-8.493047844311174078e-08
3.218826009240910576e-07
7.545678899463346746e-07
-2.250513588649782895e-08
9.599086535692410888e-08
3.186159553650481662e-08
1.083898832006158548e-07
-1.923544368774447617e-07
-9.058565902519360053e-08
1.028174550473175331e-07
-7.253127876154710531e-08
-1.992035159209395522e-08
4.198160934485145453e-09
8.317840187521348612e-08
9.110176586168739675e-08
-1.759994133341694292e-07
-5.960574903470992844e-08
3.217751190941291197e-07
8.391896860060371329e-07
4.579944081069438678e-08
3.458620402357306091e-08
-6.744573977514245531e-08
-1.665892587333082853e-07
4.044219001058614510e-08
3.994299919132989728e-07
3.006952055883403595e-07
-2.586372270284084441e-08
6.907049195516475319e-08
-3.077674847870050866e-08
1.073272202598941889e-07
1.826522043941769585e-07
1.816159922079442333e-07
-5.882170265555561722e-08
2.760468168721291350e-08
6.280696967005349405e-07
1.656576117324311020e-08
5.050384540754437736e-08
7.553324662987814223e-08
5.599613621343025764e-08
2.103908302147075392e-07
-2.814299100189048131e-08
1.605304710583485363e-07
1.641026555441145792e-07
2.598101635428258594e-08
4.624133785994828908e-08
9.347647072037501910e-08
1.221921852156474111e-07
2.154013175696905336e-07
8.672468985155276881e-08
2.139938169934144527e-07
-2.692613062686026077e-07
4.658457591615263248e-08
6.106145269561130758e-08
1.681011046583999119e-07
2.018501404623971942e-07
1.371964531431329859e-07
-8.169871342572081107e-08
3.787649521257745477e-07
2.073445420156920408e-07
3.769529589702782863e-08
8.374718227847004935e-08
1.117993105304572489e-07
1.411384198328653559e-07
1.641155174919751920e-07
2.280935605190866679e-07
5.699049915040151371e-07
3.086340859927182467e-07
7.454731276751608088e-08
1.024275105569785235e-07
1.835672295718290861e-07
1.835356898104616049e-07
2.634222753029423457e-07
2.528011148941341780e-07
5.251483681047335824e-07
5.295421106485041408e-07
1.035110012489389829e-07
9.349199186692400206e-08
1.954468609125408456e-07
1.689632377268674420e-07
1.470284982255835265e-07
3.900426634105457414e-07
4.542095400734638171e-07
1.946839381579634505e-07
1.059925015916899465e-07
1.019728514305111640e-07
2.061052085341494504e-07
3.274774583764193856e-07
5.968381124375414564e-07
5.532823832375940160e-07
8.124342493958266333e-07
6.040132252767639582e-07
1.460359097383689556e-07
1.935359043818302658e-07
2.592953488476951271e-07
3.649892092932342075e-07
4.918309459966861106e-07
5.145549583168566000e-07
1.067898313743776767e-06
1.405430608878882433e-06
1.751257283658991173e-07
2.299979003942020402e-07
3.282380765249522046e-07
3.958392269780457841e-07
6.507387223881361575e-07
6.967868523533919892e-07
7.567194159637385343e-07
1.309907354859779885e-06
