-1.222314730715439295e-08
3.606974852014980105e-08
-6.622324255023338457e-08
-3.013139623156965531e-07
-2.097994307156318357e-07
4.682628886870408971e-07
7.239834155669411431e-09
8.344686120872536859e-07
4.204237422958759244e-08
1.940423186790406118e-08
2.453177397401958871e-08
1.361154753381193009e-07
2.235771202573674432e-07
2.562561361566704487e-07
-1.946793302687626791e-07
-2.383827202986030042e-07
3.130085242598120977e-08
3.114590749604368288e-08
4.913240179513905512e-08
-9.028828603476782993e-08
-1.653689849194285074e-07
1.341007534722742790e-07
-2.859405848688668418e-07
3.156387101401010678e-07
6.406714532665310488e-08
9.654979734620817933e-08
1.392999260098707987e-07
3.125604213890976930e-08
-3.686765862917952074e-08
1.730860518512886445e-07
6.339334765612444501e-08
3.565916041279463787e-07
3.215022682314006615e-08
8.803320266721547230e-08
-5.869041271145643393e-09
8.540939669191604303e-08
-7.786519885764846014e-08
2.393637518604546560e-07
-5.838419696337489009e-07
-5.795332314163958610e-07
5.861569299241577120e-08
-3.001386276738116741e-08
8.685962153726186776e-08
-8.866595444493372806e-09
-2.248387675745168727e-08
3.064180543578938619e-07
-3.685656341058994625e-07
1.239684752312678586e-07
2.264549649199139586e-08
-7.106275573010260698e-09
4.719035975040970825e-08
3.985096537400053166e-08
1.061069349068315780e-07
1.297624209085809642e-07
3.777165941425955115e-07
1.333763057713847364e-07
-5.960622342818031591e-10
3.492686588734288025e-08
5.698893385515390553e-08
2.667650218396800034e-08
-6.748936180337934635e-08
1.278952874444925864e-07
1.091425090645053762e-07
4.278651139215225993e-07
1.491054751418586295e-08
3.275026305312732249e-08
2.808660523187695854e-08
1.344563180401722169e-07
3.114652256022278911e-07
3.228346334562430316e-07
6.940498168684345237e-07
1.499210572627294283e-07
6.952162440947141469e-08
2.980913029319735858e-08
1.859522647913437615e-07
1.108161610384824070e-07
1.439022103924234107e-07
4.844669030233417781e-07
3.880644245773586766e-07
1.852549990521058901e-07
3.915681482838362245e-08
9.727212600885739001e-08
1.869577976936007941e-07
1.735467920132401560e-07
1.617740405891867373e-07
3.226163122040765235e-07
6.721641110806365193e-07
3.249952744940149406e-07
6.682616143769954470e-08
7.567270132891463875e-08
1.912999809136188220e-07
8.151867695921590277e-08
2.103723578656163975e-07
2.618274603552250315e-07
5.639099438856201454e-07
2.418134516286838852e-07
1.071177715000287048e-07
1.719481639855112747e-07
2.549977892703699723e-07
3.308404602683271114e-07
3.260956232934906622e-07
2.646458242987596077e-07
1.104285300635627071e-07
8.339910360167722763e-07
1.367211029315508178e-07
2.208900596182114603e-07
2.019793679764054437e-07
3.178058486643825063e-07
3.159882054521576349e-07
5.131981514494522841e-07
8.798150643972693986e-07
1.089597612804768474e-06
1.413022866118029862e-07
1.575909050572795684e-07
2.055421164615890420e-07
3.885411006593653105e-07
4.420144320529042042e-07
6.402558350734853190e-07
8.380577369176543932e-07
6.451496248354024330e-07
