-9.270065294605426091e-08
-6.898355765963049292e-08
5.374610061483528506e-08
-2.956883626177978367e-07
-2.343135705278889238e-07
4.784571605492549996e-07
-7.084518834581145095e-07
-2.429169984144359860e-07
-2.956085797501895711e-08
-2.053948701981659641e-08
-9.840181312576917907e-08
1.462519084407787557e-07
2.441765979353749869e-07
-1.851242427523738803e-07
-2.092483744937854820e-08
8.900053993092304996e-07
-3.164007083508586508e-08
-1.530762619301006288e-08
1.986809434354798040e-08
-9.514049154249676770e-08
-1.167696370612043106e-07
1.112981567296833403e-07
2.540651659527271100e-08
-7.302442481504586845e-08
-4.977159993852851165e-08
-4.237697152166986101e-08
6.808242702895050177e-08
8.314004016074227771e-08
-1.558794340018865294e-07
4.348191219268498276e-07
2.784078211619115123e-07
3.586923089970384048e-07
-3.893112638037180503e-08
1.346477119430253379e-09
1.204379520988621593e-07
2.041445978053848930e-07
-5.317127754088285343e-08
3.477350713451111098e-08
3.847506803030986493e-07
1.300343095069835444e-07
3.042705788282794424e-08
-6.325983837242819094e-09
4.702464511569946144e-08
2.291836651959571533e-07
-8.266818481064236233e-08
4.095520833350086479e-08
4.935832708791180326e-07
-5.099997113472028000e-08
1.253727522202735657e-08
-1.361211774466751736e-08
7.973634686453596119e-08
1.123813593018572613e-07
1.202649558124571359e-07
1.313972356069515176e-08
3.883460962776763322e-07
-2.915219779342912944e-07
1.119914065754383017e-08
1.305233086466889715e-08
3.962149374396598771e-08
2.178433900821877781e-08
2.073959300518667628e-07
1.968096128107478513e-07
3.495033510582399000e-07
9.112032402186985672e-09
2.477115297382383285e-08
-3.183572774047522012e-08
5.552715219949486766e-08
7.977518235732125554e-08
2.499539898620272858e-07
3.054942196708299468e-07
3.293005963024448750e-07
-4.941962006466601546e-07
4.701429283057399240e-08
6.909819024062015865e-08
1.306712671683488918e-07
9.414375542479787281e-08
3.488322444881380149e-07
1.925752630673820169e-07
4.136310570483269369e-07
7.749868337842866320e-07
4.768070127279077487e-08
7.868612081169082096e-08
1.652354178417604459e-07
4.454191725843247141e-08
1.705145706317418589e-07
1.427593150653123209e-07
1.209189386864450419e-07
2.330671708494429278e-08
6.866559058078966939e-08
6.230144740706036058e-08
7.271572315418956495e-08
6.694628348909592527e-08
2.556027392529332714e-07
1.693554182919748023e-07
5.023923675041181148e-07
1.987702171513282780e-07
8.971617840955868551e-08
1.243251428347987562e-07
2.396194526832797683e-07
8.862593282518122483e-09
3.460329114123462866e-07
6.674415597312886912e-07
7.161159539964649843e-07
1.083634835941755304e-06
9.214259018313649222e-08
1.335935908753607664e-07
1.234110822024435996e-07
2.575076767961755221e-07
3.276691356833310792e-07
2.627808885539993776e-07
5.449278520332478299e-07
1.236390573408536626e-06
1.185603787753888150e-07
2.617491692716999273e-07
3.254587915800822677e-07
4.090194079201407964e-07
5.681510824704370393e-07
9.288847398708484718e-07
5.545432683143387813e-07
1.206118227759593237e-07
