-1.241196249206602687e-07
6.583271950190436122e-08
-8.186930707569959126e-08
-2.637917889712998631e-07
-1.906139428589612789e-07
-1.717875401265474056e-08
5.309330448111726240e-07
-2.298565475050128116e-07
3.494054111909288625e-09
3.072867064350694831e-08
2.479436868154212003e-08
-8.230245005889360118e-08
-6.485415581788785316e-08
1.379103319701101482e-07
-5.590861120913171301e-07
5.536270906295795724e-07
-6.358105475277436257e-09
9.592808391380991835e-09
2.939350630744640377e-08
4.889236971503714998e-08
-1.398730189997095080e-07
6.478179275725281882e-08
-3.767679000070482245e-07
-5.741065296149708070e-07
8.064217680205276965e-09
-4.125223872496260960e-08
-6.510226034935321987e-08
9.547579464759829332e-08
-4.732390846525626995e-08
-1.703198546469827760e-07
-2.931461713646035668e-07
-1.227949065045125816e-06
-5.032727577806977090e-08
2.716985366976276256e-08
-1.347392929486593913e-08
-9.713774937267331642e-09
6.295622268332149899e-08
-1.944623516336735143e-07
-3.705623496515088399e-08
-2.486839465325189148e-07
4.687147836967519835e-08
9.625319321221639596e-08
-2.135996143438367291e-08
2.803214791865874118e-09
-1.327308464066728228e-08
2.331876837701677760e-08
-1.127992486424141951e-07
7.772502499775803170e-07
3.277308747757376194e-08
1.442850164254906193e-08
5.122547643067692948e-08
1.447601652804145951e-07
1.710969541933165349e-07
1.376114010810671669e-07
2.815470078247453121e-07
6.866692271640298052e-08
1.203854438242232578e-08
8.564713320779928946e-08
1.034359615785268296e-08
4.460948715438191144e-08
1.639722471042360897e-07
1.928125736041959668e-07
-1.604061211002469873e-07
6.537719928827227170e-07
6.469379889983943487e-08
8.362270029724231469e-08
-3.004142988719198886e-08
4.411054165206486188e-08
2.068265988809143452e-07
3.672831237642681306e-07
-3.822488705751449024e-08
2.710754028972895423e-07
5.186097052062368641e-08
8.575298179353160425e-08
1.239174462146794288e-07
6.753891056737466796e-08
-4.254848516032229739e-08
-3.752348980905909532e-08
6.142804362336082578e-07
3.479628557884479470e-07
4.353549913690516365e-08
7.603732712316505202e-08
8.657788101932111390e-08
2.045828980139238719e-07
6.895484146052186408e-08
3.351911897150626706e-07
3.932070115826869035e-07
4.777978272301469605e-07
1.028409038318065040e-07
9.482192173950282097e-08
1.433579494046917546e-07
1.873331843330174947e-07
1.442280437800125340e-07
2.301230775046535645e-07
2.072959818003919410e-07
6.758436599881627518e-07
8.891935905046779362e-08
1.123897520448296848e-07
5.612291370402621194e-08
1.075655365066459111e-07
5.459246771580063526e-07
2.559568973100575656e-07
7.023061763556058111e-07
6.661065644073092958e-07
1.425207792150211684e-07
1.601316302856219206e-07
1.242812315707405577e-07
2.592601709460858153e-07
3.936480533464533227e-07
2.682799131476667142e-07
4.949449988771992666e-07
1.238477284988629173e-06
2.349541464390017192e-07
1.389317034039499836e-07
2.040597504405572498e-07
3.464124115971192120e-07
5.797524034069927352e-07
5.169728253514509967e-07
1.049754966895612406e-06
7.679757322666918718e-07
