-4.566220727786991306e-09
1.562424439136318617e-07
-7.347738777534090352e-08
-8.944759664605390440e-08
-2.598652936874543574e-07
2.147824920991530500e-07
-1.764059438241478407e-07
-2.778939477141461632e-07
-2.241367631325795733e-08
-1.105763353033225096e-08
2.895407620900408285e-08
2.796450898103828563e-08
2.077871784323692023e-07
-2.045789973240369116e-07
4.550694147733790945e-07
-7.103904791008622359e-07
-3.483742793958685104e-08
5.133682655022073994e-08
9.619054833007793232e-08
8.667304416330046004e-08
-7.464300841998551554e-08
1.746960972802301296e-07
-1.039052842556146126e-07
7.970090675360572067e-07
2.077417549627368961e-08
-1.561784951586223839e-08
6.193319447434712435e-08
6.503648409511989044e-08
1.396788984123748572e-08
9.706226242271889616e-08
-1.482271378748763381e-07
-3.346118072843130080e-07
4.069593972474219128e-09
8.969582021485087998e-08
-1.238363627042773901e-08
-4.225659896562689381e-08
-2.620938859695670468e-08
-1.624747971949870197e-07
-2.150210810441545896e-07
-3.849791169995787831e-07
6.618822030782024416e-08
1.486926977769701268e-08
2.656187286322925162e-08
2.596536931450683699e-08
2.212489232864499297e-07
2.486287718939793899e-07
8.812430605269247749e-08
4.696048030850734237e-07
7.500555771234376124e-08
5.283265806864208512e-08
1.179184525951202758e-07
6.967400466521939674e-08
2.279701085172163871e-07
1.115553620338519347e-07
1.261499574898308990e-07
1.089282861610862638e-07
5.405337032526292137e-08
4.853154497039517738e-08
1.396638328709670793e-07
5.890864292855888242e-08
1.402913296906397462e-07
1.664599192666163193e-07
4.142782234805781060e-09
7.386140493003485572e-08
6.331171384542829221e-08
4.547916192769443386e-08
-1.558667541031142007e-08
4.271111795512937822e-08
1.358455723167343852e-07
8.590160362384476815e-08
4.088746481438970876e-07
3.666412116542392538e-07
7.487204221513480513e-08
9.291380778266101950e-08
8.247472954302370231e-08
-2.669452753765812704e-08
1.906906720450656978e-07
1.048124865682072126e-07
5.796740348486685388e-07
5.600074141915020124e-07
6.047416394854825623e-08
6.554926451866763352e-08
1.266588599394202478e-07
5.680542116655090056e-08
2.413379947709930442e-07
4.415729453437171210e-07
6.364397420424050275e-07
8.416510946326212413e-07
6.860516226244471807e-08
1.059613583622734967e-07
2.118667119030785873e-07
2.130368991728484364e-07
3.136956571548387132e-07
3.311620414170729890e-07
4.977352696401569549e-07
1.532645431560300329e-07
1.370218999307552441e-07
1.873945453037917633e-07
1.828375571050273409e-07
2.907563722496771085e-07
2.232973126952984408e-07
2.617872818772082847e-07
6.519463881829980649e-07
2.652940201814559371e-07
1.478913675297950658e-07
1.418829972979991773e-07
2.535194573419009303e-07
3.365362393243359401e-07
4.991227007599599578e-07
4.510533928556365007e-07
8.374735596712497222e-07
2.080454961982559299e-07
1.525407553377406769e-07
1.294250944361594522e-07
3.604765594002687751e-07
2.964490839139465845e-07
3.555960357379704122e-07
4.504598700278406262e-07
1.332598308419262209e-07
1.350830980796781859e-06
