4.936603473609836338e-08
5.131241284899261965e-08
-5.005013923236064183e-08
-3.799005537608170648e-07
-3.536736672930142968e-07
-4.412151445214114497e-07
-1.103693393001856172e-08
1.555916259463966116e-06
5.867247445140078148e-08
5.852062591136214950e-08
5.446066453060952180e-08
6.519464607103838560e-08
1.351134367722711925e-07
-3.022840034618045265e-07
2.669972069680187772e-08
3.722307822171860468e-07
4.725524746560857615e-08
4.169268076471267922e-08
-2.427860353180755911e-08
1.526562196535399578e-07
-6.269924336462963721e-08
-4.128245768051503341e-08
-1.308553606567434736e-07
-3.600816528139982813e-07
5.442798159672352121e-08
6.048923070995336402e-08
1.275241942503655551e-08
-1.103721693015015710e-08
1.563016400227391917e-07
3.611034273760292801e-07
1.297632789929832865e-07
-9.924143480697925505e-08
1.026953243295894316e-07
9.313750458054383271e-08
-6.426610364317673801e-08
6.502533523426612487e-09
4.022468478968019723e-08
4.544772218043218748e-08
2.831647914850925174e-08
-2.295995770752639517e-07
-1.353021141657521777e-08
-2.730123370477787211e-08
-8.695873631693325897e-08
-6.989017186587696606e-08
1.561701778834646896e-07
1.184619202648530875e-07
3.186776730029629426e-08
1.165180836583701439e-07
4.610244371878641883e-08
2.671716887743267938e-08
7.008503279035171813e-08
9.990057299742900542e-08
2.062218612533520054e-07
9.907292202075565375e-08
-2.789265858032360204e-07
-1.905549276812053909e-07
6.858181474310243994e-08
6.044885531888522429e-08
-4.109062850737965165e-08
1.406717155034772598e-07
6.874910122799592276e-08
-7.120461613764578350e-08
1.004299227836441530e-07
6.549461246083921018e-07
3.772491160107307851e-08
2.553774812440221607e-08
7.058731069464272852e-09
1.454794206725310478e-07
8.510330775855284483e-08
1.663958703266239064e-08
1.649911211700805237e-07
7.691063218769435117e-07
7.290505806639687652e-08
2.273482398249063940e-08
6.399168157931705615e-09
1.392816799003424114e-07
2.942766542791905802e-07
2.478331170000723624e-07
-3.107640864950198288e-08
6.537298127372766655e-07
8.557772419748736461e-08
6.220869669922189336e-08
6.902488175182995401e-08
6.577656523756983636e-08
2.287589956226393071e-07
2.586856917489897656e-07
3.933881669897582852e-07
3.828576917822949771e-07
9.223117857505212140e-08
3.657584794887666533e-08
1.436764298997527974e-07
1.298501765019430602e-07
2.862335612026909506e-07
3.777475587531209619e-07
3.359445381022466440e-07
7.698418346780932309e-07
1.368113379273125312e-07
6.588912310666217200e-08
1.738952969699144767e-07
1.658840896107725191e-07
2.506146465908883418e-07
5.326728754183545138e-07
5.430237462309119655e-07
5.473332340241437180e-07
1.803497404352751770e-07
1.298617537212833681e-07
1.371936451510871331e-07
2.288287018937390498e-07
4.373321595505771953e-07
5.178022834446616595e-07
7.546121552568465293e-07
1.068485306735741580e-06
2.033147077117631227e-07
1.567553404220458844e-07
2.480617233709357544e-07
1.604013336061446635e-07
4.115712233994531824e-07
8.510303738034889366e-07
5.316793884045193349e-07
5.538364159112066584e-07
