-3.324286024147960748e-08
-5.419369470562414893e-08
-1.938700786940488642e-07
-3.170019603550444039e-07
5.856881508039901456e-08
-5.821919559581825414e-08
-1.192303364127266677e-07
-7.394405113333353738e-07
-3.951375018941250715e-08
-6.031172888791512182e-08
-3.624268118157135560e-08
5.591901598229567248e-08
7.947187859011387104e-08
2.262424542483499553e-07
-1.885303801026297777e-07
1.871407869032607009e-07
-2.896889930948944463e-08
4.664167805083035944e-08
-7.179715119337620187e-08
8.919267362600899222e-08
-9.954844993788898339e-08
-6.924404271141069175e-08
-1.567378593235245006e-07
-7.010963337097466780e-07
-3.405001262869336472e-10
8.608846567451935063e-08
1.824349616565781677e-07
-3.154611266610006516e-08
-2.119980000557420109e-07
-2.574962284146304081e-07
2.258861817494411827e-07
2.042199544257995485e-07
-3.181854171058545981e-08
6.221535589405933860e-08
-9.068115680999500221e-08
1.080464511378338549e-07
1.596541906191334611e-08
4.636719590211265713e-07
2.219260697805807743e-08
6.520042589197971563e-07
4.400315379118572196e-08
-1.115565785911606146e-08
1.347883789517393986e-07
1.770593060418635933e-07
3.262853009278229922e-07
3.854543722657369247e-07
3.170069274563364337e-07
-3.660232162413575491e-07
2.941254917473197020e-08
2.111853380219142544e-08
4.854325287860328223e-08
1.167706637982668011e-08
2.159589040524383846e-07
1.893027914623597575e-07
2.783798148003534865e-07
1.613369315777120969e-07
6.082279042412365793e-08
5.228538126940893407e-08
8.216859312244013991e-08
1.141728397085432963e-07
1.001931551162932783e-07
3.486766144986713996e-07
2.808913407331858027e-07
1.629911274439100269e-07
7.835769011798092269e-08
4.725290718071490924e-08
1.735409970702446882e-08
7.888834690692901187e-08
2.992103798914387973e-07
3.511389631136882361e-07
3.343879559236543418e-08
-7.109551262236861644e-07
5.604657279859372183e-08
7.872223964138663732e-08
7.180280935467111117e-08
1.950346692364975971e-07
2.664514464816422680e-08
1.930813821753388273e-07
1.177125034541223287e-07
-9.052259450288598100e-08
5.884667129277705913e-08
1.163625497313397739e-07
1.134394279255593085e-07
2.452084458719727544e-07
2.231491919757457577e-07
2.222496676319251497e-07
5.679974825928374883e-07
5.051246486887921434e-07
4.991505462803976988e-08
1.244859190367735560e-07
6.187730715644586773e-08
1.621008214391085396e-07
1.706323960284899493e-07
3.674024554026815603e-07
7.424658661498252420e-08
3.009236640377454034e-07
9.095720536120802954e-08
1.929209849971541374e-07
1.771398872513548801e-07
3.099688817578207700e-07
5.654995132760709686e-07
3.819122926313885888e-07
1.958164752626910034e-07
3.755195098808963543e-07
1.254062610734807685e-07
2.290468602370191097e-07
2.895957457523804790e-07
2.523467773133884938e-07
3.071229129606564764e-07
6.207495333782736347e-07
7.238433454985703287e-07
7.485893358678658068e-07
1.030911658020724478e-07
1.863003619627704239e-07
7.098732338468923048e-08
3.331899310197894911e-07
3.024530134981865400e-07
6.769601149978977587e-07
6.371061803642025468e-07
4.038794228148545446e-07
