-3.556752188423001608e-08
2.018999771858527902e-07
2.800293406736235860e-07
1.482579320560134365e-07
1.935962406651914698e-09
-1.323533255714803000e-07
5.562407008865231135e-07
-8.986215746799218978e-07
-2.056430080618824203e-09
-5.646612644174518975e-08
-3.044827719114798765e-09
9.009959331645021085e-08
1.323459729586061755e-08
2.036002360713613140e-07
-6.471111622816993707e-08
1.156337806389213941e-06
-7.490614720499215061e-10
8.888605926448910324e-08
-1.179421726821047733e-08
-1.150877432486312871e-07
3.265009323976505471e-08
2.230179356037766998e-07
1.771330431527968813e-07
-2.653209801013757131e-07
-7.718363310649583147e-09
6.430260879937032152e-08
-1.299670747324979119e-08
9.071029292817396228e-08
1.080163341216829266e-07
1.818626655279760122e-07
1.835268767599673303e-07
-7.663739713765521278e-08
-1.769474901232920977e-09
-2.489150409455414516e-08
-1.605405747288260034e-08
4.868484841744040194e-08
1.701971577762619539e-07
3.525986518872793448e-07
-3.861847053994882156e-07
-7.293493058650560842e-07
2.092126054771862135e-08
9.583688185868669614e-08
-6.415425165678261459e-08
7.152239874818098420e-08
-1.033633935046277862e-07
5.272786758653078470e-08
9.434363659668562716e-08
2.965066651124943648e-07
3.103669116434168251e-08
6.077676137232830935e-08
2.866194200476812071e-08
1.217851456886952238e-07
5.652512470149698842e-08
2.822448357178343575e-07
3.500666912265838790e-07
-8.021122898767168652e-08
2.769994749593310169e-08
6.514478686813459926e-08
1.084799715704339710e-07
1.383392255143105981e-07
1.748027054744323873e-07
1.626015735135963384e-07
1.735702471766494436e-07
1.128198097825049937e-07
5.026529564108329034e-08
3.018888493096573576e-08
7.171141599261927218e-08
8.689032241695127602e-08
9.335704002225086032e-08
-2.446337602859976256e-09
4.319956037894270720e-07
4.758554585642346019e-07
7.577525306848475104e-08
6.772912042672451403e-08
1.002827094391273192e-07
2.350601907391932019e-07
1.635646035510343308e-07
2.654531054893918391e-07
-3.327445708613298125e-08
2.704699236214880295e-07
7.641945684091917331e-08
1.715914938911336178e-07
1.797025282235873824e-07
1.622047032032991539e-07
9.061524601970147030e-08
3.394095135989676756e-07
4.058204944915851618e-07
5.906482156591196359e-07
9.397634720684267500e-08
1.615032301355348015e-07
1.625144703533678581e-07
1.439987800648576707e-07
4.674549198713449335e-07
5.930066281321142547e-07
5.499909546376998020e-07
4.532691967756310643e-07
1.599883493965469827e-07
1.438338369286391488e-07
1.484986976889899115e-07
4.462513980919747066e-07
3.644291354313594962e-07
8.745231877619463621e-07
8.275766173346376373e-07
3.759282658381417596e-07
1.832474057860579700e-07
2.358672643807169925e-07
3.231600079158422664e-07
4.476588935676379989e-07
3.507476222522636605e-07
4.189547724626647237e-07
6.776660573940907572e-07
1.347714623313705247e-06
1.864668827314225256e-07
2.790889480689971749e-07
3.270435125958718264e-07
3.848204436304246459e-07
6.969756011429644067e-07
8.425209221014471898e-07
9.619309979580774332e-07
4.100023435335851438e-07
