-5.201205195749053932e-08
-4.511448350902769348e-08
-1.291424309536913929e-07
3.339043066547959562e-07
6.076575013147305670e-07
3.076663130719141237e-07
2.127882598031036208e-07
-3.109782349515444207e-08
-6.205862089547651646e-09
-3.010060722500602713e-08
-2.052978588212460590e-08
-1.196107968151315285e-08
1.505393604963449268e-07
-2.095201305285698750e-07
2.541816742668950007e-07
1.089145544079118268e-07
1.047046235352153263e-08
8.215997122322929286e-09
-4.058124406311300351e-08
-5.724601702596409168e-08
2.186171201480956276e-07
9.138222304294526418e-08
-2.996197032465736337e-10
-1.717093636598836769e-07
2.312209361802009680e-08
2.976259253655002492e-08
1.021539259097230951e-07
8.668795593743699603e-08
2.652102708908335012e-07
-5.521392404887309585e-08
2.948717623382239403e-08
9.635988836845079155e-07
1.190471448111870888e-08
-3.081170523494096625e-08
6.799884590118126798e-08
-1.593722444042718629e-08
3.114555354471051902e-07
9.145858367334536859e-08
-5.238953734883177997e-07
-1.469733153426566502e-07
4.521533844994855375e-08
2.025530582254372226e-08
2.718566792059372781e-08
9.782600463881084130e-08
5.744431578641869969e-08
-3.802933202738504094e-07
1.578577373832195780e-07
8.374600087105351879e-07
4.194023860150757667e-08
3.372876934115648856e-08
4.768979056972221335e-08
8.707202245416685132e-08
1.000452494705587481e-07
1.687840212664932225e-07
2.737240322470457420e-07
-3.029448192478073196e-07
5.379942139429614914e-08
5.260725194372247927e-08
7.718980850717112503e-08
8.397307871597399967e-08
6.062369091976797203e-08
8.902980677058238206e-08
2.275002317133604906e-07
-3.171676399979825687e-07
7.052427523230383660e-08
9.513290268723647347e-08
1.038336574615662541e-07
2.095594045103252147e-07
-4.383215763924793563e-08
-2.299377977011695415e-07
3.133855507865944267e-07
1.982396219301877155e-08
4.954152376687449847e-08
7.411340228060067987e-08
7.973064639373983840e-08
9.978239741798820447e-08
1.656199056019500218e-07
9.194329272053095085e-08
5.758054158822611633e-07
4.463918461267884328e-07
6.346201045625205965e-08
1.125206081140244913e-07
1.495178696861516688e-07
1.781790922672096323e-07
2.750121212577562982e-07
2.906534739298915868e-07
5.380613853852622257e-07
-7.791351807856234948e-08
1.034910257972149640e-07
1.054901821205568879e-07
1.049906169122897555e-07
2.036711784843494617e-07
3.194988538084872742e-07
2.460592479259666134e-07
3.572758440263030124e-07
6.874717671541398316e-09
8.312569021696386288e-08
1.215802052763488235e-07
1.970612575276294483e-07
2.612151448747810779e-07
4.411248745511594888e-07
7.873382184267870820e-07
1.043634362416881006e-06
1.527005149942464859e-06
1.047038119655509735e-07
1.775967279314975253e-07
2.183109607763302492e-07
4.081659724724606657e-07
4.119751178490181103e-07
6.298507686163289378e-07
3.882762355628703152e-07
3.224787260530693643e-07
1.623973847523388575e-07
2.689360554621943352e-07
2.919779654423561021e-07
4.416151175602748945e-07
5.092332619413363927e-07
6.200248059013986740e-07
1.129007979636427043e-06
3.237393251058472478e-07
