4.860131495445178667e-08
-1.809121204667170176e-09
2.175213013224900461e-07
-3.265347368103168489e-08
-4.680429335374302813e-07
1.392815124984300719e-07
-1.133793142148036748e-06
-1.500503337363633154e-06
3.231337503552692092e-08
-3.504090538603899338e-08
-6.041005516418713004e-08
5.733137934694398452e-08
5.017087773002109969e-07
-5.311289531646331146e-08
2.676378337560981640e-08
-5.258470154935392962e-07
1.670642888716292807e-09
-2.123687701460494972e-08
-1.036321008459965461e-08
6.888175868818884867e-08
4.880689196006763776e-08
5.458372965689341712e-08
-4.847373137585895044e-07
8.205660924418727960e-07
-1.193099605104186442e-08
3.065017192531846334e-08
1.125422143714554050e-07
-4.983873283626604782e-08
-1.333101570756066979e-07
1.777049502267750252e-08
2.162852609651169081e-07
-5.607677160875039939e-07
2.217850469969183110e-08
-8.943730726985194916e-09
1.091647750794550020e-07
1.266003869529608290e-07
-1.082629210421704346e-07
-1.918511246304185531e-08
3.600180805254010249e-08
-3.031493826069338281e-07
-2.529478279491279235e-08
1.131405471648006277e-07
-6.757278873147323908e-08
1.961018884538263651e-07
1.019727470557745170e-07
2.837203953227974326e-07
-6.408319136615377141e-07
-3.441533591531552863e-07
2.475410227026858341e-09
3.434091881508109424e-08
-1.684706856091630892e-08
3.482742420120345284e-08
6.518900045385660049e-08
1.234650900239566954e-07
3.533767909617552561e-07
-2.450523668293918918e-07
-1.000318394972107656e-08
9.236917869558591331e-08
8.341026856133857744e-08
2.072545140057905514e-07
9.287987535227477416e-08
3.300235306199566292e-07
1.090400148233435535e-07
1.913874814697179283e-08
1.475247071929092872e-08
9.336792593398777327e-08
1.063061450651461467e-07
1.651303035350729736e-07
2.889223407680481180e-08
3.238004586812155489e-07
2.925981037523942343e-07
2.211283095419714397e-07
2.385446152895528158e-08
5.204883371218267636e-08
5.110255844733258086e-08
1.645528272020212612e-07
2.310203476577257966e-07
-5.195142429750390082e-08
2.640402689878429037e-07
-3.846063291714636341e-07
6.353754399605656844e-08
1.174198721205116531e-07
1.435351467715093669e-07
1.282793721185683663e-07
1.319135653697246764e-07
5.126306963032794473e-07
1.372723127574058038e-07
4.723046611010437059e-07
7.503875410508184414e-08
8.306258538609566721e-08
1.344994665909968458e-07
2.211992028482850067e-07
3.921016420706021527e-07
5.160773192623588356e-07
3.492602063287062741e-07
-8.461273923819355033e-08
1.293024596471830402e-07
2.177758900552512994e-07
3.130278005759103580e-07
3.954729388351419253e-07
2.526922820606008541e-07
6.601464643967528031e-07
8.051502498208942351e-07
6.961265027692654665e-07
1.540417885157179910e-07
2.613325357149148216e-07
3.872933729074052987e-07
3.033031237763317117e-07
3.547569104367145135e-07
5.132268257527987527e-07
9.621794836118155849e-07
9.234588218037089557e-07
1.616693835697817553e-07
1.818378990819287533e-07
4.068951291694019669e-07
3.068848523391717689e-07
7.634830225638986406e-07
5.903514592693450298e-07
1.210596301628798644e-06
9.603775136915839841e-07
