-4.635201211876735428e-08
-8.082742261857051458e-08
-2.319254224278914412e-08
-4.711801068650177086e-07
-1.893755930066233945e-07
2.236776428235666385e-07
-1.648960509026572492e-06
3.415309568549019779e-07
2.849615111005813845e-08
3.197645675541246487e-08
3.272197079852727845e-08
7.644899749113819842e-08
1.261607655515933429e-07
-4.242796027883565103e-09
-2.171668779796051498e-08
-5.459193514621910805e-07
-1.303227128725434712e-08
-9.799940641536665345e-09
9.996894031065347999e-09
5.961549315255310520e-08
-1.019096076025808478e-07
1.382289173785039284e-07
-9.940226079657934618e-08
3.451980597780219908e-07
-1.007438561513252840e-08
6.274675285799408266e-08
-2.643826629051646568e-09
5.853635027316385187e-08
7.469155156780760036e-08
1.248160191881417805e-07
8.333217310437560869e-08
5.748672240226117567e-07
2.068151666384514241e-10
-9.020663318819707621e-09
7.443186702894062270e-08
-1.881977069591097869e-08
6.762196936620920392e-08
5.060516962670476968e-07
-4.217409207382026522e-08
2.360006556540186390e-07
-2.105776722203142053e-08
1.017881880241287973e-07
1.368582876613906644e-08
1.404285278254151290e-07
3.347882093300694269e-07
-8.347147451990788899e-09
1.717586722331663569e-07
-1.647321977470773376e-07
2.462552855578512854e-08
2.710514518580147140e-08
3.020215034419344241e-08
9.942626334225719586e-09
1.836799360731771289e-07
1.109759688976019957e-07
-9.268910879756038493e-08
2.153670209580733470e-08
6.174354022001416022e-09
6.143295782898564749e-08
8.901153980773940502e-08
7.602132286839205398e-08
2.312714426985337998e-07
2.102820446289996826e-07
2.593427253962280135e-07
2.025498525880338199e-07
8.738841047790937567e-08
4.902605773859086601e-08
4.291212985567939222e-08
8.588191671349367749e-08
6.652260104505918954e-08
2.106277958856716482e-07
6.390797795132623357e-07
-4.777479512291762304e-08
6.166085706599216102e-08
5.430936543329402707e-08
4.329860172764509396e-08
2.785040692491227684e-07
5.384256833351256159e-08
2.849088731105257985e-07
2.268922630926411239e-07
5.520460906824343032e-07
7.473516295382100403e-08
1.379482613101224849e-07
2.028370735376134844e-07
1.749726477085993660e-07
3.625325824832170501e-07
2.332776146544042966e-07
3.633646779941986398e-08
4.707591892551966119e-07
1.034470046575003531e-07
1.042033481439467264e-07
9.714975004055118564e-08
2.110446687059702854e-07
2.712913887104706907e-07
2.193046514354130732e-07
4.763856757014073643e-07
5.903538165533733621e-07
1.523131200110776365e-07
1.677626350267828816e-07
2.137494383393573093e-07
1.821459157293514617e-07
3.620040644033618647e-07
9.485961034374963910e-07
6.036575204545624519e-07
8.466231414295533358e-07
1.396981809567521978e-07
1.473077442383064024e-07
2.361053851002351287e-07
3.619468222132334981e-07
2.117287708425905133e-07
5.264541027672215952e-07
9.492468535451207315e-07
4.742618769908709890e-07
2.106682373079547399e-07
2.339310448198908414e-07
4.200816692545198543e-07
3.119384473305966986e-07
3.649525562865838069e-07
4.678943883032296147e-07
2.742044089890290832e-07
5.589265211191233476e-07
