3.017605002940834972e-08
1.009601766585578217e-07
1.507335360901136277e-07
-1.580584272008318679e-07
3.075137642573528830e-07
-8.488194384397223574e-07
2.453981647613133958e-07
3.545285261267605838e-07
-2.461421738521646040e-08
-4.367644208889467390e-08
1.047037495811377892e-07
-4.514139785814724161e-09
-1.376677285960070620e-07
2.327369753803191070e-07
5.559280868003535648e-07
-4.049441558910416650e-07
-1.111817514919006390e-09
6.442447029940296526e-08
1.929029670868708352e-08
-6.574569363713612818e-08
1.275374164111660312e-07
-1.018670635429012926e-07
-1.838946174263025042e-07
5.103492022398369598e-08
-2.126845331281770573e-09
1.208913952180974286e-07
1.508404555000968304e-08
-8.044142810866227304e-08
-2.812162211566882600e-07
-5.010113638878114215e-07
-2.029799194545738953e-08
1.936097966043576893e-07
-2.402602554224468900e-08
4.292764144498893126e-08
1.239321202594126672e-07
-1.014487307419717689e-07
-3.031162365771912079e-07
-7.383514883725839212e-08
-6.102351950065078110e-08
-7.534033123211710510e-08
4.190766965299750918e-08
1.687632991736531625e-08
7.857147966573603992e-08
7.716768698778744855e-08
2.160775764424850699e-07
3.886190376155278272e-07
-2.938576123592030408e-08
4.487554999925706057e-07
9.496445188860859072e-09
2.750190901199687618e-08
4.740257060507140112e-08
9.371779944812294415e-08
1.194287992694662895e-07
2.890886176552652330e-07
3.338850371531963147e-07
-5.710439971597553409e-09
-1.163324707973855503e-08
7.712257667391880754e-08
5.267067349596262649e-08
8.643570005275026475e-08
8.190772241055143531e-08
5.122026126607949060e-08
2.772935517973748273e-07
-6.958656676105746493e-07
2.475649376626278892e-08
8.632767861643645989e-08
1.192872338385531411e-07
6.045030294502809373e-09
7.277870878905573137e-08
2.720637704834577987e-07
9.780376208874443968e-08
4.153594662676151927e-07
-7.852871070190264780e-09
3.103571627933283417e-08
9.531932540314737847e-08
4.546611865675890326e-08
1.036732953102005807e-07
2.431969245418196788e-07
-5.444019414869352906e-08
2.818831488459927555e-07
8.478019588168545036e-08
1.306454017794566471e-07
1.345507159357931560e-07
1.107309061052863315e-07
2.946700097561420872e-07
5.346507222484015290e-07
2.724524179112007891e-07
8.190434570451567037e-07
6.766424613910638982e-08
8.011347771409253632e-08
9.513279291045658609e-08
2.688542240131614611e-07
3.509146685961059509e-07
2.497359271764712746e-07
4.120227966451922858e-07
4.911643561673060910e-08
6.843855409616827447e-08
1.846902200312746522e-07
1.180967174867669726e-07
1.688162188391572790e-07
3.715953022200913173e-07
2.843907510866991611e-07
-1.002342556212395545e-08
3.314201697667534046e-07
1.274682817383815435e-07
1.829719560735961829e-07
2.336704968938609254e-07
2.541388720337748654e-07
3.594079962094374691e-07
2.418565807899104795e-07
3.420814295733309252e-07
-1.127623201649434772e-08
1.439948985486030573e-07
2.650584841059696175e-07
3.477121906343983867e-07
3.404722507471096219e-07
5.895749108812157838e-07
5.548600722838816926e-07
7.836602093452895742e-08
1.384199629073703140e-06
