4.805104804747559453e-08
-1.920647694792638300e-08
-3.757123746482397703e-07
1.124680568414642644e-07
2.406158122716134445e-07
2.529110621130734396e-07
-8.559861057503769950e-07
1.019060000353132345e-06
4.920192493142530980e-08
-2.212695369710628102e-08
8.672480959598736294e-08
-8.060925621826512366e-08
9.559937701859094284e-08
1.591986103959659691e-07
9.378224628698265511e-08
-4.403030271648632246e-07
3.488846116104108610e-08
-3.873924172150883298e-08
-6.019547800898116068e-08
5.377949138861670684e-08
-1.028650117943962306e-07
-1.506656814951504882e-07
1.837483262498100306e-07
4.981434312798965756e-07
-1.731574545267340813e-08
1.271150915936051624e-08
5.679871239407500344e-08
1.377722519628421589e-08
1.574292136195659598e-08
3.309757881798979764e-07
3.111385226679287347e-07
4.434586267239082055e-07
1.816515445536456535e-08
5.553598726869670568e-08
2.965550483849719280e-08
2.673702812547885080e-08
1.314006835446321941e-07
5.342560007837487630e-08
3.431201785796078393e-07
-2.560491838400760481e-08
2.068721854921719720e-08
-1.320703905117300873e-08
1.162860083509132057e-07
2.010434648314687943e-07
9.866591621179392261e-08
1.597252386649375386e-07
-2.244979208152553190e-07
-2.104702111585508853e-07
2.236417132574558393e-08
-1.255102438054761592e-09
9.344638972063574945e-08
9.254950732299052726e-08
-2.682980477613452909e-08
3.334783308375847408e-09
-8.435141244061367258e-08
-3.973342601781523301e-07
4.879854301971075016e-08
6.831636673451506779e-08
5.827677961004238511e-08
3.923204625326045401e-08
2.572173258464671895e-07
2.991468999827957614e-07
-1.978903418031824751e-07
6.082508821969022123e-07
1.697464096985864310e-08
4.200261563312050912e-08
6.317564937966132293e-08
4.066426951982866832e-08
-3.267693625280868423e-08
1.469144024281195322e-07
5.208046283459847002e-07
5.107303472920905333e-07
2.611230257304188903e-08
3.889452620062447145e-08
1.117401105583401855e-07
5.468000877898798465e-08
1.925851384190233324e-07
3.198190470269943032e-07
2.042205552305387173e-07
1.500411668043784657e-07
6.189802224544035954e-08
7.595055230049870804e-08
1.520101313883420488e-07
2.108504178805523068e-07
2.375076009982942016e-07
4.806890331197807665e-07
1.807172424883657071e-07
1.803864747485060851e-07
4.619262529893336395e-08
3.260659784968781585e-08
1.422065445570512022e-07
9.777838981467083462e-08
2.254669986082359721e-07
3.226983884499633040e-07
3.053883317073875926e-07
7.179085663280476950e-07
1.308307897595034122e-07
1.674025799275927570e-07
1.881165969152480904e-07
1.392899074379556908e-07
3.468410355420886950e-07
2.696737817973942850e-07
-3.258511147251881451e-08
3.118208726452061542e-07
1.260095673903124039e-07
1.657537438289741359e-07
1.521699866620005794e-07
4.017413867394018417e-07
3.958341147552032063e-07
5.397696016725597811e-07
7.287018469365545159e-07
1.235210462075715947e-06
1.585449521940617656e-07
1.796301713616082775e-07
2.789272431067059564e-07
3.774159954038037715e-07
7.554276375435668635e-07
9.543294112421533563e-07
7.145371710608810748e-07
7.779972829137394311e-07
