2.397741298229066481e-08
-3.213745770975202316e-08
-3.613258851686624201e-09
1.928696781322865641e-07
7.819601910991605591e-07
-2.162989434428563023e-07
9.043440138335371272e-07
-6.945234097660066021e-07
9.131068490785238916e-09
-3.331056600502947014e-08
8.548608006680219736e-09
1.829011087265651678e-07
-1.012528101002161332e-07
-2.622936302164900678e-07
-3.891791461092783350e-07
3.626532394723726773e-07
2.450802187459931050e-08
1.193317932519983266e-07
3.564230379878449782e-08
2.195241798222640777e-08
-9.533750278739711270e-08
-1.823205413628127568e-07
4.282294858416567250e-07
-4.976272378793903726e-07
1.234220711654858570e-08
-1.670495412389617914e-08
-4.516653173238442670e-08
1.671123361091524730e-07
-4.019459565869256767e-08
-8.071834302918569352e-08
-2.563254296052449656e-07
-9.102312151932319641e-07
3.599933794679348860e-09
-5.101361817947679878e-08
-7.290622877178294823e-09
1.666085106981666181e-07
2.817735058823397920e-07
-9.544733180770576728e-09
-2.097286395140550831e-07
2.390775860033329412e-07
3.159194027936693427e-08
1.053222321617187029e-08
-1.024125512979795645e-07
4.258480290509540498e-08
-8.513848430589368003e-09
3.200489457415273390e-08
3.603735980549827275e-07
-9.408708191203439927e-07
2.364871263433077466e-08
4.155323470408410365e-08
7.225746407413303702e-08
8.125337159491913811e-08
3.973749988816289384e-07
1.328255944683783666e-07
1.869982388884979970e-07
1.868793174910421525e-07
2.896914240214203243e-08
2.186555470171722105e-08
4.191304638418859585e-08
1.999016244538577479e-07
2.447794977521537434e-07
4.241728833716649762e-07
1.117429968165782305e-07
4.778459286347299158e-07
1.526444624881076678e-08
6.802663154592497920e-08
5.975777913067184276e-08
-6.119633360757434198e-08
1.334906472877152586e-07
1.509342978603133242e-07
-8.517993587573262203e-08
-9.078287450767975100e-08
6.508246556899908670e-08
1.075319697395802068e-07
1.195093134017931081e-07
1.569716164250742410e-07
2.242467301494802812e-07
5.204133225165455392e-07
2.380435888139016489e-07
4.124159121627659871e-07
6.693777006064210597e-08
1.149543509846093593e-07
1.777258788551874329e-07
2.316611000195774901e-07
3.383427690986391937e-07
3.829942989449155359e-07
1.922500963379174103e-07
5.721145001791023349e-07
6.189254070354879135e-08
1.213400056169998603e-07
1.846916150045250652e-07
3.070903125896503916e-07
3.679276827497551791e-07
3.788363146066935349e-07
6.626612882727506371e-07
1.138979615943603152e-07
8.098170874853874155e-08
1.405194436595498092e-07
2.417927979661006646e-07
4.002660147389732121e-07
3.189774190952459658e-07
6.357153557933177334e-07
8.170491297888697269e-07
6.828390873763643353e-08
1.075372788384553304e-07
1.546047899777291542e-07
2.619176298108497982e-07
3.941543355298801159e-07
3.299902877949437440e-07
3.621818964859495518e-07
3.599630153825426645e-07
4.791244928428294477e-07
1.130664020263994929e-07
2.281704672083031209e-07
3.065569954282934931e-07
2.965042824306373306e-07
3.693534176975326008e-07
5.921953133276981615e-07
6.701603355947183075e-07
4.815521897587124715e-07
