-1.724775008083251269e-08
1.246866689111596645e-07
2.088336893964251696e-07
2.494651656468822452e-07
-6.866919959538599492e-08
-2.003781569485820658e-07
1.538986824093151243e-06
-2.310144051856789856e-06
-6.889721988004282884e-09
6.483606593831767795e-09
-2.735146707285849635e-10
-8.835347411862762203e-08
1.191883968079138974e-07
9.848660335135766032e-08
5.645908230290067718e-07
4.005529638901746894e-07
7.108168576763957933e-10
-4.117047185964117031e-08
9.065196140845154352e-08
-6.328645130166512944e-08
8.067873821729511239e-09
1.021561747907203185e-08
-9.748893900189438661e-08
-3.052910644698837961e-07
-5.203623376312137857e-08
6.536075652546440664e-09
1.942654657545049397e-08
5.074316197538627987e-08
9.799412635043414438e-08
1.798173406745998733e-07
-1.032592545025382485e-08
8.750729231694004770e-07
-7.971334648672223588e-10
3.610162510705583661e-08
2.274968958593318972e-07
4.736969508155867701e-08
1.811177780365311112e-07
6.987896891350703712e-08
-3.860609241245493863e-07
5.265177605991083158e-07
2.396925305187029493e-08
3.056869112957233532e-08
5.422166390331735604e-08
1.930830654361361860e-07
-4.147436554673802771e-08
-1.202948099773594497e-07
-6.137839087235218547e-09
-1.196103420446337224e-06
3.344469215779024772e-08
5.019520097765838935e-08
6.481823144031147862e-08
6.313562704212558277e-08
6.503983495746898257e-08
3.592252117252766330e-07
1.241468859551079320e-07
3.264070523308010107e-07
7.137406103690003478e-08
3.759727713092823985e-08
2.993710158166505001e-08
1.052300803227750822e-07
1.675478436776304329e-07
2.877313682205582563e-07
4.507090098833837324e-07
7.211116465600332950e-08
3.691259131538441273e-08
4.259591545370893236e-08
3.277173631114489975e-08
1.892067719897505588e-07
2.911443112729778271e-08
2.089355290001502402e-07
1.660588365935240120e-07
2.551466415642764581e-07
5.260242666977723462e-08
7.385522693115265729e-09
7.718809236684765891e-08
6.611231783294151041e-08
2.801561311487090577e-07
3.271499125947759605e-07
4.258491545769221540e-07
3.808292619843690384e-07
1.087005505689470781e-07
6.442578756081384954e-08
1.326516903565316285e-07
7.112712230723201017e-08
2.555366049164307669e-07
2.586891097829938083e-07
4.310712131468916738e-07
5.194803492335664093e-07
9.161949763995991203e-08
8.677290017096053764e-08
1.161336971133023685e-07
2.335580779817502758e-07
3.497128843302448639e-07
4.906524058779644251e-07
4.519096829201905337e-07
1.017610000295573065e-06
1.239565614903558685e-07
1.486774336383479421e-07
2.623286998686950069e-07
2.987757312445692806e-07
4.085917813009165376e-07
6.515189428210648497e-07
8.318594951397811424e-07
5.901969881003941138e-07
1.275877984129599541e-07
1.582594168145631980e-07
3.008276106981412711e-07
3.609839716215786632e-07
6.099935542188465256e-07
6.027489294626467490e-07
5.109297808097839116e-07
7.349885039654589149e-07
2.117623137906025645e-07
2.865552073690874307e-07
3.251187845925452583e-07
3.690975777505626062e-07
5.154183348127689663e-07
9.947215564598612106e-07
8.133332734924019630e-07
1.433774826346672894e-06
