-3.398512032408392590e-08
5.736389014177181664e-09
-2.103742739972053104e-07
1.476118111897495030e-07
-2.429143779184112937e-07
-1.937355674220089662e-07
-1.583093751581503177e-06
1.178904636219809639e-06
-2.729717143449942486e-09
-3.848145498761793512e-08
-1.072017324437541917e-08
3.632402853555723117e-08
3.673162322570802959e-07
4.553225513813934385e-07
-3.590330484382546864e-07
-4.301454724615497448e-07
2.774952393830155182e-08
4.260688733767607622e-08
-1.939218476410095886e-08
-2.267474338892094519e-08
-3.425128408692404768e-08
-5.393329270242204598e-07
-3.912762703298913570e-08
1.119577853022422038e-07
-3.272103885472147642e-08
-1.031963421125944183e-08
5.995839287280618040e-08
7.223438625321797912e-08
5.545197689637542037e-08
-3.522295023505294097e-08
-1.494141824498784572e-07
1.016958297983430992e-07
3.546546157850163064e-08
-4.406550074218859714e-08
7.090658105588188997e-08
8.457293475396629850e-08
-4.694116761622167728e-09
-1.217972124751386221e-07
-5.184160634185628314e-07
4.871955833726302678e-07
-2.673318774000665700e-08
2.063080604609939653e-08
-7.615544012862374369e-08
-9.980407558599534500e-08
3.828614573946956148e-07
4.751321211797382057e-08
2.066806407472961816e-08
4.349055277895027820e-07
4.141814244930543690e-08
5.182447473896888115e-09
7.307000644255045581e-08
1.525826307494904512e-07
9.258755134762006578e-08
-6.779109295957336195e-08
4.058172377652695447e-07
-7.980886086721357856e-09
-8.332589573053705579e-09
4.077422800254804542e-08
1.148110340196738746e-07
1.054131506912675923e-07
5.372544495072488985e-08
2.918344710946937364e-07
1.792887356121662254e-07
1.840116393468305651e-07
1.417453301468605533e-08
-1.874384586858675196e-08
8.361280889952830453e-08
7.037842186358279494e-08
1.268138589588099041e-07
2.680437663551009999e-07
1.831410574564340072e-07
-1.919146761918628069e-07
9.391582723996198530e-09
8.976207638387353614e-08
1.082107411458708547e-07
2.971809205882593728e-07
2.125246829998910706e-07
2.332375111137005810e-07
1.851998762930773347e-07
2.145353471169144189e-07
5.201153280609996015e-08
8.590469993165465612e-08
1.790319104528472947e-07
6.851862590374115048e-08
1.304202875831466697e-07
3.091246875261948793e-07
5.691179474656064614e-07
6.668779145175930913e-07
5.888300355778686212e-08
9.930729405638829177e-08
1.735784675868160292e-07
2.463146894963406631e-07
1.144757272081794841e-07
4.114408101384913795e-07
7.179112812417213812e-07
9.253107202107558625e-07
7.481766836359674294e-08
1.535506407089375005e-07
1.568760829349883863e-07
1.967308865329912468e-07
6.558279603799659853e-07
6.531068281011915697e-07
4.276071800896994026e-07
5.224445933523939195e-07
1.237666079715285822e-07
1.431279129016023381e-07
1.534431588219257495e-07
2.999067934014732918e-07
4.075238115170139749e-07
5.592397878731780934e-07
2.241537610575578375e-07
2.795902374970012838e-07
1.866454420919545354e-07
2.572348048847500445e-07
3.799182260309911358e-07
5.855419398846129737e-07
5.054626397947089348e-07
7.522671907192787496e-07
5.651398322888858438e-07
5.465479388976667950e-07
