6.221962556428695720e-08
-3.858396700256021267e-08
-2.663199380775226311e-07
2.666051589740003685e-07
-6.659030903029701719e-08
5.854839657325105680e-09
-6.045871605274128044e-07
-9.465737135444800916e-07
5.763792472508981951e-09
-2.456910232179786783e-08
-1.108817182035218565e-07
1.324211248843535017e-07
9.405700366132690021e-09
-2.690936739860294581e-08
3.477017607230992705e-07
-6.770399454166336877e-07
1.668840491392928342e-08
3.414298080516939963e-08
-1.558640966287519573e-08
8.639475598468444194e-08
-1.379844416609715046e-07
2.298381852706695694e-07
-3.485481701111904914e-08
6.044352766167566058e-07
3.170686996926870389e-08
1.360180413093985740e-08
4.369207304756262568e-08
2.666200840061500695e-07
2.254299728798352034e-07
-1.360130979319097476e-07
2.568971434563960063e-07
5.939822627620844121e-07
7.780764035963080893e-08
-4.237519409378979061e-08
-5.598980816543852342e-08
9.792009090705809745e-08
-5.681646683302559020e-08
2.605482122181032146e-07
7.268680086692523487e-08
8.165026926636609652e-07
-2.223006990187856885e-08
3.571126920188145976e-08
7.267488617052123584e-08
3.869049589252344063e-08
2.478388286813621153e-08
2.113543534497229430e-07
-7.265747076922351900e-08
-8.972311527235253705e-07
2.138640535427829698e-08
6.037476853764188309e-08
9.167163304175225977e-08
1.217019891371316960e-07
4.920944846414647159e-08
-7.429067400366253932e-09
2.770227380701980219e-07
4.022889768683868883e-07
2.420311965034696024e-08
4.571130341891280205e-08
1.586293354086294012e-07
4.906876816419514614e-08
-3.944777096306326227e-08
3.326637246804293204e-07
-2.123955273663796507e-08
-5.768750419562314014e-08
2.505732775393463188e-08
6.265370075495532751e-08
-1.150202366192694300e-08
3.466018946738195882e-08
1.210129928409901585e-07
3.759764617054519551e-07
5.240408227774821621e-07
1.859744524637263122e-07
7.005654355960623954e-08
6.836622202522480280e-08
1.141525432854082675e-07
4.090861254918525421e-08
2.547806424156649632e-08
7.908496916634516404e-08
3.877416506335080707e-07
4.347767463432417661e-08
9.329754693497969020e-08
9.158651998044698954e-08
1.782881411435199093e-07
9.172432380669712089e-08
1.979522784204311567e-07
5.051054936562861673e-07
2.279351913491598325e-07
5.538845781803488431e-07
9.172640311419502618e-08
7.876459708969546683e-08
1.766997501427512372e-07
2.016504002187719914e-07
1.757830732150614866e-07
4.233128818695311666e-07
3.531494248506031225e-07
3.519023033983114837e-07
1.137239555344897296e-07
5.535683696266672007e-08
2.140837083533314553e-07
1.396233329045425856e-07
1.906729323527662676e-07
7.018300499378401179e-07
-2.747282514498792961e-07
3.147366053764837956e-07
1.588917228256766146e-07
1.136463148072630016e-07
2.722162301854124625e-07
3.171809639407099584e-07
4.875699882878305575e-07
6.730277970934375689e-07
4.754259698433107189e-07
4.790060526698543256e-07
1.633153341402109760e-07
1.567276683113528330e-07
2.583106516996478585e-07
2.839199928145777563e-07
4.103446802726187088e-07
5.184471483316308865e-07
1.066125118391948301e-06
1.107023735879909226e-06
