2.508070762339341631e-08
-8.305470617077547790e-08
-7.539423240296545702e-08
-2.688336270540916106e-07
1.004328927124148633e-07
1.231485789608930393e-07
-5.376335803557936421e-07
1.656906420103268737e-06
3.458148352172491679e-08
1.809549996169550730e-08
6.399404583901978226e-09
4.710693727207054548e-08
1.674301262883894447e-08
5.053051136977682425e-07
-2.894119205633961550e-07
-3.366350863104375925e-08
1.359630124496588702e-08
2.076716484023225466e-08
6.165629280392237833e-08
1.211082665551414103e-07
8.057556765154836796e-08
-6.188101063053420444e-08
1.987223371330405294e-07
-4.373255625377788961e-07
6.181970397924026004e-08
5.948803141255500338e-08
9.719999833370712156e-08
-1.320421557157346797e-08
3.973293957878517618e-07
7.361580504173728008e-08
3.441629631985855320e-07
5.322463831773719548e-07
6.251878776619326142e-08
4.170689129167137411e-08
6.421139550671260084e-08
1.051832738773960548e-07
1.136320244149264767e-07
6.791721739585631327e-08
4.120004270894646758e-07
6.301326784078922810e-07
8.323523332376501857e-09
2.620765926511664651e-08
-7.165180670644442674e-08
1.929749845668569880e-10
-7.279097205779725093e-08
-3.630668782238628525e-08
5.004873065638004012e-07
1.158868551624081579e-06
2.954516747447006267e-08
2.365088752973098883e-08
1.471243691371836856e-08
1.243522699750470719e-07
1.333893237700142907e-07
1.443509831185495248e-07
6.365719155249528250e-08
-1.683818898989785129e-07
4.770088848848355209e-08
3.343702099628578731e-08
6.094700485665948764e-08
6.189323155978477962e-08
3.976900588825615671e-08
-2.522576457713959134e-07
-8.740001099369382843e-08
-5.776288571238715287e-08
6.597398732679678390e-08
8.745092003788599141e-08
4.688778193121285739e-08
1.053466515875606181e-07
-7.254948084022467260e-08
1.664620559679895561e-07
2.736153397559906341e-07
1.414626150725773106e-07
5.607058397335693535e-08
1.079384816736215542e-07
3.900081401520447953e-08
1.696586694489062211e-07
1.126668090201001259e-07
2.866713965668410595e-07
4.425506458273765545e-07
3.434537094347396894e-07
8.062567096980885507e-08
8.945124933137212817e-08
1.882449109529355380e-08
1.326071320361003258e-07
2.865867914782944981e-07
3.290480167246143471e-07
5.574315141142900717e-07
3.093964894174291393e-07
9.464314648015744379e-08
1.318636285937900502e-07
1.530623008079574917e-07
2.313587644662385571e-07
3.141175603770201876e-07
4.624729807065137762e-07
2.979876373529450117e-07
2.167063402228267316e-07
1.854862176348239471e-07
1.278011037372434454e-07
2.036455936002588202e-07
2.773857028770180698e-07
4.276222965478273773e-07
6.981315942558317736e-07
3.926953960224548342e-07
4.792899875564659228e-07
1.622015453407320818e-07
1.563658150031144369e-07
2.426132590491817404e-07
3.314986034036347428e-07
2.292524408253193122e-07
6.301179383363991001e-07
6.587655494094878240e-07
3.400304720146098092e-07
1.899184884587557081e-07
2.759109396560470340e-07
3.181569212296509469e-07
3.956574238208252248e-07
4.173097559736410072e-07
5.913926589932681139e-07
6.802732589003822081e-07
8.266733938156426505e-07
