-4.510791132125430410e-09
5.870290864498497381e-09
1.375910723733268606e-07
1.799166097941098457e-07
-3.292090387716945800e-07
1.620913354806372948e-07
7.918256178662485775e-07
1.202705658967193597e-06
8.082591749788960793e-08
1.887956289721736668e-08
6.709606626291923389e-08
2.311102692283795967e-07
1.262721916361289287e-07
3.267681686156787410e-07
-1.259505842473009176e-07
5.552567998124313262e-07
3.550231237362087561e-08
7.169478680488986757e-08
4.807906595164724774e-08
9.207859929523431454e-09
1.068964569980567177e-08
1.260120180498078827e-07
2.105685614350892003e-07
-5.471548744376733831e-07
4.858127987805179967e-08
7.438261275530099346e-08
1.406187032799021215e-07
4.978660484337241552e-08
-3.203102096906049718e-07
-1.367776025764392406e-07
-1.214609684049579234e-07
1.058352975562591623e-07
6.792015733074828949e-08
6.230293891523065244e-08
-2.260353750298803272e-08
8.091171972655134143e-08
1.160427296547171592e-07
-3.890923041812363495e-07
3.885511219265623647e-07
-1.746294063008109782e-07
1.722730894465279786e-08
4.620089057970196660e-10
-6.285455910049232410e-08
1.043650444250531991e-07
2.150644669130831428e-07
1.716813264040296918e-07
-4.653489107360300054e-07
3.536580247486086027e-07
5.551570460194477516e-08
5.957767240560210451e-10
3.693350287518677241e-08
5.020557061009395778e-08
9.963373250032733830e-08
-1.505340605840603149e-08
1.634530626874933002e-07
4.170768175134604350e-08
5.260178128317786104e-08
3.614749154620193706e-08
3.857437766047584934e-08
3.144927780621622106e-08
1.462375861386221524e-07
1.739340189352309014e-07
5.393889598073842319e-07
3.725007777617692276e-07
5.146932359220403425e-08
5.996611952857918857e-08
3.037918611845578087e-08
2.276974412811685525e-07
2.036860241569411192e-07
2.712712830922638729e-09
-8.478778687176384354e-09
5.657690229389171912e-09
3.571193159617136521e-08
7.603594999005622760e-08
1.337924574346835985e-07
1.101401154386863035e-07
2.846007214839758480e-07
3.515194568274673323e-07
2.874328554062378027e-07
3.849007073905190703e-07
8.730914385622727193e-08
9.545610874094904467e-08
7.528892666366717836e-08
1.240902146872218417e-07
4.933650650878068452e-08
1.476476473475405726e-07
2.099627366554620011e-07
3.842773090375160187e-07
8.460766051645585000e-08
7.116167430740883105e-08
1.559136357529624758e-07
2.319698442264829734e-07
2.268614175859103048e-07
2.049332367910155965e-07
7.298804265968398808e-07
7.291016053247824315e-07
1.065417250921947159e-07
5.371786708194591027e-08
2.660004079248242615e-07
3.716855715080850266e-07
5.484390500899883579e-07
7.219221249479421236e-07
5.866747735244019105e-07
3.361060009957818380e-07
1.722710051428643748e-07
1.809040602827498639e-07
2.304579817001046752e-07
3.696553126086947410e-07
3.218866351804526950e-07
4.084360650354799234e-07
9.093111780066869207e-07
6.347740580644528170e-07
2.006764899792193640e-07
1.375874000900730550e-07
2.938394369234680440e-07
3.759761413028084418e-07
5.196838891788289618e-07
6.933933962160294809e-07
1.009950989319996185e-06
1.640718685002199888e-06
