-4.977402307583606110e-08
-7.442883509751034816e-08
-5.224131286498909077e-08
2.558809810989254517e-07
1.678360690502571716e-07
3.098398925231651410e-07
-2.787756273834334232e-07
-4.663373950626454507e-07
1.090875405233033699e-09
1.123166352924549617e-08
-2.134814863777156291e-08
1.073532672637066460e-07
9.549102283468010823e-09
2.709342129813919974e-07
-3.188885037260495254e-07
4.664621678728251752e-08
1.940044660925564326e-08
-1.502627980977139677e-08
-7.209615230331723886e-08
-2.785333467387225344e-08
2.425205458227921833e-07
1.097084023687163614e-07
1.823111375622360300e-07
2.287235525306055985e-07
-1.372931253277179281e-09
5.907755376693143807e-08
1.140376104783292395e-07
6.884141416842587794e-08
5.755733594410116417e-08
-7.012337223120908926e-08
-1.237089452768557614e-07
6.309660124243435258e-07
1.837226552456012159e-09
-4.098933473430355367e-08
-7.853957851422685156e-08
1.179286407293441128e-07
1.949557644584898351e-07
2.550069916365668018e-07
-9.152411494096508561e-08
2.838633591653156957e-07
-9.938864222257723231e-09
9.151270250242578299e-08
7.616730687089546148e-08
7.061503047473465375e-08
1.005632319902036071e-07
6.802779658376132302e-08
2.060948905422861810e-07
-1.979614945314526912e-07
1.312835157047791045e-08
4.498285009666976429e-08
4.377189421114218819e-08
6.657832189127097877e-08
2.050044622095338313e-07
1.728193244735538246e-08
5.781338551528049661e-07
2.531344067270438870e-07
4.003464620588148299e-08
3.544879127829772876e-08
6.811592033621867753e-08
1.539478863578782824e-07
1.931476824977860575e-07
3.134879894848756404e-07
6.980387951242067330e-08
4.031008816281064519e-07
3.828074547209698811e-08
7.537928103665388480e-08
8.833336420118191657e-08
2.064212736778876446e-09
8.826194249498101515e-08
4.786870070089960747e-08
1.795998582381669585e-07
4.077559059768282143e-08
7.088368362162612728e-08
3.788780526155592142e-08
7.765769566322627990e-08
2.627567072611093649e-07
9.770775638982864202e-08
6.610881139959952151e-08
-5.686909242918396522e-08
4.485015424065319885e-07
7.285672247889990742e-08
7.545305947322160743e-08
1.043868931429033811e-07
2.354463956195971956e-07
3.196444317645749269e-07
4.119047103065980956e-07
2.549143415861092339e-07
5.074836388750813352e-07
7.599438232787099033e-08
4.261696527846621977e-08
7.553679784155865421e-08
1.506151144499633492e-07
2.923933885515710149e-07
2.269648055783064791e-07
4.508022424436868891e-07
4.939904388016642668e-07
1.273511031936850846e-07
1.577901761772432211e-07
2.275353774675577367e-07
3.005956896260583672e-07
3.334535363767418587e-07
4.786723425211610649e-07
7.810172502345234303e-07
5.276899286725481166e-08
9.761985484576943524e-08
1.733958801726325553e-07
2.570116440001736197e-07
3.959305978384120783e-07
5.838702902211258319e-07
6.695618713315493211e-07
3.025657688283343671e-07
4.854954052164305838e-07
1.724661252007937468e-07
2.269300044021705509e-07
3.454949780632869243e-07
4.137304107683887882e-07
6.045415148865192130e-07
6.153973207776352046e-07
1.484675565742221232e-06
8.272709609573719163e-07
