4.791594698757021174e-08
-5.959710561202283344e-08
1.003037088804410341e-07
-9.175524761287231627e-08
-5.136379336160161377e-09
4.677900713714204945e-08
-5.435276403370870971e-07
1.081687210054933194e-06
1.563839112588591060e-08
6.373968473922220051e-09
2.284342579504167911e-08
8.055923649329778353e-08
-9.884088827237979803e-08
1.176276157375856290e-07
-4.049038502141081931e-07
-1.697222919201704036e-08
2.412849279851311736e-08
8.723655945657847304e-09
8.321105869585936577e-08
1.863256922816391876e-07
4.494000482120971057e-08
-9.455832097938814657e-08
-1.527189405583667128e-07
-6.171060087661370355e-07
9.956898060392441633e-09
-2.434921263274974818e-08
5.941443769442690776e-08
4.628159695296244497e-08
1.022627111168523685e-07
-1.084385558495591398e-07
1.569903364247654033e-07
-9.910308132169617838e-08
-5.994146492998530862e-09
6.882657527692006290e-09
7.989521613572194643e-08
1.025918841151634590e-07
1.522249305849459044e-07
7.856004351300318228e-08
-1.606574968974284230e-07
-1.094200178927885049e-06
1.897647731862969121e-08
-3.896393539453976088e-09
-2.321392221979273498e-08
-4.336252772172876339e-08
1.172916759975616221e-07
3.618390566904988032e-07
3.451886726197663672e-07
-5.943299768285742674e-07
5.531500883202137134e-08
-4.616330008604556817e-09
3.334864194346643508e-08
3.774695435519697888e-08
4.423846158096262056e-08
9.592091247400276156e-08
7.793890829233622077e-08
5.160068620300642948e-07
3.614119007256956117e-08
1.595566440783021704e-08
8.166529680905332540e-08
-1.123478827282714404e-07
7.190208626069971963e-08
5.581061932408163838e-08
3.860474214908389246e-07
-2.809197578908726417e-09
4.494857854537071829e-08
7.518943916996591257e-08
1.108921358638435846e-07
1.476471911066858146e-07
1.419137391515000637e-07
1.276547031886514115e-07
4.162582378472477829e-08
-5.215124602928511521e-07
3.456355891517789505e-08
1.005841213144375540e-07
8.535463857591053478e-08
1.734440838382278391e-07
1.462443375609767662e-07
2.258867393788447724e-07
5.729846479996306528e-07
6.697708574319473961e-07
6.570285617186078457e-08
1.168198499116560865e-07
6.564204339514504905e-08
1.161134697558221328e-07
3.743369183517905103e-07
3.382699519509593422e-07
5.941058097671197909e-07
3.805819439818687782e-07
6.884492428697805238e-08
1.197167565998207179e-07
2.614520579055566762e-07
2.616281237517939008e-07
3.738292107628842996e-07
4.446174226381752018e-07
2.765194663075633399e-07
4.968928465744485848e-07
1.514312600987835413e-07
2.019415647539975244e-07
2.276598269920495067e-07
2.733559358751541551e-07
1.199713649269253128e-07
5.889483851959625093e-07
6.323091877611332625e-08
8.623973687813563166e-07
1.507786097853598042e-07
2.753339872443778212e-07
3.059647323699471796e-07
3.226756114767823411e-07
5.199610915052375695e-07
5.311286941153187639e-07
8.017932364903219829e-07
6.966623514541615410e-07
1.583084072159768426e-07
3.264336872198968200e-07
3.344113575502923586e-07
4.447485127994505647e-07
5.472368310833037988e-07
3.207518914813440887e-07
4.101337549898535475e-07
6.078347864212283275e-07
