2.614155369791293904e-08
-3.320427470762120272e-08
9.097625024706512484e-08
2.010042660909569951e-07
-5.717332678156051041e-07
-6.710255699667610687e-08
-8.376187276937653994e-07
3.424762613613703771e-08
1.661341047705284325e-08
-7.439142174634736778e-09
-6.657046743212269217e-08
3.975262782297713436e-08
6.661952441651420854e-09
7.472873376746025476e-08
5.036249344583689780e-07
6.796745975089337083e-08
-6.450056716001191603e-09
-8.031271576819717322e-09
1.672814536957812613e-08
-1.054314455112825063e-08
4.058046803290441795e-08
-1.730709333309590628e-07
4.485599036019738417e-08
-2.307571736266576310e-07
-4.648369382351307498e-09
1.330343540533386034e-07
-1.366805931330928419e-08
1.709762365895085717e-08
3.389655168007680711e-07
1.987458020783503572e-07
2.532179918166327281e-07
7.115798283294401849e-09
3.948976310061079728e-08
3.477036404994041064e-08
1.935691381331217647e-08
9.113758962103940515e-08
3.933448005785612441e-07
-2.372959554873497550e-07
4.061338414607339445e-07
1.681611325028488335e-07
7.142150110573097266e-08
4.854343547529447571e-08
1.294236516827413906e-07
-5.603669990831843536e-08
1.191313786841794857e-07
1.218771556981329790e-07
-1.052202680173263282e-07
8.338801982397650670e-08
-8.874389340419483095e-09
4.458118468576406114e-08
7.957817419198819218e-08
9.410033007544626507e-08
1.039375300370791350e-07
3.628558007955676151e-07
2.849788116981556071e-07
5.165861273059197414e-07
4.950885132835712525e-09
6.201785373350881651e-08
1.005425918531636140e-07
8.017183806857184951e-08
1.339489205546225409e-07
1.384465087970910749e-07
3.544044769818518805e-07
-7.869274284417714170e-08
-1.173924361143646845e-08
1.122403566488647574e-07
7.151547665197773198e-08
1.424217909955260374e-07
2.824351427541149548e-07
1.516453304298573474e-07
2.249033021785430269e-07
2.241965855000873612e-07
3.406934203857894478e-08
-8.264433497293330667e-09
5.647986958976173903e-08
1.902005731284075840e-07
1.666130142444493499e-07
2.021772014121482714e-07
4.370078693429552421e-07
5.996589024881756319e-07
6.908051695766317890e-08
1.077357510986182885e-07
1.586183659398768095e-07
1.075115657909854790e-07
3.130565426512949903e-07
4.312411481427130584e-07
4.701933438927185764e-07
-1.173240285127863823e-08
5.768939700099835285e-08
6.942298652486502572e-08
2.254169738417156921e-07
2.080566830634730588e-07
4.984453142848850413e-07
3.748254414911245867e-07
3.182071313890997885e-07
4.283909807605002678e-07
8.938045701327703009e-08
2.239930767133991768e-07
2.165301661701241726e-07
2.121706941856914625e-07
4.998518004369245128e-07
9.662969951760011334e-07
3.711059537482573940e-07
4.259806988735485702e-07
9.374278737034520061e-08
1.974129987816642532e-07
2.690224458430891996e-07
2.124858964895067005e-07
3.161275135371439224e-07
6.726436836584531179e-07
8.970931208840964455e-07
8.534801368381548842e-07
1.226902538660347153e-07
1.657514147017000195e-07
2.830375881141659171e-07
2.820866476686958446e-07
5.911855152357160590e-07
1.043122774705095468e-06
9.632217860288753388e-07
3.824999386960210322e-07
