-4.532448470588311041e-08
7.341509348306273677e-08
-1.433866843666157952e-07
-1.183022502976677625e-07
3.845349288715033573e-07
3.233271040773627491e-07
-6.410008446627503154e-07
-4.309899236501123539e-07
-9.363800274990951422e-09
-3.827466569074309250e-08
-7.084406153830122221e-08
8.233771398763787243e-08
-6.302556691486436342e-08
-2.431773298602374332e-07
3.260959927897508169e-07
2.199883360902473624e-09
1.432270953953359057e-08
-2.269980359219295196e-08
-8.813574822901231941e-09
-6.834868928906465311e-08
-1.957923682729277488e-07
8.077980281482880337e-09
4.270622742329161181e-07
-6.954607946862917200e-08
-1.192438007031630625e-08
1.821567494590550286e-08
1.166794219465277738e-08
-5.532518113290937132e-08
-9.987711456084229061e-09
6.658312345011773281e-08
-2.185900930054232546e-07
3.178465185277868374e-07
-4.038442821554529163e-08
-2.944322020589320697e-08
5.464846806349525502e-08
-3.364720845113257693e-08
-1.068969155871453094e-07
1.739696293514795967e-07
6.188154160097650719e-08
-6.885537320442460564e-08
-1.410406873042014820e-09
-2.415695478031559091e-08
-7.397902998203192305e-08
1.495214725128510244e-07
1.761858451599986545e-07
2.623950004427081108e-07
5.005507683447479670e-07
2.894078867228964604e-07
2.653543361442590245e-08
-2.447805356230148158e-08
2.928693355312879475e-08
7.691037060516709370e-08
7.394831293491797734e-08
1.503094157784980518e-07
1.792518324637071765e-07
1.668001806803693706e-07
5.263039764707172172e-08
4.831553685390597606e-08
1.130377206800630329e-07
1.401631969579500377e-07
-2.362831827824719346e-08
-1.109329099887818651e-08
3.552783124035932068e-07
-2.611786675163424391e-07
4.884899978736923607e-08
-9.666524246393569811e-09
5.940586705129658329e-08
2.627689244703273831e-08
1.858585248914253789e-07
3.250814859042079195e-07
5.595475319574097526e-07
6.767653151996782665e-07
5.257505421325664798e-08
6.008957413667585392e-08
1.191204039936634593e-07
4.644830589334246329e-08
2.081516395123763285e-07
2.034049979915383063e-07
2.320029049140500738e-07
2.512573952925709121e-07
4.554858003055196048e-08
6.090772250510454255e-08
1.283687803882975043e-07
2.130844618121449659e-07
2.573798648444545017e-07
2.514115457232453211e-07
5.330228893778822978e-07
9.307588232453768386e-08
6.799259534093489589e-08
6.533851080507175191e-08
1.421388780267621191e-07
3.273333634806849807e-07
2.564603701323677184e-07
6.350689899741581074e-07
3.460205731017381181e-07
3.709982604912486838e-07
9.942259754973022949e-08
8.222016549626849812e-08
6.887434364614411383e-08
3.199457177304229049e-07
3.396601364677250049e-07
2.585964936993994819e-07
5.111974519553718920e-07
1.100866004602612320e-06
1.157367919664366893e-07
1.064529345277969555e-07
2.638245088317684444e-07
3.934713240930202855e-07
3.769315345361663833e-07
2.486119839190947460e-07
3.083995063618479654e-07
9.409268962059841310e-07
1.420126324859117571e-07
1.475327327358636405e-07
2.266582411369151115e-07
4.278037176578852917e-07
4.839572321951657265e-07
4.885101344979999796e-07
5.616838811666025206e-07
5.541684141675091389e-07
