1.484008539628117460e-08
5.387772089071947670e-08
6.450782156394808776e-08
2.264310894856075386e-07
4.858306900819725845e-08
5.352199667694219984e-08
1.741275531230481345e-07
1.429251591479548409e-06
-2.413625722788282359e-08
-3.295699978620757575e-08
3.289270941182395672e-08
5.983866424534344665e-08
1.555124703958732167e-07
3.955731502145638542e-07
1.025334930717542230e-07
-7.759117889389412549e-07
-2.428793437186025964e-08
-7.138083354608147813e-08
-4.689466788661824500e-08
-1.572369090991261957e-08
2.286587444260037800e-08
1.060887331598004306e-07
2.173121788809097300e-07
5.673336823547192411e-07
-1.147202069134227945e-08
4.411843724661690704e-08
1.754271783975169928e-10
-6.198332728393608633e-08
1.249721995824524616e-07
-1.227790311694157186e-07
-2.357153393479301938e-07
5.340612751797276977e-08
-5.215499105587595105e-08
5.162807655414832522e-08
2.534939915772739710e-08
-7.853150719557590038e-08
2.855075731325375258e-07
-1.892936143633561209e-08
-7.559158708041344695e-08
7.007471022131908814e-07
5.933777278182929575e-08
6.117636384460942510e-08
1.457902932159861104e-07
7.028644325353414376e-08
-1.791275201229964302e-07
3.828341171339305729e-07
-1.271402832693447576e-07
6.661892601572808636e-07
2.698586459885606622e-08
2.181154208928891930e-08
7.542075856044471610e-08
8.662119051466824960e-08
9.548224737417744330e-08
5.002441725260539721e-08
2.367586028308747034e-07
3.840506350570097396e-07
8.352974081325965654e-08
6.721586582048521197e-08
1.295621536856397443e-07
1.606801665307612211e-07
1.517050582888695681e-07
2.268158863589795719e-07
1.630334735039074939e-07
1.636239426749789675e-07
4.519576322356422545e-08
4.098364645361234625e-08
-3.673510868297865220e-08
7.942419506775598159e-08
1.658223514495854381e-07
4.805531186971458943e-07
2.829157119424462862e-07
-1.703165261450676835e-07
2.355265890221561783e-08
6.725241428013570460e-08
6.046233336593123580e-08
2.224489205099605103e-07
8.331686713100187557e-08
3.276798324928650788e-07
2.941829131909673730e-07
1.744122956477923735e-07
4.826064705680553782e-08
1.182847918884890554e-07
1.008646993665622597e-07
1.035430318972567297e-07
2.450311195370125363e-07
3.700801482423252703e-07
4.208626820610425006e-07
4.426224733049516602e-07
4.116344712748417235e-08
1.089206784229899066e-07
1.635617947204343041e-07
9.323962444568559469e-08
3.031388799181806542e-07
3.838959077530414255e-07
4.061876837450869987e-07
6.020666082879925997e-07
1.362547790434394930e-07
1.120769157126971624e-07
2.703652779692027575e-07
3.286305426450476237e-07
1.061416686076015470e-07
3.753305110462528303e-07
5.975052743778770319e-07
8.929421853999782608e-07
1.434238449312371188e-07
1.561314468098210563e-07
3.107051046741858509e-07
3.898317501218054945e-07
4.092750025012140625e-07
7.437043697559645593e-07
4.227309948551626967e-07
4.820888881465547396e-07
1.533125844004923356e-07
1.247764384249648263e-07
3.113046974597499822e-07
3.595336161200429174e-07
4.712883134656556234e-07
6.237391767757236530e-07
1.093344502036474556e-06
6.355168044299239232e-07
