5.421277739545859544e-08
1.239081419214748965e-07
1.481360831852532595e-07
-1.251104616759153691e-07
1.730177171414424588e-07
3.405325642720913640e-07
-2.460566641529989687e-07
-8.711083931867923281e-07
1.844086071740660623e-11
-4.760677752343614858e-08
-5.634139428189220875e-08
2.847476898544564233e-08
9.417004861296951814e-08
-6.932175284115460873e-08
-1.505385445610115823e-07
-2.868281343753341052e-07
4.101371627514803984e-08
-2.256490814467215637e-08
6.684891065432446456e-08
-2.666962614965147145e-08
6.009293198678152047e-08
3.792471495914387361e-07
-1.290457391359988514e-07
4.603579376222903390e-07
-4.359113967050482673e-08
-3.980482098849328631e-08
-1.004183981880612666e-08
6.376844989188755697e-08
4.459621055036075321e-07
1.822998589421149886e-07
2.533795843270198692e-07
4.091681182633460434e-07
3.166681768822696141e-08
-4.812003102884599493e-08
6.616055681902184237e-08
1.486519854303802514e-08
2.568259957429341677e-07
-2.197861531020852638e-08
6.248164760743593358e-09
4.691732159548375577e-07
4.009868076401895172e-08
-2.919177630938762060e-08
4.361895929446373669e-08
1.927689125803288170e-07
-3.326552303497414098e-08
-1.408072316909027413e-07
6.076880290353620185e-08
1.131124392957463363e-07
3.091456875234014679e-08
2.197240776176077116e-08
8.176176898995413333e-08
1.334768844670333215e-07
1.405413698868214228e-07
1.894033828878039001e-07
-1.896387985482686277e-08
2.188069210484754968e-07
3.640599027775904937e-08
6.330506926368217265e-09
4.936119607392927787e-08
6.767991662662813946e-08
1.867048006737423601e-07
1.539533689068294371e-07
-6.764708843969260438e-08
1.183467333332612007e-07
7.846328090672753049e-08
3.770106562844047683e-08
1.053884037848831851e-07
1.869746935549253932e-07
2.354297297373391175e-07
2.570608345221840145e-07
6.027553078545047854e-07
5.534752089013636900e-08
6.079079431591639475e-08
7.704267468642567261e-08
1.467487940951259622e-07
2.396066833823114418e-07
1.377545092614549807e-07
1.844893251681193835e-08
1.441540145453553664e-07
-6.197093006811632865e-08
1.129541681152456558e-07
9.710832242018660364e-08
1.006083664291624255e-07
2.272880798269609519e-07
1.950687614676561723e-07
1.304325656330354971e-07
3.793800131775026831e-07
4.014707876393821887e-07
9.427942390776833884e-08
1.168963969993858622e-07
1.925451200410341338e-07
1.463345298322564097e-07
2.879439591676126110e-07
4.499928287693994755e-07
5.238931779923773407e-07
-4.082182543325663154e-08
1.499717153364664605e-07
2.025452944121235092e-07
3.121987521962693681e-07
3.146217411704397149e-07
2.855374154271280577e-07
5.170011881156552075e-07
3.592421613457746086e-07
4.782807411218894770e-07
1.731889503380585591e-07
2.194010578256433953e-07
2.234472416707227512e-07
3.436255073678917350e-07
3.917597168693271564e-07
4.694816888450012077e-07
2.756701705078520112e-07
6.815134395654879839e-07
2.435195572586286798e-07
2.253604527095459998e-07
3.712585039601334183e-07
5.344285298348689844e-07
3.720455019597973696e-07
4.700703736692485167e-07
3.509789612416360269e-07
1.923071819027587660e-07
