-5.366738961298908996e-08
-1.460164892218255434e-07
-2.854492970014178233e-07
-9.135886359619352051e-08
2.063212956857815875e-07
2.748523687607248592e-07
-1.016742327289939227e-06
1.308295391264897953e-07
2.219042617850730564e-08
1.486025593069136293e-08
4.914594710543425584e-08
-7.487165245767931609e-08
1.540251318302447574e-07
-1.072624923234482619e-08
4.310609193531037845e-07
5.708415597639537180e-07
-1.829057280066948453e-08
-2.790898784946887616e-08
-3.280780396947723599e-08
-2.977447798493224932e-08
-7.122615523892360098e-08
-1.391999145491810986e-07
3.465019213797411419e-07
1.257103903739644149e-08
-1.563761410652535178e-08
4.966409006499169600e-08
3.334311993618891062e-07
6.086483514245007667e-08
6.416272336971837168e-08
-2.829966076799091182e-07
-4.206140876687866772e-07
7.408341426023346453e-08
-2.005005309281839766e-08
2.526279398050656224e-08
1.104294958189188894e-07
-4.181683887366286023e-08
2.520968820346571996e-08
-6.502192718716960958e-08
-2.621240854225596862e-08
7.491873427942166250e-07
1.599739264618477617e-08
6.210460961618492743e-08
-4.296732274776224122e-08
1.059749698127371269e-07
-3.342302685804636999e-07
-2.925095252330003814e-08
5.866679735270781140e-07
5.569587201236507114e-07
-1.820650694773138075e-10
4.236613025139457984e-08
4.197233866495810205e-08
4.907602244509125239e-08
1.554669147312977576e-07
1.157895487316746911e-07
-4.336069277527939139e-08
6.966226091116389836e-08
6.208663256531876938e-09
7.453391027466670082e-08
2.918892555160693675e-08
1.232553367388390223e-08
1.774614816260116916e-07
1.655253677736817761e-07
1.864042869482282494e-07
1.999324019739479092e-08
2.125717249991211711e-08
8.176885485927668505e-08
2.842348151668309684e-08
6.565947881064955295e-08
1.595269689657573330e-07
3.427035010335354232e-07
5.411274485755770287e-07
1.131059253889865532e-07
4.564664738550002197e-08
1.260818232446289089e-07
1.655842369693230028e-07
3.110807598095381379e-07
3.078097758392221711e-07
2.184745149535189513e-07
1.302059820152766981e-07
3.350564363884340359e-07
9.225498462216830108e-08
1.449475827432155875e-07
1.114741419278261441e-07
2.296663962142585396e-07
6.949702144684820820e-08
4.153919614605781180e-07
5.989613635295530664e-08
5.623711313499445673e-07
1.013844268913348085e-07
1.354369054412596399e-07
1.614339605985983976e-07
2.819629927709115976e-07
3.070013523407868884e-07
2.194983877369836198e-07
1.330993019209844288e-07
3.483204170818897843e-07
1.379269893902245861e-07
2.352168377194643050e-07
2.391013632000890192e-07
3.414665218979206543e-07
5.894894385413278967e-08
6.822255175391030450e-08
6.717136026415066107e-07
9.758257174897091850e-07
1.051947612994162636e-07
2.090314622214478661e-07
2.679871794841156892e-07
4.136679285256372794e-07
3.643552076451202962e-07
5.854437401528366077e-07
2.537046640839525917e-07
6.507585416713892704e-07
1.660559219961848277e-07
3.143155636914239123e-07
3.344039497895689167e-07
4.375900959579825273e-07
4.007572383192916466e-07
7.257778567396067590e-07
4.672785980201174386e-07
5.021468518357219260e-07
