9.483764925180529535e-08
2.646004498207206905e-08
3.152860500098849583e-07
2.283035328963713199e-07
-2.673642542912124214e-07
-2.289553366885991955e-07
-4.921452740485569366e-07
-1.195466243685818729e-06
1.157237123573135881e-08
4.979995924489826133e-08
8.048875926068407703e-08
-1.158447510155902761e-08
2.782987749523700673e-07
2.020723384554299418e-07
2.928618681996376087e-07
-8.396520267227554479e-07
3.647762071810746734e-08
4.071125716711196951e-08
8.150059991401020904e-08
5.828060479999197699e-08
4.263710720321039482e-08
7.617084916783696704e-10
4.807056945799611479e-07
4.153320993398156339e-07
2.841890707003978927e-08
-4.376613689457438530e-08
1.308702456792840495e-07
2.945081611292258950e-07
-7.863223168141921563e-08
-9.511077980650529551e-08
-2.336397144269660032e-07
3.093056994502334516e-07
-2.505776409920499773e-08
8.070647204291410348e-08
-7.223706713377895939e-09
-2.172870596506694625e-08
3.687182997038020376e-08
3.240793237752306593e-07
7.821014593740708134e-07
-2.051453163265484162e-07
7.966403148157028324e-08
4.899540582292862268e-08
2.085671036047067610e-08
-1.625176953438608652e-07
-4.153955331432212767e-08
5.005364131467093412e-08
1.993771977995508734e-08
8.870757571107460511e-07
2.688678254595686407e-08
3.742263431452179545e-08
6.911666373249214062e-08
2.529829841023661993e-08
-2.696704556230656452e-08
2.539948119797405587e-07
-4.579013089027057469e-08
2.765742597644434617e-07
9.595854103606356108e-08
1.159230506062506446e-07
6.077580800594277595e-08
7.557880858947910290e-08
7.408710118206130408e-08
1.659048499544686844e-07
1.762979944775305598e-07
2.872688445778863683e-08
4.511180642045545364e-08
1.130015564190615029e-07
3.064937653493745012e-08
1.371354866074919830e-07
2.184932068981430502e-07
3.511990410736886208e-07
7.209278424262329525e-07
-3.292731594543208459e-07
6.301507135139976252e-08
8.970888401203972852e-08
1.402483153901600820e-07
2.917695580954616019e-08
1.969015886740878375e-07
3.249477325794344734e-07
2.328428216172423072e-07
9.873846420332918312e-08
5.688042450519508644e-08
6.597009874691168015e-08
1.016643890653410724e-07
1.537876291389503862e-07
3.351218156722469760e-07
4.579988744368015932e-08
9.526072670622309719e-08
4.003035525662143922e-07
7.149232021761263602e-08
9.274544861231134105e-08
4.582733051255068419e-08
2.316854602271027423e-07
4.432805073218634895e-07
2.717990679016202393e-07
2.261328247397470668e-07
5.082572629609485493e-07
1.385885749591023290e-07
1.946629856414601414e-07
1.705423048913013611e-07
3.701206744899183953e-07
5.719893921647347197e-07
5.379982067154512797e-07
1.130324633293822492e-06
-2.294363431368904677e-07
1.579418494271973154e-07
1.823920847619105531e-07
1.939447239732938042e-07
4.310666439789957636e-07
6.217272102982451050e-07
8.913957989298215822e-07
8.836608088503700775e-07
7.460533665257904820e-07
2.166879973071961159e-07
2.612585758754413377e-07
2.497783266279068139e-07
5.601487236982594151e-07
2.880738639289593986e-07
4.593693767863908175e-07
9.759893456025062345e-07
-1.927938090993494153e-07
