6.294063373854069224e-08
-1.123563706581817859e-07
-2.298792590041187273e-07
1.471960490013545206e-07
1.373601753639416885e-09
-2.397768065579833061e-08
-1.673608203815016487e-07
6.185585372811903099e-07
2.593434882200314773e-08
3.997636649747316783e-08
3.982604480762345845e-08
1.199509804275824370e-07
1.517904847873186796e-07
2.302339465428297842e-07
3.282266529590582954e-07
8.110230869869236579e-07
5.076655587095555584e-09
1.622720499024290455e-08
-1.551333785713597201e-09
8.469342714375324692e-08
8.152178888018134898e-11
-1.029162003035675465e-07
6.198812317919686932e-08
-2.115395702205869958e-07
4.171253618583405431e-08
8.130399053930364225e-08
1.778118540494188973e-08
8.038433039199614724e-08
2.598601799993461071e-07
1.894522566297894543e-07
7.465984928786410512e-07
-7.531073311759557206e-08
2.383302776021430461e-08
1.736212033173068190e-08
1.092286641203842105e-08
-2.799553089675217694e-09
-1.126130505343882425e-07
2.914589983034338391e-07
1.571276341932666854e-07
3.640108540152097365e-08
2.154227621036476892e-08
2.767406110759242099e-08
1.769437780681628007e-08
1.850854595269069729e-07
1.895672077070763989e-07
4.620306495721660182e-08
-2.211359207257180861e-08
1.416376044931055576e-07
3.204792187279329852e-08
7.765556320783945907e-09
1.060181469730792488e-07
7.848770416409691649e-08
3.393608488061111395e-08
7.965562370764924638e-08
1.698441322593453661e-07
7.799423701370906966e-07
5.415006390048487741e-08
4.359796599114767864e-08
1.091736419258806669e-07
1.695069672033145324e-07
2.115150392684364747e-07
1.705934278279913668e-07
8.415341085149751652e-08
3.987815755585322256e-07
5.878089437115302391e-08
9.047585227332767354e-08
1.781011230748958549e-07
9.590857144663194416e-08
2.144670731506801575e-08
-7.803475829234279999e-09
2.498210436789086280e-07
2.850517140775184422e-07
8.353704064459930080e-08
4.554192809485129403e-08
1.133598919440138578e-07
6.920649994000744065e-08
-5.461198536150554702e-08
4.646044696295054397e-07
-1.989878513609654168e-07
3.856361526699909068e-07
9.836732700522425271e-08
5.231423242766369480e-08
1.016025562089265303e-07
1.731532106109468749e-07
3.029289776463795455e-07
3.505844838503813376e-07
3.884012186286731821e-07
6.709733157914333738e-07
8.075379428335062969e-08
7.974075945065776350e-08
1.147240916886828258e-07
1.173471301181663838e-07
1.946014487224913046e-07
3.793461602140972246e-07
2.824284154430191850e-07
4.708076339247873508e-07
1.111653540855425226e-07
1.673459080861835168e-07
1.790987859456207486e-07
1.453127264410713217e-07
3.703572503527550956e-07
7.421291445366489541e-07
-4.007525799226264788e-09
3.363406960727511202e-07
1.381252933272231528e-07
1.660833695369365485e-07
2.229190671851782807e-07
1.901517835084571771e-07
4.719180152235710170e-07
5.497183386026946813e-07
4.238544885415094353e-07
7.185284848385606812e-07
1.527835002793742428e-07
2.068922520335996380e-07
2.036356164924983285e-07
3.795483300871327549e-07
3.965569022516045564e-07
8.232251022306421092e-07
4.977717606753581839e-07
5.613211361782132352e-07
