-6.995747707636516083e-08
-2.487700823461401229e-08
9.105946679656858174e-08
-3.366230509021973763e-08
1.340827002044232795e-08
-3.237709248281604280e-07
1.695150600266485024e-07
6.137015866019817419e-07
4.050873234780969739e-08
7.608511608794293762e-08
-7.304410367838068552e-09
-3.898866999809815290e-08
2.818512357372911262e-07
1.837818573707323796e-07
-1.714316669457765299e-07
1.774825522355252050e-07
2.982416194227131149e-08
1.571620979377089716e-08
-9.373387750559419910e-09
-4.531572318562178583e-08
1.115058620197127811e-07
4.701451193415392622e-08
1.597230164848030251e-07
-9.421512495785642204e-08
3.882381575915316783e-08
3.271538010769632915e-09
5.066321625986546425e-08
1.179347014650617961e-08
-3.812960864834865613e-07
-1.164847205632713287e-07
2.502063681538678979e-08
5.030189975792969251e-07
-8.211638342616785077e-09
7.486006050154311312e-08
1.738270042163546942e-08
-9.520591712913398678e-08
1.863353984172226963e-07
1.380186376050830615e-07
2.047857505521098505e-09
-5.136876609366722979e-07
6.787787418035294208e-08
1.179080666986502720e-07
5.537183423179721768e-08
3.839504561043556702e-08
2.533879491442527740e-08
1.846179730967838115e-07
8.747248584530398404e-08
1.407815133251782280e-07
4.408316128392398819e-08
1.003715953394342728e-07
1.417677744328390540e-07
4.310558632581568601e-08
-3.461974619484667485e-08
2.687603948486589650e-08
-1.180741165695899255e-07
-2.500380284655301823e-07
4.040272333507747468e-08
1.151876446309729390e-07
1.107272192553844403e-07
1.748762210025730393e-08
4.229371318574958648e-08
-1.059327008957849311e-08
1.373710307069417671e-07
3.921176966459290615e-07
4.021695668229850677e-08
3.658251340522511247e-08
1.292081004767766548e-07
1.180937646470153045e-07
1.160295462126506339e-07
2.420924093916198296e-07
3.241070261521446073e-07
-2.085061756679977643e-07
6.977870440077089006e-08
6.389769926289266375e-08
1.777901419102530921e-07
3.857432619223843190e-08
2.395559757893480645e-07
3.881454202039147654e-07
2.114642938230660153e-07
-3.421229952053416520e-07
1.045365256490800926e-07
1.766525042338079481e-07
1.836801924806367188e-07
1.847664355786272823e-07
1.470641866100893097e-07
4.121562024971058951e-07
4.167480976615272808e-07
3.091896377524393100e-07
9.830467211734595314e-08
1.004160454260269156e-07
1.455915206217669736e-07
1.854568259987360631e-07
3.061014734528605713e-07
4.372853800676647404e-07
4.577696215276686545e-07
9.620584461453224792e-08
5.983908346956982107e-08
1.037544161931273674e-07
2.107364976688981248e-07
2.688412954930419998e-07
2.231667749008021784e-07
1.047337023414255287e-07
5.645880440964897586e-07
1.823229410358867033e-07
1.442550460642960990e-07
1.761798800391466019e-07
1.968826005102512528e-07
2.539053716688869021e-07
3.594627602031253006e-07
3.686817728119409138e-07
7.137195636925542192e-07
4.685485651509313510e-07
2.016935646232353408e-07
2.492407831489401114e-07
2.525426798616058717e-07
3.575051956177903788e-07
6.207076454070447909e-07
7.908413986867971258e-07
4.442552329742573997e-07
-1.826393678953407513e-07
