3.455281152517600583e-08
-2.357667945529219354e-08
1.131128672984624441e-07
1.879748790001192184e-07
1.641859788167431135e-07
-2.626119906638999898e-07
4.259254033315393398e-07
-9.099765171225953313e-08
7.004512315306959605e-09
3.542912961814713902e-08
2.981013928391877508e-08
1.681255485159604130e-07
1.517040019037570464e-07
-4.676386788379008925e-08
3.914915241204711036e-07
3.299543571859216035e-07
2.656994841856790101e-08
7.340693825069437294e-08
5.966453929868717069e-08
7.594848258514869127e-08
4.016633109749383644e-08
3.107985583288294801e-07
4.057394365115206535e-07
7.502295660911809023e-07
-1.075840504058430436e-08
2.466919419397643747e-08
5.999335746135774789e-08
-2.438443559656190160e-08
3.993256949081870454e-07
3.027101084628020968e-08
-1.844501824778682079e-07
-2.524946574637422919e-07
1.550616026729068106e-08
4.319878185175772506e-08
2.100249314485285798e-08
1.165106969429575087e-07
4.331706603242918369e-08
3.087280582345945449e-07
6.174939782555218715e-07
5.099463167974164709e-07
1.713067443634046475e-08
4.372381296535009062e-08
5.065882267735186622e-08
3.173914928981142462e-08
-4.438880438977805783e-08
-1.652735578232426597e-07
1.875063998188696078e-07
5.816535277821346127e-07
1.321176315759768955e-08
3.536249370725544880e-08
2.563162406370446792e-08
1.551183084557758081e-07
1.709998822634105488e-07
2.669872266015027455e-07
1.348415320178834930e-07
2.148311543932666533e-07
2.480901358439848860e-08
7.934050900127531517e-08
-2.261843058411280459e-08
1.324955803239228782e-07
-3.224262708250765610e-08
9.769789776702966894e-08
5.218493454852847472e-07
-3.693362634080898799e-07
3.446460110217173438e-08
6.574866479834106051e-08
1.161999307066072782e-08
1.027551212191039165e-07
1.023377854823889830e-09
2.611006322358874444e-07
3.142694387804497988e-09
3.397746327251935033e-07
3.598241353891844613e-08
4.774428291057694649e-08
1.756434846111748119e-07
1.508285443944033362e-07
3.331795440391576547e-07
2.211204213938760141e-07
1.432107084945315015e-07
3.786605461170012955e-07
8.803611925499522207e-08
6.953194871369038711e-08
7.443191297529232996e-08
2.996712228442623241e-07
2.332441409882796077e-07
3.331003198386926678e-07
-3.559315467708242628e-08
9.107739753070251593e-07
9.383779156144684806e-08
1.106460769080778256e-07
1.674317586543446868e-07
2.474381981402226239e-07
2.840569964072506079e-07
1.978375183034016692e-07
-3.259705122960004323e-08
5.619490582900674355e-09
1.296780994078472840e-07
6.219037021511579122e-08
1.382120286508959727e-07
3.517949595543971903e-07
3.013764765907080101e-07
4.680088977665879410e-07
7.061482767584982048e-07
3.840270211597887669e-07
1.742805879495622436e-07
1.260706237088188226e-07
2.645416754973585822e-07
3.052615519704074616e-07
3.979764592162518926e-07
5.578796429267001431e-07
4.174417632973305350e-07
6.498368679710656938e-07
1.876464980514069505e-07
2.617570098201702358e-07
2.803595296315588721e-07
3.991504908764446325e-07
4.909281869804443424e-07
1.154067994006049760e-06
6.782622911943790653e-07
1.048844561500667399e-06
