-8.438033889607274071e-08
4.780091773832042657e-08
-4.531331030955115161e-08
1.328357710751859554e-07
2.791245541422798462e-08
1.241414049523386072e-07
-7.777355513913216870e-07
1.386488224295299018e-06
-2.035922965994605454e-08
5.837523268715694036e-08
6.121136029665752729e-08
6.215453201838817149e-08
6.793551750281546178e-08
-1.357042285547549398e-08
-1.809317243795290996e-07
-9.503175550547532689e-08
-8.081691338923217027e-10
6.021761687979364087e-08
4.002841671487295059e-08
5.291479619298878957e-08
-1.479025584595302059e-07
-2.166236138081409998e-08
1.205503067026305346e-07
-4.222945087412785537e-07
9.489197716253197368e-09
8.262814267209933818e-08
-8.484918295021049981e-08
9.281868622862125131e-08
3.068390487320516138e-08
-1.844280573803421029e-07
1.275648051454237235e-07
3.313939771737749290e-07
-1.939197894535236821e-08
-9.480499811398204760e-09
5.045788683816594594e-08
8.263400531091304082e-08
2.907085802123065297e-08
4.103385445501190665e-08
-2.584831042019170433e-07
-7.225484715299438677e-07
-4.658405608003559403e-09
4.864993888716466913e-08
1.478271154570256374e-07
1.529176990237565080e-07
4.016063507825162100e-08
1.212027236919069142e-07
3.397551764951024479e-07
5.674500213056908413e-07
1.128678925324818630e-08
5.314573677102563037e-08
8.550310105352717888e-08
1.714379853629447255e-07
1.668599175762560387e-07
4.072985511573024214e-09
-1.994471042047543390e-07
2.680165448067188350e-07
4.086730221899766355e-08
3.083831504761872893e-08
1.112527691044789791e-07
1.744843048963081429e-07
1.184063751604638592e-07
3.617829217694283799e-07
9.016976754377438124e-08
-4.017774388553961923e-08
2.717195828306859058e-08
7.364226213916255287e-08
1.029574899894510690e-07
2.192478273546478908e-07
1.830352216443961222e-07
3.580639966307593446e-08
2.088767776271323514e-07
-5.089060278867212679e-07
5.900143323683005052e-08
9.081734208332688772e-08
1.791061359276897564e-08
3.781210945723306317e-08
-2.739335375147746232e-08
1.590611793024090113e-07
-2.138323593298088321e-08
9.690782041834067100e-08
5.197243879353293458e-08
1.277277290319130386e-07
7.463460943443029865e-08
1.686405087550180077e-07
2.937237304452284065e-07
1.548362512914986413e-07
3.902276457970119473e-07
5.548612281580164724e-07
1.156083620422607649e-07
1.185672917195549542e-07
1.606345913528407666e-07
1.768302341730823197e-07
2.526759852253748249e-07
2.199946909046590266e-07
4.042558256924464606e-07
5.660518560262785875e-07
9.137811455158231249e-08
1.726440114504659196e-07
1.319709805819320607e-07
3.380880624400847454e-07
1.804866515276844512e-07
2.085163074006064172e-07
5.183825772085244681e-07
1.076669838234492456e-07
1.450183206308155366e-07
1.702085833545895729e-07
1.769461918887741549e-07
2.157133825102270810e-07
3.193790418533415499e-07
6.928311824881086555e-07
7.795240907768353514e-07
8.089836857329964866e-07
2.651801000044506172e-07
1.677055816512935015e-07
2.058866543144670017e-07
3.146785606493837121e-07
4.018099334874480766e-07
7.616371502425256706e-07
1.289754589020609836e-06
9.315389501798792436e-07
