-6.540251505682137321e-08
-1.178602248429152685e-08
6.281759092413769015e-08
-3.034199282203867001e-07
-3.576000404888876827e-07
-3.682098750158140616e-07
-8.943717258946777480e-08
-9.852311362977191438e-07
4.871917447888767607e-08
2.143736796158890889e-08
4.401074381147931861e-08
-1.918117503065376274e-08
-8.161615374436244941e-08
-1.187517298587239208e-07
-4.340837916771699334e-07
3.776188122746551921e-07
-7.078827198964407493e-09
-1.156027570120838761e-08
-4.239611425904970873e-08
4.787206204905421911e-08
-2.521420207373729669e-08
1.938159657040818755e-08
2.762760011571109885e-07
-5.378116563402900286e-08
5.386645146398853393e-09
9.144071215197308194e-08
-3.613559397972121373e-08
4.441830584532611867e-08
-1.454223647930323076e-07
-2.339020973005027589e-07
4.402496412664230528e-07
5.483148392812623145e-07
-4.748008662651555591e-08
-4.927965020281441211e-08
-9.064670585295629458e-08
5.902743271535752166e-08
3.406312575694539048e-07
4.422010681207569200e-07
-6.068904869219622159e-08
-5.651030205521363564e-07
1.456775913999197020e-08
-2.443413803077557558e-08
-4.880764727278919670e-08
3.883010947094614567e-08
-3.358605374021415247e-08
2.172404829468671686e-07
5.208340599415651520e-07
-2.190589539050492692e-07
4.239299375713518551e-08
1.850466964879669442e-08
7.612078605471585522e-08
9.984948388492431902e-08
1.470248933292583729e-07
1.526315975242009048e-07
9.097529743447069850e-09
-4.974413102409747591e-07
7.022375256357663490e-08
3.233686550344841220e-08
1.393032512417816346e-07
2.123648724738810212e-07
-5.160519161258666415e-09
3.120128486773882429e-07
3.873980665460319680e-07
2.801378075886814446e-09
4.407805939170596102e-08
2.095432471852237998e-08
9.037348174709312706e-08
2.509044526988477159e-07
2.680169191673069877e-07
2.108324663379655251e-07
3.138976779708033759e-07
-1.473007322190226136e-07
5.430297465368384485e-08
9.616944366181669763e-08
1.898953442440066583e-07
1.836798743557037906e-07
1.360393448315485185e-07
2.298711062870172679e-07
6.589200851149555702e-07
-2.387420501161055100e-07
4.307061615666326234e-08
1.246657682104314572e-07
1.460835401479937540e-07
2.562385602335368711e-07
2.922342386673636384e-07
2.212882990080675541e-07
6.881172139504358693e-07
-1.244460410777409664e-07
6.307892761419607565e-08
1.428650620824241299e-07
1.639495349394662243e-07
2.751006822496511101e-07
2.255541411084488488e-07
2.062882411123109321e-07
1.448178590757166572e-07
3.745719844554507230e-07
1.284677748185281810e-07
6.960035158983021881e-08
1.531533700377428489e-07
2.019300952571506095e-07
3.305442294008561538e-07
2.912070186542863723e-07
6.634230584451411945e-07
2.288123686361039119e-07
1.284522465524036638e-07
1.152435706931991096e-07
1.346013822279694793e-07
2.578258993297948452e-07
4.768785267379955268e-07
1.640084330791250841e-07
5.337441583035740231e-07
7.832427609384216322e-07
1.862776643652016641e-07
2.129790031615527165e-07
2.438816245606541243e-07
2.684832812735144789e-07
6.510303312265908524e-07
6.363606229125894279e-07
5.777777710166322765e-07
1.235307145517056051e-06
