8.285017026385360724e-08
1.086352862782410437e-07
9.175883403855639844e-08
3.595098110136679590e-07
4.355244932812746190e-07
-7.422040327032211295e-07
-2.504816697278022962e-08
-6.095021359640202284e-07
3.137214033842200476e-08
1.062243835863382406e-08
4.422634946732038265e-08
-8.552919529247805839e-09
3.131553226935626912e-08
-7.027620046315087668e-08
-2.100581025719653373e-08
7.699741667361243886e-08
2.217933114552913689e-08
4.710029401548058522e-08
-1.175098025686501837e-08
8.404935244797859336e-08
7.099790978751149106e-08
2.379399766859570765e-07
-1.520994607929158455e-07
-7.984026550812767802e-07
4.357889856166365948e-08
7.874739333665346312e-08
3.702688678410170933e-08
3.985825502904479006e-08
-9.659432226991181452e-08
-1.356843350135485138e-07
3.885295052514917616e-07
3.634845827348186786e-07
1.292412744573478765e-08
-2.527502878218181716e-08
-5.225846038208731616e-08
9.469427302870475390e-08
3.785471066624323161e-08
1.774254541923664710e-07
1.016657916029455422e-07
-5.515921918266104385e-07
-2.845710489263681869e-09
1.164205798685099860e-07
1.694518060604446800e-07
6.393054698739975266e-08
7.542843737203495179e-08
1.195263347302016945e-07
2.982036567494989935e-07
9.229061014855330379e-08
2.189601263538780275e-08
3.704335519916916355e-08
9.337921872031423945e-08
1.598544262811455943e-07
1.992323360088969642e-07
-2.049541849506506226e-08
1.169631258881521782e-07
-2.279418519094617167e-07
1.758245157882908306e-08
1.043150025503744131e-08
1.068138269655950310e-07
1.239202472337969322e-07
9.637287899175072951e-08
5.490670187470129293e-07
4.578928912267400107e-07
6.528023374721764281e-07
1.390233075281590121e-08
3.732194237550608666e-08
6.607670672536067019e-08
1.881176730265891806e-07
2.795719694167523369e-08
6.727342458386822704e-08
-2.616020107860598616e-07
-2.371567750155308141e-08
3.100504535113258141e-08
3.812400152309480654e-08
2.952588954253139570e-08
1.389419736903259582e-07
9.307225428244933957e-08
2.680591383524860139e-07
8.085489008556175243e-08
4.618977903230560405e-07
5.109197377487897487e-08
1.196535793939519024e-07
1.286056086705725200e-07
1.891644993977638886e-07
2.265894907665091205e-07
3.750575998844794768e-07
2.562405009324652569e-07
5.931732006427771705e-07
8.236369527085677202e-08
1.170371730843059006e-07
1.431392341567862723e-07
1.183866722835519566e-07
2.048383311734643080e-07
4.803958021286794509e-07
3.433229454453278588e-07
3.356137141900022468e-07
8.267053061501220200e-08
1.023129372304027100e-07
2.431631162840405235e-07
3.207418542467491157e-07
4.267844433568822289e-07
3.204672608841117851e-07
5.628000628878173160e-07
6.847175364203252389e-07
1.194687063604466798e-07
2.102615031012403201e-07
2.484964772923820227e-07
3.470384963979413855e-07
5.456940535530207666e-07
4.245134639402501371e-07
3.247664131741093433e-07
8.166679337460359012e-07
1.580316467710939370e-07
2.526265757669048710e-07
3.686798506058964596e-07
2.782897407539485748e-07
5.261927494411227896e-07
7.272773348841717970e-07
2.677266667998365413e-07
7.924896867531951403e-07
