-1.401273528833255573e-08
-7.706315566489460528e-08
1.933147643441327825e-07
-9.328583781428657079e-09
1.028153051913114760e-07
-2.272529946484598452e-07
3.221174065339440420e-07
-1.184046417223987213e-06
5.955571456312263301e-08
-2.729605501365013053e-08
-2.324331990583154008e-08
4.512422175645583166e-08
3.991029880847485646e-08
8.201645364663358123e-08
3.440356114954188401e-07
6.645175854574581411e-07
3.410809323333417433e-08
-4.478338571374917471e-08
5.940587124374646711e-08
-2.850551134400743995e-08
-9.181613591484843634e-08
-3.902167364211715701e-08
-1.071640611391476631e-07
1.071185203769720400e-07
1.348240092260847566e-08
-5.087709466535322404e-08
-1.218883709235208345e-08
1.332596889082389359e-07
4.964924627190958914e-08
3.292857790781986048e-07
-3.072855455074215259e-07
7.859264991072673554e-07
2.809799184294888028e-08
3.308324744233898352e-08
4.422213498791136801e-08
-4.913363557007611740e-08
-1.606569889372135177e-07
-3.554853021600323370e-07
3.320330429152831162e-07
-1.879549475854276528e-07
7.961890222581291386e-09
5.413021123015508443e-08
-8.376315615922912178e-09
1.574969717599489586e-07
3.312757175403517651e-07
-1.086390239077240772e-07
1.434482925193110847e-07
2.351699391460723120e-07
5.411420674990445693e-08
4.656881683798850733e-08
-1.937179090635789303e-08
1.384382447003572515e-07
1.475931466414363362e-07
5.926593568640908219e-09
-1.587591071041192388e-07
6.532210123397337321e-09
2.952701681474503608e-08
6.142104074962564466e-09
4.999121695268162982e-08
5.270652534995275489e-08
2.279605333203642312e-07
1.902488245719725719e-07
-1.910558780927991243e-07
4.126193791370796520e-07
7.305396792835499196e-08
5.117219614719406312e-08
1.199252075990163203e-07
1.359526429664686939e-07
1.790632336151274411e-07
2.559132757829434053e-07
3.811597328808563364e-07
2.077990965350297352e-07
8.623529643408338764e-08
8.007508120482438214e-08
5.920584122513419053e-08
1.137049206961865031e-07
2.854663954540709904e-07
1.223547049366219787e-07
1.244206767194814740e-07
2.896290694190240138e-07
8.337215232127948690e-08
1.369326133367773336e-07
1.443448456255341823e-07
1.525238497364273102e-07
3.274652365095715637e-07
3.046826479308236360e-07
2.977952306989960342e-07
7.353225169042179587e-07
1.209018134083453091e-07
1.499707969762682989e-07
1.499409622928768089e-07
9.051039205685667669e-08
1.698383491812589467e-07
2.910932992408568865e-07
2.570999388876028933e-07
4.092415623595318484e-07
5.899120296637886398e-08
1.365716649592888067e-07
2.849906872153124038e-07
2.771625730874398907e-07
3.984890058270269892e-07
3.481293606513520201e-07
1.382654848129810360e-06
6.640343188426848005e-07
1.364729281405493258e-07
2.023990380470669642e-07
3.100833676646864134e-07
1.924913397384297826e-07
3.772276504107833936e-07
1.622574531254868166e-07
6.802955186527123835e-07
5.918300738901636794e-07
2.067838972563746162e-07
2.859666004327990685e-07
3.175982188639589745e-07
1.206412967232130786e-07
7.301899086944055904e-07
5.849375622942797790e-07
8.420896783649060174e-07
-3.833880617944818598e-07
