-4.109883674054786640e-08
-1.119604112678758239e-07
1.870861041681349732e-07
-4.536684102426188909e-07
-9.602973366794543748e-08
4.971302996124196221e-07
-9.229422365822035329e-07
6.244860253888889551e-07
-2.002539938763042772e-08
1.830283967088969977e-08
1.133728530514311936e-07
1.005843164497302151e-07
1.563757435823663237e-07
4.200644919582786311e-09
-3.564793593969559860e-07
-7.584393901062772947e-07
1.520829568690450623e-08
4.074172154796585191e-08
1.279040016774039673e-07
1.062284935198399404e-07
8.993971999357886832e-08
2.945086500365940414e-08
3.032290260387256681e-07
2.169950726574253251e-07
1.612284653295111744e-08
8.238889757580252315e-08
-2.615823453303335057e-09
1.991297187070403377e-07
9.020363139931006178e-08
5.676910920409404645e-08
-4.957426727586883329e-07
8.506860526731132355e-07
4.210451218661984952e-08
5.746304607262776594e-08
4.340156494653615794e-08
6.921222943346424843e-08
3.870205770959886680e-08
-2.676420404919343637e-07
2.785558286191742894e-07
-5.824318091653112967e-07
-2.359538267733386991e-08
-8.226627676487364872e-09
1.760171355784288144e-08
-2.068266796085127607e-08
6.218636603204781183e-08
4.200931111685430202e-08
-2.900066159676472002e-07
-4.904944007271289946e-07
1.772941354829448074e-08
8.624043336049696331e-09
1.132055394357521127e-07
5.916432190374521041e-08
1.882585012834232410e-07
5.899623323402491237e-08
3.195719136776715681e-07
1.931299082468896099e-07
2.973256604266815603e-08
1.939923329358619088e-08
4.246340635946727480e-08
7.957831111769472790e-08
-7.402592243442489368e-09
9.357390299338575151e-08
-1.210048618412833829e-08
3.263705373199904319e-07
5.794111651017247683e-08
3.742722042341707188e-08
1.463162673044935881e-08
5.656968735525219496e-08
2.945801028152753867e-07
2.751387528135371219e-07
-8.915234738249667104e-08
1.910433522863106144e-07
6.678857116190503631e-08
9.418102579994891303e-08
5.742651897835564552e-08
2.023195605089376749e-08
2.373613445697852274e-07
4.667303490752904225e-07
3.513089021076863438e-07
1.775784570052170286e-07
7.925992265441785817e-08
5.740836225124937768e-08
1.183725055557762230e-07
1.029624664427935956e-07
1.266386371555018621e-07
4.163278897806254998e-07
1.432675820017011352e-07
3.615714394192124410e-07
1.195352785515438300e-07
1.160569428952480144e-07
1.146400100758555685e-07
1.422541414936577696e-07
3.435845442828474119e-07
2.498268263839391058e-07
4.304443666714784244e-07
4.975519337150892776e-07
9.849948501549871756e-08
2.116227777468263028e-07
2.830502748921740046e-07
3.412731052876500315e-07
4.867185879119093344e-07
3.960006047862004899e-07
8.964791969692672525e-07
4.449705006760266375e-07
1.363553793886292288e-07
1.853311075094079419e-07
2.341337852334198719e-07
3.351899607604182032e-07
3.910970401389048909e-07
4.664158232997110201e-07
6.920031641082090334e-07
1.217538755580423681e-06
2.434715016673874643e-07
2.538345018511428695e-07
2.620539432089656786e-07
3.687948973454858777e-07
4.719968691253588272e-07
7.364304348632448635e-07
8.165263253189428743e-07
7.980304950667920439e-07
