2.356693194137691427e-09
2.155870988252357272e-08
4.093946773830123379e-08
-1.563396767464913788e-07
1.856695852007884696e-07
-1.836928283606801093e-08
-7.744080284131184600e-07
2.276278243516989343e-07
2.190506367744201581e-08
3.490995141186252502e-08
6.100317941980311546e-08
8.818913617012795722e-08
-1.024197781506013747e-07
-9.517209249210733859e-09
2.994849281241344270e-08
3.525010704600015479e-07
-3.337835661073642123e-08
-2.878324264539339062e-08
1.935718868169747237e-08
2.558960913997275101e-08
-5.095703986668278167e-08
1.398825720472974382e-07
2.434993169667561147e-07
-2.180162495772865055e-07
8.557366065148003227e-09
6.228030726122075332e-08
1.891376150712635179e-07
-8.986529888535876618e-08
2.985206389608844329e-07
1.017094012666348014e-07
5.044454318613422355e-07
-2.269749155426293323e-07
3.838320815995450292e-08
-1.213236598620171740e-08
-5.370638752221511398e-09
8.019508381530774621e-08
2.368483372708658991e-08
4.958650734402814000e-08
3.503066274767152894e-07
4.299181131096336035e-07
-2.023927809315652742e-08
3.627527280194057880e-08
9.341706609369364603e-08
-4.113889904910332007e-08
2.819399542883020505e-07
1.753441259348578911e-07
4.149873658828896083e-07
-4.254364212022633322e-07
1.201621126304508680e-08
3.464418964361798473e-08
1.040810835074831680e-07
9.674704480945347044e-08
-1.817030502327726398e-09
2.036456372056333442e-07
2.714213180814897521e-07
5.175288281620218250e-07
1.867464191427777278e-08
1.962309205346495055e-08
5.956636092715844027e-08
8.201647932762747538e-08
9.317757262195768311e-08
6.586173072704282677e-08
-2.328835979628619268e-08
2.368207940974878218e-07
2.673965953041057611e-08
6.672991516364229071e-08
8.211156422488549485e-09
1.133168279803073372e-07
4.344361731239807473e-08
2.053647954985096312e-07
2.091116746625636854e-07
5.946149274435233200e-07
7.538185354241658195e-08
6.165825081762875658e-08
1.013165214564487865e-07
2.735911232157621623e-07
8.721660688356559030e-08
3.142424226479726190e-07
4.551561955142908989e-07
2.065144880678266552e-07
7.318822112196524116e-08
1.211378095346870908e-07
1.740335541192465212e-07
2.484219312714935021e-07
3.098149065534401592e-07
4.275543470636119953e-07
5.096758216475135191e-07
3.991704792064182077e-07
1.019115018668464866e-07
1.366298122772229577e-07
1.517850418682383596e-07
1.472630078366821902e-07
3.527593093339364116e-07
4.294216270818229218e-07
5.354728427783539832e-07
7.020503617220964900e-07
8.994982813313315080e-08
1.712422310895563534e-07
1.156910973868708848e-07
2.341931475820346021e-07
3.943419161249179157e-07
5.756418255464651465e-08
4.084447397514368702e-07
4.255444657568155025e-08
1.611037729200740323e-07
1.718723927387000650e-07
2.073951413811746934e-07
2.428953893229190693e-07
3.814469116583581937e-07
4.901913952401414659e-07
1.123462090255895682e-06
7.218477449976438664e-07
2.549546247458345675e-07
2.568654726824797862e-07
3.070883276188102412e-07
2.730896363228533530e-07
3.981568303002584115e-07
8.510991933880655263e-07
6.227373498593699243e-07
5.412535125174760787e-07
