4.655193963544284247e-08
1.593534802670333091e-08
-4.804635301011598438e-08
3.682959357400194999e-07
-5.298354702716379773e-07
-2.587582763430667818e-07
-4.764550526388208309e-07
-4.531767891170909074e-07
-1.718203355877278099e-08
-2.842598749140577894e-08
-1.071385787876361533e-08
-3.374623811535230808e-08
-1.288756968631988402e-07
-1.221163878761583942e-07
1.548217397863874143e-07
-1.621599510548718516e-07
1.611511856885648827e-08
6.389851059725177659e-08
8.538942594903786036e-08
-2.100043549719007504e-08
1.031957295354586830e-07
1.793752335483524289e-07
-9.117661391272374921e-09
1.036433071042154917e-07
-2.496908055305475995e-08
-9.085049329029180763e-08
-3.965615635712115877e-08
1.092190933567107866e-07
1.996942765342721029e-07
4.474052177349116408e-07
4.704282603284146309e-09
-1.599625776761138103e-07
-1.817102679263737091e-08
-1.672969922057778036e-08
9.559079706729074937e-09
2.993072917817868908e-08
7.388195063337440861e-08
1.955017378168521291e-07
2.252486269220245071e-07
-1.442292361627642594e-07
4.496759855533096693e-08
2.331919394272497300e-08
5.724436178210493258e-08
-6.614697335396417434e-08
9.850195455379393545e-08
1.612996922412758953e-07
2.724239978029565229e-07
1.156088207417978075e-06
4.914669833731931683e-08
6.617559336504457406e-08
6.675703839373384132e-08
9.154627759188206316e-08
8.989875305289053108e-08
1.537009209226109529e-07
-1.382805505560543143e-07
6.101412236282633676e-08
-7.487424768745274265e-09
3.907235756053378584e-08
1.297487171111081821e-07
8.956865911812702295e-08
1.320610219215143581e-07
3.054161060653579099e-07
8.361201284183977342e-08
3.989516458815736213e-07
1.528267446988447717e-08
8.168910270881421403e-08
5.952386119140655918e-08
1.001758703355184074e-07
3.240022003819706484e-07
1.767662192281866093e-07
3.703126060215325987e-07
5.756318284134795440e-07
7.376039984886313220e-08
1.012464918031964377e-07
4.665197683184483132e-08
3.069885402576625480e-08
2.011050825254181697e-07
2.734093635630923393e-07
-1.228811146236321535e-07
5.957288771394432266e-07
7.165070622091495720e-08
1.011815421289428647e-07
1.461139730593353878e-07
1.718474718502935788e-07
1.556047554609080357e-07
7.950147532020033881e-08
1.308899811059179893e-07
5.790442149350706555e-07
8.441799174527160248e-08
1.108128763464856310e-07
1.431135937897693903e-07
1.788346811005070043e-07
2.279342023009268771e-07
5.005405799061426551e-07
4.811331415704973162e-07
5.801264251980596984e-07
1.061517056168228638e-07
8.946095791348004726e-08
2.230258091007735447e-07
1.164384121182102364e-07
2.263861600389193882e-07
2.720767478417810688e-07
4.047872971698995649e-07
1.012305967240018404e-06
1.282911754628596651e-07
1.267625979046993230e-07
2.120567886888178628e-07
2.565886429942530379e-07
3.615261404548256791e-07
2.237918089259900910e-07
7.888225795825150699e-07
4.558463435726957752e-07
1.642250105465879386e-07
1.551735369837786821e-07
2.734358362159959706e-07
5.257727722895183223e-07
4.862287365332565281e-07
5.640121779860957875e-07
4.877081741393117318e-07
8.017122123637014692e-07
