9.899054356410545311e-09
5.112178254697203136e-08
-2.203703594980720879e-07
1.255776127859353325e-07
2.600215163828415960e-07
-7.898343245159173004e-08
8.924162777147374001e-08
2.607134277497443316e-07
1.261660589260236482e-08
-1.912472089370188609e-08
7.889433601058168762e-09
-3.886659957315297770e-08
-7.058841691185505202e-08
-1.204651965354193297e-07
3.536346156977056406e-08
5.368589135288227119e-07
1.367286255869289178e-09
4.328397963522667003e-09
5.996992641194889860e-08
7.343723063310581469e-10
5.332778452572533552e-08
2.533791650274294133e-07
4.748180086054506139e-07
-5.877970825396955247e-07
-6.343528537174339471e-09
1.547046689310185880e-07
1.297825557124746617e-07
1.615137609508858065e-07
1.529684333562205061e-07
2.096808619126995028e-07
1.035632954227475501e-07
-5.885329980407435678e-07
-4.422991503257162202e-08
8.404167959108224806e-09
3.855298291907756164e-08
-3.462377540374124270e-08
3.477816698137128952e-08
-3.445053746657126080e-08
-3.968426406241240972e-07
-4.099897777936132450e-07
4.855762767294107512e-08
-6.731320748501540510e-09
8.761783765785309012e-08
3.158399760176941677e-07
3.322817009213446639e-08
5.790809858734923185e-08
-2.798211163147034435e-07
6.270806461677706397e-07
7.604673968168277093e-08
5.498699989025126581e-08
1.166690393404469796e-07
9.766920150622411952e-08
7.179952425786932230e-08
2.402222920655659807e-07
2.067332052212247348e-07
1.077721937287279804e-07
6.299669544638178091e-08
4.373799638616201924e-08
8.191886989099870371e-08
5.957340529098028890e-08
2.030103014601810849e-07
6.336985966479948746e-07
4.692247398789578316e-07
1.111423233432246694e-07
6.977651411056407152e-08
1.747422399559542216e-08
1.109681073541829184e-07
8.324005745348881839e-08
1.167118596338788774e-07
3.258209400224372779e-07
-3.312361771571813058e-07
3.368565726115303844e-07
4.639861933072802947e-08
6.457230387296756557e-08
1.114402504317113893e-07
2.621419851284570373e-07
1.319210881679966324e-07
1.824130069814624251e-07
4.708856228255569073e-08
4.946585084624879810e-07
9.164389669944530766e-08
1.078377916665930378e-07
1.383729986957426294e-07
2.948683005091632242e-07
2.029270116518266753e-07
3.082713338755167181e-07
4.322982734532639086e-07
6.152301549161787483e-07
7.498334277733452387e-08
9.345939812224586401e-08
2.206134192775817258e-07
1.466503654619324686e-07
3.787192428815147014e-07
1.446233840549048087e-07
4.024830140139765890e-07
7.329484432810534450e-07
1.344676713298761949e-07
2.352263621793609548e-07
2.255390637452604388e-07
2.197741427169983339e-07
3.682511348000633453e-07
5.689324139835356068e-07
7.737158593753346283e-07
7.335941772425407950e-07
1.829761821289596895e-07
2.133523516694611385e-07
2.151527092051638711e-07
3.082458883290602664e-07
2.981393969155450228e-07
6.501360832464950074e-07
9.013535636252629551e-07
7.057035763219860501e-07
1.680811393215980112e-07
2.214129102062004730e-07
2.151295150505669229e-07
4.548162766309681134e-07
4.013042632108128215e-07
6.880758138842318384e-07
9.531860274638490739e-07
9.210707658950331371e-07
