8.649307796587435020e-08
7.224242146328092453e-09
1.222804580815150933e-08
-9.430495303636227538e-08
-1.643607847473136203e-07
1.202229913716494941e-07
2.721499880407666580e-07
2.641588925911056035e-07
5.910601974334514223e-09
3.374504108338356305e-08
7.841910212467106882e-08
-2.831907795451793266e-08
1.160152891037924392e-07
2.269331407113313236e-07
-6.295049581483459136e-08
5.752549843561288550e-08
-1.305141589830921381e-08
8.945571998253198417e-09
2.375435343938689207e-08
-3.198489272928784705e-08
-5.074275033585559085e-08
-3.797774761443127415e-08
2.034851527017208659e-07
-3.345342190420669616e-07
-3.801504351781990453e-08
-1.978018649813777556e-08
1.186101880667289793e-08
7.041354357606074904e-08
-2.977822997059229743e-08
3.954597375139132800e-07
-5.017347182120765577e-07
-2.027970940924604320e-09
1.135513774314196615e-08
-3.710424080066756445e-09
6.383825856169584531e-08
-4.746193249334936042e-08
1.700841512000082434e-07
5.387087881442166983e-08
-4.759874582060394472e-07
-2.788595166645415929e-07
-1.244814600925206172e-08
-7.209424419129159999e-08
5.715532888620566336e-08
1.463564929143784475e-07
2.913446181172653951e-07
1.468857522164643084e-07
-3.724183905332241068e-07
2.618510525205613924e-07
3.984616340952269584e-08
4.064681856705731872e-08
5.251479906725713862e-08
1.942625999575570340e-07
3.438412180025138465e-08
1.976234630265037213e-07
3.985547290244383637e-07
1.327996669010704240e-07
2.555299353304978647e-08
1.057855119980632940e-07
1.001928687417528137e-07
2.158369122929582305e-07
8.253672131733590437e-08
1.069636937295182718e-07
9.464287253046504532e-08
2.408841430930822679e-07
-1.303254462556323471e-08
2.014914909702260989e-08
7.527663913132774064e-08
6.991086276923844912e-08
1.714898509270036514e-07
3.516698632539286235e-07
-5.968921322573079080e-08
-3.347178270947584503e-07
9.555115675621266170e-08
1.232099323152395846e-08
1.485833724294785538e-07
7.290404635699459253e-08
3.443775091179984467e-07
1.801062240498949557e-07
2.304171428459328931e-07
3.956675374168752665e-07
8.558571768641473689e-08
7.827804617866994292e-08
1.381530660738061175e-07
2.271694996734101697e-07
3.473682228638887196e-07
-1.079248337310426228e-08
4.240820704737565002e-07
3.625461260649179846e-07
8.962928023828861699e-08
3.915645672619417794e-08
1.844406602804196154e-07
2.741141231867315745e-07
3.400859063776366646e-07
4.582496051901630396e-07
5.782655693720517804e-07
6.958510115001795615e-07
1.234261831165543656e-07
1.131768132983263985e-07
2.214386019289183854e-07
1.673731796319307701e-07
3.435875235193678165e-07
3.944895762755211611e-07
8.894425893392222136e-07
5.999773708117190239e-07
1.682513746431597888e-07
2.210330754408738716e-07
2.447017550892207078e-07
3.816280647200091617e-07
6.064148677588750963e-07
4.468468913021286643e-07
9.337210669567841989e-07
1.355311578191998054e-06
1.788943440248279030e-07
2.334987248822213925e-07
2.967480451774873458e-07
4.727695145153558107e-07
5.568438865021931983e-07
6.484167290794911023e-07
5.163409566464707426e-07
2.056098041059167457e-06
