1.094750933794196993e-07
-3.285427862673921256e-08
-1.732989697396139120e-07
-2.039336146171101494e-07
-9.500714211460615571e-09
1.455626611576360598e-08
-6.000144103097508898e-08
-1.260507690438589624e-06
-4.547608197257968668e-09
1.467561708722127770e-08
-2.670518422418665761e-09
-6.853276055475525413e-08
-2.453823517370368212e-07
-1.076763036498925054e-07
-1.927359124198914485e-07
-4.638624541815034183e-07
3.039617178846048454e-09
5.964880508792186211e-08
2.608212400556460417e-08
1.057535391172650053e-07
1.359585586093916250e-07
4.754088849802671221e-08
2.143189834407932387e-07
1.145803241679557627e-07
2.408721679480887803e-08
1.444365374628200493e-08
3.046841794360522746e-08
-6.271651308699261168e-08
-2.614893398765492185e-07
-1.797000745961571985e-07
-3.393285853538150430e-07
-6.440928356545514659e-08
8.306925773405907437e-09
-4.826161630980951578e-08
-3.442567432448719354e-08
3.181228596771553948e-07
1.483715656880761342e-07
3.892791287011976062e-07
-4.421366462738821446e-07
-1.237117045767861602e-07
1.452309325389555699e-08
1.595497439063890425e-08
3.852383461378078759e-08
3.019727350798705930e-08
-5.074932289485264567e-08
-8.753494132825678633e-08
3.492022563996224233e-07
1.434685188232367454e-07
6.138503143657358913e-08
3.153462175909419092e-08
3.165921058865710066e-08
6.444557340881659374e-08
1.013873568516384118e-07
3.367603717559420994e-07
1.662511135003466075e-07
3.934622329559067780e-08
5.182938488179776392e-08
-3.167928463995380632e-08
9.745376981655878249e-08
1.624059664435766103e-07
1.627470685543227955e-07
1.549759501241107894e-07
9.430615004653973465e-08
2.883123590600778233e-07
7.943402868612373023e-08
3.987086264982055826e-08
1.448389607123124145e-08
1.460783261910806911e-07
4.581701458295540807e-08
-9.736187008499628888e-08
1.792513511078535233e-07
4.098244377244323409e-07
5.883657920405845669e-08
7.716713218131483486e-08
1.094387129944162357e-07
9.225713304374433785e-08
-3.585156809895363504e-08
2.190648670827956215e-07
3.191561293461460960e-07
3.683742305184646327e-07
6.716562306139975370e-08
9.824272325590522613e-08
1.014862695615187700e-07
1.595154370712942401e-07
2.256977285975532427e-07
3.185065805765143868e-07
2.894690181614919089e-07
2.650500007004691500e-07
1.106734247073543859e-07
1.250263095218446969e-07
1.798740423218990493e-07
1.289664496993565173e-07
3.177568039425395164e-07
3.956117800674090311e-07
4.329844352127898676e-07
4.464451042369414314e-07
1.176769112819425235e-07
1.543690444836558376e-07
1.820369726991306534e-07
2.773684958526228831e-07
4.347558041312816191e-07
4.268390783659293702e-07
4.952525571222719610e-07
2.241512162035545334e-07
1.249830902081326285e-07
6.299209303883397815e-08
1.834207485862719197e-07
2.798889993397319140e-07
4.648251373232778557e-07
6.163881266874039311e-07
4.547185921673508530e-07
5.781851021655139287e-07
1.474129376446535168e-07
1.744317526167938645e-07
3.440590716882594702e-07
3.217033188116077473e-07
6.636865057941010744e-07
5.277425893211407439e-07
5.868090385378901705e-07
8.371769630370532223e-07
