-3.891190209636180971e-08
-4.915617313750074344e-08
3.546304384163110229e-07
1.231067977305070449e-08
3.143492766683679965e-07
-3.421919051601642398e-07
8.662464314973721764e-07
4.315660720300589075e-07
1.480825428201092369e-08
3.134492047029995759e-08
4.723744396373990322e-09
-1.824828108252999935e-08
1.641912736622043515e-07
-3.327265556770631728e-07
2.763951016190632841e-08
3.936964177306797479e-08
-2.131306404759499394e-08
1.272816763741325772e-07
5.743889452429914202e-08
1.113787619511121745e-08
7.722245180410102580e-08
-1.033463426084172421e-07
1.123194728727645969e-07
-4.708167020321088262e-07
-1.219287272780754689e-08
5.470036469038094056e-09
-1.186643032017553570e-08
4.493178418482418280e-08
4.673700563893787431e-07
1.857410108750484349e-07
-1.254909654000911428e-07
3.598382223955298504e-07
-1.573260113772579155e-08
-8.763105524942780367e-09
-2.020804362570172457e-08
5.761757410718197092e-09
1.800604454804737601e-07
1.855401919886711071e-07
-1.766047685929292216e-08
4.479624063919004809e-07
4.278970651022211480e-08
5.328117183398158306e-08
1.031512984627560465e-07
1.161633673482464530e-07
-5.535148571677660730e-08
2.471216513983258317e-07
1.100556206047260049e-07
1.074445003180098390e-06
4.508779321124971595e-08
9.756236435262233779e-08
8.111719306443147656e-08
1.501430712089859138e-07
1.156669702682414210e-07
1.964337921816204179e-07
-6.263779037616072835e-08
3.784885827730566244e-07
7.055589117260265813e-08
7.864720708233823238e-08
3.015058438270925472e-08
1.710865369707953528e-07
1.071187131560525317e-07
1.396499035398826295e-07
-2.389968412823286130e-07
-6.193713690430521003e-07
4.996732331062815138e-08
1.315815020435059018e-07
1.162147308263368208e-07
2.003378264960495802e-07
2.588111060323385677e-07
1.282034140561785532e-07
1.603305299133732760e-07
3.586669384662327471e-07
6.631465684622085914e-08
5.158293217869976931e-08
9.343086966105072960e-08
2.090395696531745773e-07
1.740212603222312223e-07
3.416890852930780061e-07
1.747860498633602021e-07
5.138636278769293441e-07
5.592892467728797443e-08
7.480658487809202003e-08
1.835425697394353738e-07
2.239649538572540895e-07
2.730036277517661963e-07
3.520437332052890855e-07
4.703442401720594867e-07
-1.261295784743500803e-07
9.535849561968298614e-08
1.160626143028592254e-07
1.304701899463761480e-07
3.257028074512303623e-07
2.363354829585925926e-07
4.235847723033257651e-07
5.082768239300535703e-07
7.397017577324700542e-07
1.208713425230455389e-07
1.193133906429023907e-07
2.281504652972008929e-07
2.986374946059259134e-07
3.439247127086043827e-07
1.931460188677387341e-07
6.758601592297935396e-07
8.156823030686738830e-07
1.411555354613544719e-07
1.992280896065414943e-07
2.436655341360882407e-07
2.658450967958739175e-07
4.686804743907552617e-07
5.160583694327225468e-07
7.639907119466863593e-07
7.551813371450638643e-07
1.722150194002546725e-07
2.970505153777831979e-07
3.917420158736734467e-07
4.703474923329555037e-07
2.598377099115037254e-07
1.072878142502007251e-06
8.591012017686087862e-07
1.648588381652108297e-06
