4.379076266293806046e-08
2.106029881876183068e-07
1.006770233730835492e-07
-2.991836789235611142e-07
-1.337610565348264038e-08
4.077735589972045770e-07
2.919345268360878003e-07
5.532648554912333182e-07
-3.495902397717298148e-08
-6.938577671722286322e-08
-2.544763351269773982e-08
-5.571234053114717547e-08
1.479441562742607463e-07
-1.665804566186095091e-07
1.548696183728261579e-07
4.321920260226277422e-07
2.259889750354532405e-08
3.547684886412055169e-08
4.187732812287336249e-08
5.002546025072078691e-08
-1.252437441129464478e-07
-3.659434679372626653e-08
-5.931991106255023247e-07
2.529240101742355826e-07
3.730190808975935604e-08
6.518886956538955919e-08
-2.881006811382396293e-08
7.999948339369472557e-08
1.063480908627819129e-07
8.218534955824692369e-08
4.911123098389764131e-07
1.062927421660961479e-07
1.747900110065725048e-08
-3.241899293177031992e-08
5.960286699234357824e-08
7.267803192486263975e-08
2.070925878258296721e-07
3.186969378534582428e-07
-3.623694107454539096e-07
3.104487259385381923e-07
2.806887767390978427e-08
4.555230671298719886e-08
-3.848945044808143421e-08
1.610323108579048750e-09
5.878260132531381585e-08
-4.487564644158498071e-09
3.754161556901754532e-07
4.106414128315859414e-07
3.559053243838971101e-08
2.059579789887109834e-09
5.845634591944071661e-08
1.165013500394814542e-07
2.319771729913405229e-07
4.336835611916448868e-08
2.041112499356152000e-07
-8.225589637207262781e-08
-1.131271277295375283e-10
4.539880916952388076e-09
6.156931202379756980e-08
6.598896409379185032e-08
9.686955352055395739e-09
5.522581745575293846e-08
2.245095402062394091e-07
4.229844802603220157e-07
6.701609162153064324e-08
9.694652235341244124e-08
1.909658177967796889e-07
1.507895340185302678e-07
2.205304863427143673e-07
3.238167679686193079e-07
4.542197200637189967e-07
4.861991768028642303e-08
1.591376616260092881e-08
6.114933553552055154e-08
5.446163551161400244e-08
1.921718521735595400e-07
3.189426232905414676e-07
-1.177598176240177897e-08
4.962555880356786767e-07
-1.123451597381172543e-07
4.415687198403444985e-08
6.835782860034683751e-08
2.009509157929381079e-07
2.557399516165028920e-07
1.715076732106470698e-07
4.018050083782123006e-07
2.523750086313427149e-07
2.507503125290463619e-07
5.719137861196052606e-08
9.527184743138038897e-08
1.587754522854519453e-07
2.704099832120434638e-07
2.825386585706809737e-07
4.230543136327898812e-07
5.712871468439171357e-07
4.262914655739160753e-07
1.196685853348326943e-07
1.791032840010438195e-08
1.660164015567276193e-07
2.084197752381547883e-07
1.473860025619874886e-07
6.769574129240139787e-07
8.399392674400167056e-07
3.580409627373291484e-07
1.529869497115812805e-07
1.451669909494689386e-07
2.249515439531682913e-07
4.142000547281446474e-07
5.510649387955616981e-07
3.966419995337259773e-07
1.097364117265659211e-06
5.822177419810840567e-07
1.693720769479877873e-07
2.589378539637562663e-07
2.982156658726738827e-07
6.244227385506190695e-07
6.150222771368024504e-07
5.319023137913204845e-07
7.282270664011983213e-07
9.933938968748300023e-07
