7.285323198392971219e-08
6.333955501972130647e-08
9.310797348254336447e-08
2.134721292831052633e-07
-4.558486750204940615e-08
5.554722280262496229e-07
-1.046315065645957020e-06
-5.318487083202679348e-07
2.232856177384005272e-08
1.152410105804241846e-08
1.249544174358942180e-07
1.737909654363466964e-07
9.019678257292993588e-08
-8.772220539832090830e-08
2.145984410954262937e-07
-4.193661354969742260e-07
6.350829170265027741e-08
-1.379425559108224495e-08
5.063052405794816331e-08
1.686089085085688336e-09
-1.145954638806565952e-07
2.024115995167475380e-07
-1.486152449770651268e-07
6.410474048571888120e-10
7.604870234507922346e-08
7.478330667811463288e-08
3.590863332490131087e-08
1.005466738025582237e-07
1.357684814551781413e-07
-3.783547160902349535e-07
-4.757801364032250910e-08
2.725579285826179557e-07
6.419662256546202431e-08
-8.200670055017816550e-10
3.420625928616613249e-08
-1.823512288760719194e-08
-1.071532848307140944e-07
-2.689479434589081958e-07
3.969152227545313533e-07
-5.452518288599616900e-07
2.895133302593307760e-08
3.880335697081884619e-08
4.670219507865537644e-08
1.410671142668341638e-07
1.139975418676609412e-07
9.928921103902134641e-08
-2.988822043626986491e-08
4.466671217010840891e-09
2.801583473887825918e-08
4.756237657467115750e-08
1.396808369725359191e-07
1.623055121041988707e-07
2.990079335871335878e-07
1.187388171293672228e-07
3.360919274467669881e-07
8.292293328844717308e-07
2.098539179560979991e-08
1.712385497626962267e-09
8.374682964842569485e-08
1.022329140586207204e-07
2.479414565804727074e-07
3.797858317641243624e-07
1.179553162735478820e-07
3.005369280079425651e-07
4.812846000499582708e-08
-5.009799363214737622e-09
4.812208024062396631e-08
1.220022924828418506e-07
2.631715294680153837e-07
2.629376152987639008e-07
5.249646791783669702e-07
-1.052997038668580755e-07
6.468426963217124304e-08
1.152923645627810197e-07
1.719714084107623771e-07
1.402066800843222986e-07
6.557486276034138057e-08
1.374786358193326497e-07
5.479240459712075087e-07
7.587536621929951707e-08
7.288500135482838569e-08
1.233676423485376680e-07
1.530720917281675648e-07
3.525453247998795714e-07
3.084981212650758403e-07
3.579762429840626617e-07
1.706772365549572161e-07
5.552977206319344266e-07
8.627765658135652006e-08
1.306701567408932089e-07
1.607793441938198694e-07
1.232241798384162462e-07
2.876566553951614754e-07
4.113896629642381912e-07
2.001911851478637409e-07
3.610817271774097994e-07
1.088856244946426101e-07
9.892594632111205432e-08
1.442300624252372227e-07
3.224913974323603015e-07
5.812488101321734212e-07
6.561834504231824893e-07
4.221915260118234424e-07
9.062953748217916402e-07
1.576993539606790913e-07
1.343557687191848326e-07
2.325514861005520141e-07
2.150956455451462675e-07
4.326742603553771900e-07
7.154252357545278647e-07
4.248560507210310513e-07
6.353125928130628182e-07
2.453673273858016677e-07
2.351993267722463490e-07
3.111842847393290422e-07
3.955529906430154387e-07
6.638836691265718764e-07
9.125904881291941945e-07
8.786229402958111554e-07
1.789140445172490019e-06
