-3.574613723558099405e-08
5.524709879073431657e-08
6.330524757733492325e-08
2.400818671675973926e-07
-4.974112930481279724e-07
-5.627647249922521686e-07
-4.943277309525991708e-07
-1.991648783191984877e-08
-2.996262902796439493e-08
-5.451183591525468386e-08
4.676824800276859198e-08
-5.962782636627357720e-08
-1.140136020984931399e-07
1.340731532824983900e-07
-8.654144128114992088e-08
-3.347371961681971699e-07
-2.425316163808539131e-08
-3.985440831179561226e-10
-2.056520554499737480e-08
-9.918579061637617930e-08
-6.351168298043107201e-08
-9.864605677779766530e-08
4.391917255092196788e-08
-6.692145974023606558e-07
3.391944973783000709e-08
7.615378632021655678e-08
9.821890860240053924e-08
-5.886832287317687546e-08
1.423597236627923624e-07
3.876790311209337196e-07
-4.688922620718764746e-07
1.434077356163794710e-07
-6.080108894019674906e-09
7.873068557151159306e-08
2.846460967326803403e-08
3.928629443277059936e-08
7.814950823717736171e-08
2.403884182310719405e-07
2.589397065248955245e-07
1.277426255435263754e-07
1.073485716658743774e-08
1.663635804183196536e-08
9.529613391057488521e-08
2.323409959689229843e-07
2.126094264860399773e-07
2.711504962423668729e-07
9.078106544874292296e-08
-6.154467732718424286e-07
1.296045357620768881e-08
6.449047145934188271e-08
2.549974622993632666e-08
7.415948513730482983e-08
4.372887124123707706e-08
-8.320988907281157054e-08
2.720437069353941964e-07
-1.273252435854422451e-07
2.201551341495204112e-09
6.053176642423028469e-08
1.284537789687197473e-07
1.083962244036927315e-07
2.290074173783204212e-07
5.556289590982746042e-07
2.490375726607373601e-07
-1.229295736506164781e-07
4.386919008123236047e-08
6.383146007662197706e-08
3.934264138706479293e-08
7.848328129787353775e-08
2.375190453755079716e-07
1.301417141482554585e-07
4.567503201345683955e-08
-1.310591812016994069e-07
4.829454123519715975e-08
8.548539873141925173e-08
1.609349401277844216e-07
1.402291105234947700e-07
3.441176973510087038e-07
3.412076009274092258e-07
5.124424956948105910e-07
7.032651815433808597e-07
9.151411683083678263e-08
1.245765450856408361e-07
1.080863154300321525e-07
1.895566998950884893e-07
1.199986585850086435e-07
3.403396750349601479e-07
4.199606999015428569e-07
3.340852991993940335e-07
1.036679226680932474e-07
1.211295162189790252e-07
1.353943998274932928e-07
2.467035005879148711e-07
2.864174072094691936e-07
4.260126586093324153e-07
1.524352416592489743e-07
1.941331038581068295e-07
1.125703981521744148e-07
1.473345190906855354e-07
2.193627187791383461e-07
3.897194143560513749e-07
4.534742085735541342e-07
4.572031784662006658e-07
9.943881297028099062e-07
3.350097693889892296e-07
1.980330806095267448e-07
2.457593671886692619e-07
2.489428413163798158e-07
3.358274869994412757e-07
4.519580383772460367e-07
4.801656623093565803e-07
8.917903556839455785e-07
7.563645489598787115e-07
2.026077063797395898e-07
2.679825616101085879e-07
3.130233391814508905e-07
4.708180840103547276e-07
6.032694871694585431e-07
7.096559647877658274e-07
1.346826193408706107e-06
3.922933876661966328e-07
