3.612995366261207165e-08
8.293589705636483394e-08
9.248950881299210099e-08
3.223203133954641197e-08
-2.858362220029245705e-07
-8.592163508691690763e-07
3.434576191443257041e-07
-1.319492879766854641e-06
-5.685391915567926057e-08
-1.599333733818562136e-08
5.296758701354395981e-09
-8.831696502359741287e-09
6.218347736746240559e-08
-2.562662143427486879e-07
3.605362482016637940e-07
7.066417802993231049e-07
6.388945895946676325e-09
2.839624577860403434e-08
2.007018240874231205e-08
5.901202827240090714e-08
5.860514703022337125e-09
1.899902241298832260e-07
8.595247577453661840e-09
-6.268424104857816810e-08
2.859103941621624432e-08
8.927813588097893128e-08
1.061051671092696124e-07
1.476463208056864304e-07
-2.078305844500008808e-08
2.709088570626873912e-07
8.601248569673681268e-08
7.796511375154020966e-07
-2.034381891741426640e-08
6.016392520441513732e-08
1.352434316130135105e-07
2.207900461626745984e-08
7.184919918318961968e-08
-4.096951001589447886e-08
-2.716124881190019423e-07
3.088932502759462270e-07
4.075296877996597443e-08
5.257351342581531947e-08
9.327915897015235101e-08
1.129424221153385461e-07
2.781078361091189982e-07
-1.469818565723572546e-07
2.451911044361382920e-07
-6.556643806038603125e-09
2.082706724218842815e-08
5.249795801640003140e-08
3.354625049686033692e-08
-4.058604641132438564e-08
7.662193351567543636e-08
2.132639860432768442e-07
3.183961857493774307e-07
5.701353578283423323e-08
-8.479175100774248255e-09
7.276080463210241579e-08
1.260485075308740394e-07
1.243577759830160256e-07
2.044687572694921296e-08
4.251623853548681054e-07
-4.496069331746099714e-07
1.566022000843608544e-07
8.481334257302300634e-09
7.146349086629327220e-08
1.724993725152469533e-07
1.352816166750199481e-07
5.527006478792183832e-08
1.092726961667256483e-07
1.796923710584316293e-07
-1.037111717147712205e-07
4.791744356931600053e-08
1.220537084377901320e-07
1.322993513230144941e-07
1.931165994764760135e-07
2.281776114641842578e-07
4.755109948447673527e-07
2.890321707665942764e-07
2.669767036562887809e-07
8.359642801563516317e-08
1.143630175634917107e-07
1.405990892051220041e-07
2.005318117333503141e-07
2.826946160108684530e-07
4.066560987104262761e-07
4.522819122805131963e-07
2.783891842138553825e-07
6.524290308352724521e-08
1.184668774015851513e-07
1.669912678448723038e-07
2.234177474006684791e-07
3.689730502261101520e-07
4.648144108228618569e-07
4.777815002705912618e-07
2.473950011816209929e-07
7.490337231056566763e-08
1.247213178290999171e-07
2.601470669728499056e-07
1.870470500086324470e-07
5.773159435912808626e-08
5.654328795424931196e-07
9.516285756311753070e-07
9.770702732574249441e-07
9.838621860258080207e-08
1.986304175611124791e-07
2.325339087755463510e-07
2.834438976432674229e-07
3.604937966861535706e-07
4.893044784360622612e-07
8.374592293810086994e-07
7.044973771706441076e-07
1.386229153198404806e-07
1.871163715050207518e-07
1.909159381475825214e-07
3.727446272588164133e-07
6.585680919196246343e-07
3.031732592239827727e-07
1.192948754428814325e-06
1.228061055630526471e-06
