-7.112487313419602458e-08
6.627564791092208216e-08
7.075492588459526506e-08
-2.591833387146105235e-07
-2.483434523219703399e-07
6.533305766943187164e-08
-1.279086909643657807e-06
-9.276180010527152995e-07
-7.515173666875712091e-08
-6.676242775506926627e-09
2.631799671175529042e-08
9.642104915470527984e-08
1.694830064573492243e-09
3.010078306311729367e-07
-2.853907029389159797e-08
7.933939750503705669e-07
5.081131098231571963e-08
6.315232099793570962e-08
-4.990442219091767629e-09
1.183903893024454735e-07
-2.631786127958270254e-08
2.054315154887994175e-07
-1.023530093819292963e-07
1.809454269800993551e-07
2.996429648888586536e-09
1.984492895561513001e-08
-5.814197593801130102e-08
5.216837620523181000e-08
-2.824989894863435614e-09
1.019808472566794043e-07
-4.903468505600953502e-08
9.485390397323582952e-08
-4.133415398192376852e-09
2.269569293438299293e-08
5.214707001079646674e-08
1.179578330744418408e-07
2.098696517515438167e-07
2.161475364673343833e-07
4.598117544754853820e-07
1.445341871295273682e-06
-1.923018869681182729e-08
1.394102429998147946e-08
8.881100592619816049e-09
5.763634008559646112e-08
-6.541424807956223383e-08
4.843222969206477890e-07
-3.982574827895943647e-08
-1.164148765269034497e-07
2.821887294245529668e-08
1.041737576856551273e-08
6.728444094313552219e-08
1.058719730765095526e-07
1.942067197762372979e-07
3.846903419761289262e-07
1.862310579128068457e-07
7.829087452295159262e-08
2.321953411318686454e-08
7.031551126533646424e-08
6.152509179296814705e-08
2.998119071543767492e-07
2.309080166378633198e-07
-8.624225114328152202e-08
6.641146079967904553e-07
2.154926761901982294e-08
6.554929579235482473e-08
3.356945243492333350e-10
1.059300418377616814e-09
2.465459226205638901e-07
4.927115005347366223e-07
1.025646815444461232e-07
4.431818841408880294e-07
-5.274914468342187399e-08
7.337659092119661519e-08
1.416386625640333170e-07
1.687287116340666418e-07
1.139625798343254886e-07
2.743356538301538181e-07
3.195575672576344406e-07
2.882282095746915216e-07
-9.192342666731635759e-08
6.138795433631862592e-08
1.020385579984962149e-07
1.795451499286399877e-07
2.247933262193311726e-07
1.772845987438797263e-07
1.226940704847905616e-07
5.294715184138556293e-07
4.998440700196964292e-07
4.989320586470164226e-08
1.148585790184128596e-07
1.774061913185904776e-07
6.627907981933296097e-08
8.604329637301791779e-08
3.975696695153851339e-07
4.400641816594457060e-07
4.220321052993064907e-07
1.374156283252101391e-07
1.995283130233907972e-07
2.687407068689383605e-07
3.250064339087930322e-07
5.408097928591547529e-07
4.148096947831146715e-07
9.221639613449082846e-07
5.121572822165198213e-07
1.428074697888064699e-07
1.826235269696359197e-07
2.701558589554219715e-07
4.288457225819604168e-07
4.380653024968316841e-07
5.148438067638788877e-07
7.263471867033489472e-07
1.191152737913239687e-06
1.511931518092495747e-07
1.935021982020978904e-07
2.907726741602677006e-07
5.177839844574393699e-07
4.697379411341581786e-07
5.686116832457674282e-07
7.564284736836484683e-07
2.915673856476635730e-07
