-8.941464531586478619e-10
-1.146182131952572734e-07
-6.451961904361044984e-10
2.826776438885801256e-09
1.204488399121698806e-07
3.024799648727404182e-07
1.139305478582759207e-07
1.745309509432632687e-07
-1.988189295717206991e-08
3.949812565270305938e-08
6.617310725610467064e-08
-1.178284460298147569e-07
1.635091513153380880e-07
-5.051980044893479899e-07
2.614124204653906062e-07
1.210364424763784115e-07
-1.513805587611353779e-08
2.278004355793442495e-08
1.514628500901721857e-08
1.016539518809942957e-07
-1.957656744566699151e-07
-1.804184204678755985e-07
-2.170240721670499798e-07
6.926340972508765622e-08
-2.029090759599824893e-08
5.659368421304936873e-08
9.268905471957362737e-08
-6.709457404221569473e-08
8.555486622472849939e-08
1.760231088093905470e-07
2.935966623946186707e-07
-4.609987083687714211e-08
4.833036119714690781e-08
7.259406048172179911e-08
1.994730428341491880e-08
-1.426977482043295833e-07
-8.306586604309131999e-08
3.592193159963955475e-08
-3.047591565557762144e-07
-1.655203807936928121e-07
3.094897986713195183e-08
-2.757544584953943686e-08
1.312298368990063646e-07
1.347296980247647080e-07
4.679833367726213050e-08
-3.546937846993893575e-07
-6.684807136710885407e-08
1.023538434489706913e-06
1.257143467504234144e-08
9.266560953054877629e-08
2.861898624901296454e-08
1.180970859589887256e-07
4.867987357719703518e-08
1.695451975228089848e-07
2.042643390665662223e-07
-3.224343413107439696e-08
1.199519159958580824e-08
8.724605508349484359e-08
8.909981493199322123e-08
7.746365740106259422e-08
-9.512943285320224201e-08
1.679841279753442656e-07
-8.351345586564440274e-08
8.961119344510380262e-08
1.995329429640789167e-08
6.350521553792830839e-08
9.586600133773705987e-08
9.608997759002977533e-08
-2.506826370589547130e-08
-1.240167407860631463e-08
-1.388581589500491232e-07
3.587435220371378015e-08
4.778107789203081577e-08
1.107627621985833085e-07
1.353046265385110160e-07
1.787162859686118993e-07
4.232046582344164081e-08
3.145666553685600028e-07
3.444942074137935916e-08
3.422088039676128426e-08
5.577076334603006916e-08
9.936117308683594273e-08
2.327789410833555798e-07
2.257004314346447308e-07
1.891491907375576673e-07
3.079989788608554698e-07
5.460398608846837797e-07
8.231873255670760502e-08
6.942084915559159282e-08
1.433885232814925580e-07
1.546897823133884204e-07
2.066709964171579530e-07
2.651730447863425757e-07
3.079149592776576101e-07
1.865661891888741083e-07
6.392627514586448837e-07
7.435843246818052284e-08
1.598478999460306052e-07
1.018112638349599471e-07
1.455193175261066221e-07
2.895859186415662629e-07
6.412416979057354589e-07
1.973364719970960593e-07
5.212674408656107485e-07
1.464781172522613645e-07
1.187708204068388126e-07
2.493537590425722696e-07
4.206760438803577892e-07
5.125497838326344731e-07
6.548567359175467894e-07
9.573516817595999726e-07
5.885183900030415511e-07
1.215470348016348539e-07
3.084978543800132193e-07
2.815398523923649950e-07
3.833783669953947230e-07
6.303851921675321036e-07
5.433964409248587171e-07
1.596825187431339349e-06
-2.630013487315673006e-07
