3.302566635008450750e-08
-1.803899553590779507e-08
-8.407187394505361416e-08
-2.108592774343742925e-07
6.315205860675922113e-07
-4.427105899091584109e-07
-2.596919247134820128e-07
1.404338475328239840e-06
2.388699668710566842e-08
1.724321854504860634e-08
7.145399207203354454e-08
1.387442115814518937e-07
2.602720715338713694e-08
-1.032498164346652626e-07
3.931478376797373611e-07
-6.338127489427277102e-07
1.589967001542789197e-08
2.116158140056875954e-08
9.032256214779963283e-08
3.951460885625983026e-08
7.503360513827997349e-08
3.641001184948864796e-08
2.579167208473982130e-07
-2.362856399587359099e-07
2.639754057568387281e-08
-5.397138218848622167e-08
4.803667306251390374e-08
1.357985151195214292e-07
6.486700292267888070e-08
3.346702715481348150e-07
9.091331922502739900e-08
4.676938024805148579e-07
5.206737193747674452e-08
5.990323396925690504e-08
1.300447526500387043e-07
2.946818717554446510e-07
1.921733842839921739e-07
9.288221471271954779e-08
3.706701657241044713e-07
1.384878913762635138e-07
5.403273323007150182e-08
9.465013215190533323e-08
1.256501877055268094e-07
1.102863895501570783e-07
3.373035761342479305e-07
-7.478038305273920771e-08
2.392766225199191837e-07
-6.353985995995046269e-08
1.851869324294783620e-08
7.721775735624372956e-08
9.241804623047231363e-08
1.491708542928689795e-07
7.349462256812327770e-08
1.138772671267084364e-07
-2.880506251583283308e-08
2.422241014734058752e-07
4.234026327682985065e-08
1.075479808530881855e-07
6.960259373458917520e-08
5.911592071385306929e-08
1.013946490942547158e-09
-6.682809995154578470e-08
1.443598958277043898e-07
1.975281869852028476e-08
1.565570680939381761e-08
9.169290569585887308e-08
6.982272973762392384e-08
5.658967471021088262e-08
2.161449105975118627e-07
1.500865591271480902e-07
-3.362202388029112580e-08
4.181632960455011528e-07
3.642947728375678975e-08
3.893407189859235484e-08
1.149974408042043032e-07
1.492571835057256797e-07
4.796997973856408053e-08
-1.582531336056273004e-08
-5.088126350745115735e-08
3.533675040141256960e-07
2.959828664825256868e-08
1.010657028906358782e-07
1.218323292976569905e-07
2.927125547724256289e-07
1.862343701237184966e-07
2.917024297072561740e-07
2.045399024531285791e-07
5.045456555566438110e-07
3.994446156883829822e-08
1.206462959899471439e-07
1.033956848463315643e-07
3.585610744197306408e-07
3.006695467581981427e-07
3.176014501155653677e-07
4.549728038531300563e-07
-4.324866486387918497e-07
7.613835192727530918e-08
1.320516738529745146e-07
1.732373052962978418e-07
3.081828510994723892e-07
6.863067406075140417e-07
8.016165552853194462e-07
2.789913398857924590e-07
1.259661782795053550e-06
1.225895645847457751e-07
2.213660621481845346e-07
1.749784666615660207e-07
3.169993847602265576e-07
5.196852365511311922e-07
5.188645860577438124e-07
6.496017951229222087e-07
1.228947060738189246e-06
1.359951967964089552e-07
2.533895731516215519e-07
3.298839275237385147e-07
3.981427323895448948e-07
3.270159753414654874e-07
3.989081979244513757e-07
4.209285623783359706e-07
8.157643280568904090e-07
