4.849267093028190978e-08
-1.234298548314607467e-08
-1.393495201645003294e-07
-1.776830798132006438e-08
-3.630370440170892580e-08
-5.301993147448269303e-08
-3.755117986710916736e-07
-6.247331034685164121e-07
-3.143379437872614159e-08
5.653691967428320738e-09
9.331096069354563536e-08
6.841647224368061919e-08
-1.501078863237091454e-07
-2.321790625199237427e-08
-2.307614698248243966e-07
-8.364279877943758038e-07
4.483922327552969005e-08
8.251510353462114785e-08
1.108951091353037027e-08
6.873642898409791791e-08
-8.738947268448884085e-09
4.064087845837498886e-07
1.203808337395308880e-06
2.529431426176176762e-07
6.155599618849005397e-08
6.587210472229980443e-08
-4.121422272071320226e-09
-9.779038823959316430e-09
-4.605267754847667192e-08
3.994372201668728584e-07
-3.962149837700349483e-07
-9.969309258845897407e-07
2.761376687290259061e-08
-3.906019248365999712e-09
1.020602699095726440e-07
-9.724724058945930145e-08
-3.880959747209911573e-07
-2.298282323138788909e-07
-1.460012506811375130e-07
-8.958457151035682922e-07
4.927944356715696240e-08
-2.306961453847064032e-08
1.733861239075362041e-07
7.441264744421293885e-08
-1.394474720909891621e-08
3.966335414229931719e-07
4.774128269566158949e-09
3.870349025240671589e-07
5.840318140041430351e-08
3.477972513971298204e-08
7.844014862688263934e-08
3.134708435203141560e-08
1.203306205404561138e-07
3.624318431527803505e-07
2.395853060909290490e-07
2.316876817223226295e-07
3.658457474927626226e-08
7.393159574010803745e-08
1.369282039915544388e-07
7.029423123634005758e-08
1.944841682949257387e-07
2.254344797409638248e-07
-1.940640934320049644e-07
-2.451830582470423516e-07
5.246485308792922938e-08
7.103702511521332963e-08
1.474209549817824414e-07
-6.427650422202983594e-08
1.859879193169165913e-07
3.938911972733611329e-07
1.498122822715453251e-07
4.813093501003130378e-08
7.810664117074026326e-08
7.231892919730937125e-08
1.689632311786835522e-08
7.221461303977264463e-08
1.310227583521238685e-07
1.764508038352682648e-07
1.448889550195986385e-07
3.369728358910595423e-07
1.075450207392226939e-07
7.928331188713839476e-08
1.625413979647301707e-07
2.010074580923275061e-07
1.157284283758269105e-07
3.840549658922622425e-07
5.351035366026026208e-07
1.124264965562673976e-07
8.119820834953613660e-08
8.176628021259375773e-08
1.107449106142844874e-07
2.313665406351172768e-07
3.092468535993774136e-07
3.588608276557544923e-07
2.584575978335812877e-07
3.189645187803064144e-07
1.736957186041094088e-07
2.639715196172176142e-07
1.597359180463894423e-07
3.911372046094093576e-08
2.820586117305631804e-07
5.491019990713076924e-07
8.518450814667284863e-07
2.710751046210757818e-07
1.306960879078685930e-07
1.605518512904384220e-07
2.653779654328667524e-07
3.135742181053069172e-07
3.924569208993434316e-07
6.296253113807231960e-07
1.105286575249656962e-06
5.040839733058453436e-07
2.039318765014157937e-07
2.260208263563170223e-07
3.639388429430686394e-07
5.412795358585019794e-07
4.995954003940706335e-07
3.648975939140486543e-07
4.448486455764683078e-07
4.102431312231056477e-07
