-1.010046239507997565e-08
-8.300062156277217574e-08
-1.420625569548441713e-07
1.101244813447688645e-08
-2.285680569197252655e-07
3.665812903704243279e-09
-3.260202387703897734e-07
1.209538310532766598e-07
-3.802773649776377859e-08
-1.001608827916165725e-07
7.422198814427902353e-08
-6.730393180222999269e-10
-1.873072279227121388e-07
1.735165827410395691e-08
-2.549593708970494676e-08
1.329015018402957772e-07
-1.138251709634682632e-08
-7.483779091224847960e-08
-8.497882788506034310e-09
1.103347158801867434e-07
5.662776482944593612e-08
3.198965268736122557e-07
-2.502951045709622903e-07
-4.910270841421507969e-07
2.521082672534075341e-08
9.634993554298498991e-09
1.255914218818374199e-07
-1.928073353453676769e-08
2.621127566325556827e-07
3.438712774333043180e-08
-1.408986791277466208e-07
-9.794101954602507301e-07
-1.502001259327095078e-08
-5.649169469100784613e-08
3.583447957489910751e-08
7.028013571363900053e-09
-1.961289808463005176e-08
1.048174447526439639e-07
1.169569850128913963e-07
5.325069194983860226e-07
-1.373250303602232437e-08
3.711877241153315756e-08
-2.201849039199391391e-08
-1.301349787212922495e-07
-1.370432089764112529e-07
2.904000955832457979e-08
-1.025069835878481418e-07
3.504442239853618709e-07
3.214831644494214479e-08
3.857612146544182816e-08
1.296102327788626256e-07
4.102427619666276561e-08
2.086965426594295346e-07
-6.792627009348154278e-08
-7.347259734827642235e-08
2.728106640005511990e-07
2.077303611032391224e-08
7.288800584673447620e-08
1.004029716861412788e-07
-2.196731731643018693e-09
1.499394184147219533e-07
5.455696927443790412e-08
-4.111421908946887324e-07
-2.863213808483136764e-07
3.118496013027847633e-08
7.380780644533647175e-08
5.625979468886794354e-08
1.078823953854885222e-08
3.887441341924938354e-08
3.351879598126699128e-07
6.994485329468250239e-08
3.744853157385287273e-07
4.371345745180469317e-08
1.070449560793645015e-07
4.093474879460925893e-08
1.335134187088853081e-07
2.899742036405849667e-07
2.996806094471669898e-07
2.006274521114960708e-07
1.030728348309793362e-07
7.728972662954806420e-08
1.096933423151464280e-07
1.477589451082848033e-07
2.073963489557252522e-07
2.627044211313980899e-07
4.012887609463413305e-07
6.273387399588098862e-07
5.545452773535487655e-07
8.292729900344203556e-08
1.430903358069321481e-07
1.516402190233522487e-07
2.079304396149549069e-07
2.506744481320174922e-07
2.678605370210229410e-07
2.208247638526183166e-07
7.472974003019401603e-07
1.181156342054240643e-07
2.029345209747285006e-07
1.889343604045800713e-07
1.580404957234156090e-07
3.351652029508283799e-07
4.082539165722569254e-07
6.304407353255830457e-07
5.236058609602641316e-08
1.444369843984507899e-07
1.665542217370519176e-07
2.153863800072907790e-07
3.389391205317752520e-07
2.951552499003874218e-07
6.121842087265606534e-07
8.001959340928566746e-07
1.056625474426476059e-06
1.214173947731749113e-07
2.418188363032107863e-07
3.560856969463088735e-07
3.968914861055463333e-07
6.286812607583769799e-07
2.857079404532025173e-07
7.935114250480519117e-07
6.433511925464881179e-07
