9.614351053767291694e-08
-6.959352441531130664e-08
-1.041482236145143321e-07
-1.062321265039684323e-07
1.373529418482243224e-07
7.076273891375240004e-07
-3.928945119444304848e-07
-1.795752627766180499e-06
3.921358643264700903e-08
-3.126142567902723545e-08
1.269094071493823856e-08
1.367331603178035149e-07
9.736205015456735767e-08
2.293295392598838147e-07
-2.491499306309228555e-07
-7.480822436491105134e-07
2.416287363246071339e-08
-2.799023558604042404e-09
5.532061610698065121e-08
3.354404994972219736e-08
3.184772718899025857e-07
3.348523513286921037e-07
4.015737246011138960e-07
5.377541152778732406e-07
5.089966982130917492e-10
1.109743688202394950e-08
1.974036938039846518e-08
2.637398976716938199e-08
1.845975761678326370e-07
2.279623198758995447e-07
4.125936681567422908e-09
-1.118378955450964081e-07
2.127492522342467918e-08
-1.274695432362341000e-08
6.142551259112691669e-08
2.348942703573154214e-08
7.455748807312465269e-09
-1.230778392611391032e-07
-5.115454496429732935e-07
9.119239595464142745e-07
-6.932134104081822192e-10
7.203747724814462318e-09
5.533911825884168945e-08
1.044085092138544955e-07
-1.553877812331822026e-07
-1.550795421991636403e-07
-2.502633299058267992e-09
4.646877243970497808e-07
2.376501963997347102e-08
5.580774602694371863e-08
3.777564027256111187e-08
-2.596643117314001699e-08
-2.727504557130997402e-08
-1.618213375743634679e-07
3.505190507494170452e-07
-4.801639518770522896e-08
5.975480688102991732e-08
4.636139656647707438e-08
1.096922273451784363e-07
2.328170340825937629e-08
5.430012087911324981e-08
1.274799142274635840e-07
2.481786723168349930e-07
4.356785874879172395e-07
4.753357257362046920e-08
4.822703078902234933e-08
8.782909099406499671e-08
-9.629454580900044685e-09
-8.740405189595352642e-09
2.190562521843465174e-07
-2.585996000345426168e-08
-2.025652675014829217e-07
9.639555041549149212e-08
8.923960877086168751e-08
1.397129361652405187e-07
1.917243803339122252e-07
2.971980232259190556e-07
2.920509585509492509e-07
4.592659660561635654e-09
-1.611265495070842042e-07
1.255974766731318049e-07
1.224443333269018026e-07
1.781144869971128310e-07
1.351482641165702277e-07
3.427281368700650574e-07
2.552747779742570838e-07
4.519411629136419131e-07
3.625001531258096937e-07
1.244768275595105428e-07
1.172489231614171813e-07
1.507742852613021986e-07
2.048286950280498594e-07
2.646804287530239128e-07
2.040596999140566085e-07
3.517185364048513735e-07
7.506265598851993556e-08
1.611961519873095986e-07
1.549971678676078723e-07
2.070812533330476021e-07
4.029467661113554112e-07
4.205492295847123488e-07
6.646138004252356731e-07
7.774536778290190588e-07
-2.439038062145712820e-07
1.885881422407902447e-07
1.327105300020486736e-07
2.702672909035152355e-07
3.334672920654511404e-07
4.096168420737086122e-07
5.804781611580122691e-07
9.658839671319015666e-07
6.059342692937945435e-07
2.300553930587280506e-07
1.957051654913578644e-07
2.627914711593119437e-07
2.962284927712390449e-07
7.869968005182884278e-07
7.895332855544072653e-07
2.297438566334087526e-07
1.252322731893694127e-06
