-1.056792771136180367e-07
2.361519908722758917e-08
-2.079375630801490056e-07
-4.099301391736578941e-07
-3.424690184966583047e-07
9.513404747862412798e-08
-8.460223925617282652e-07
3.188268715886751220e-07
-2.939537698135333456e-08
-4.546807887695876252e-09
-3.880040481052674020e-08
2.018940872869719492e-07
1.200482030238335873e-07
-1.588322725758365257e-08
-1.389792143323257258e-07
-2.037204535952130457e-07
-2.561413230818975089e-08
-3.472329434374153461e-08
4.360429393042577810e-08
-5.199006500326612121e-08
9.093659274673695843e-09
-6.137784272838711469e-08
-9.365572835607689588e-08
-4.149411800207847864e-07
1.488802349094071123e-08
2.681262815380440517e-08
3.486968480683638903e-08
-1.941964368530001296e-08
-2.571339896485647546e-07
-5.417166360945893166e-09
5.527786390793598307e-07
5.539380987148964742e-07
1.117593446200169427e-08
1.063982773881359304e-07
-3.019053649789591223e-08
-6.162125423479738864e-08
-9.281651887003958148e-08
1.122784707244319349e-07
1.443281659595122622e-07
-7.978548386064829897e-07
5.810068219384847604e-09
1.123964360494330308e-07
7.894897368322247526e-09
7.625926293246636348e-08
-1.177291589260720522e-07
1.401193398596627357e-07
9.521105235491951841e-08
8.988348360368314563e-07
1.058406795177237839e-08
1.168176860408791270e-07
5.950459172174921173e-08
1.371771063725059514e-07
4.993216708396549297e-08
1.302769051523303741e-07
2.872956652074818152e-07
-3.434036941904471765e-07
1.955918075767091949e-09
8.349444133024115720e-08
1.591140105197949114e-07
4.976138185665457025e-08
1.416176104343312904e-07
2.854678028072241941e-07
1.865077007634206725e-07
4.570497967075038908e-07
2.997869909757815580e-08
3.311701540146917166e-08
7.216171133187635471e-08
1.895731256513578309e-07
2.975306443971328778e-07
3.319319256257010973e-07
7.515940745047420931e-10
-8.051085404419129560e-08
3.163368581078086297e-08
8.391548577453996971e-08
1.741454009249812572e-07
1.748821388949837883e-07
1.624254360288920493e-07
6.468073029998648090e-08
3.617189183930597943e-07
-5.699567595795061659e-08
7.325611842220348873e-08
1.205934541244110933e-07
1.592133462416861033e-07
1.862125595210174200e-07
2.375938044401697571e-07
2.419572918592702415e-07
6.653833075344246633e-08
4.759905762950713793e-07
8.613546935656764194e-08
1.520970822842165007e-07
2.374282063061409804e-07
1.379907238563698798e-07
1.334432059882743826e-07
3.282006165671599193e-07
3.661631787466991733e-07
6.384190562290150363e-07
1.388630213072505219e-07
1.169801618246162808e-07
1.561188367851963233e-07
1.934471215532836819e-07
6.535573587961236023e-08
2.843182819912082306e-07
6.693462894407030697e-07
4.704298534382541659e-07
1.681246707429327294e-07
2.299790378672570759e-07
2.466377523832526980e-07
2.967788876635583322e-07
2.720838856408183254e-07
6.068668097401774638e-07
7.637408061618894837e-07
5.821306460153779886e-07
1.536276575824111236e-07
2.696063768947909144e-07
3.294665160322011877e-07
4.408281524608128470e-07
4.764492757002568798e-07
5.903301167792393584e-07
6.059813773819394341e-07
6.369378577069544431e-07
