3.014496236219642742e-08
1.993279430281300584e-08
5.722117419122872826e-08
8.766383794727931742e-09
-1.782491673121052446e-07
-2.906907963095837064e-07
1.443867895816406206e-07
7.827282144532208618e-07
3.215052217600318377e-08
9.648789466630723430e-09
1.062023847969377415e-07
-1.691558792027960663e-07
1.746571370120003269e-08
-5.684062062295281350e-08
3.185183557158303341e-07
6.539426148243918598e-08
-6.020684977904814986e-09
1.482515780450598309e-08
6.257731286939417896e-08
2.448467423604388822e-08
1.359081014592378623e-07
4.399661920760481851e-08
1.147605032920970369e-07
-1.546504769641874023e-07
-3.359195877182579232e-08
-6.221265323194667272e-08
-4.671932405415363572e-08
2.449696999336463965e-08
-7.362664149842102272e-08
-3.799539149617470109e-07
-3.544709622025188206e-07
1.483520037654469338e-07
1.771564667323469473e-08
-3.790880043886305755e-08
8.043814518347698984e-08
1.135557222864712927e-07
-1.727395486185525315e-07
1.005794659880490664e-07
1.379462718066120720e-07
4.284507295019548472e-07
-5.105951902302333900e-09
1.581044386187870468e-08
6.784476655754594577e-08
8.837421105269842499e-08
2.403971659245438022e-08
1.656960029884584494e-07
1.112562291711698050e-07
2.148822845700586289e-07
-5.523791111067433351e-09
-1.763958252176605879e-09
6.435963002424536167e-09
8.030024525808515512e-08
2.210430747956793843e-07
1.192519108897570037e-07
5.785033517088019132e-08
1.744220515664644519e-07
4.652609628120313298e-08
5.336380365319411000e-08
5.310805641689426365e-08
2.047410367295418194e-07
1.959347709239087047e-07
2.177229612664656739e-07
2.192467783016038353e-07
3.564175303172395125e-07
2.536060979746741709e-08
6.727846763429421881e-08
1.245368643429394023e-07
1.358338400472897428e-07
1.240175078244770199e-07
-1.765292986862278196e-07
3.800094401184628578e-07
9.365826923479483870e-07
2.502940188791621082e-08
7.861600184346078200e-08
7.784443412946778639e-08
1.344843216299101346e-07
2.756613529544248158e-07
3.819771495964964479e-07
-1.143627626427959792e-07
2.428560951025149300e-07
2.541698260095473150e-08
7.907122626701472860e-08
8.394955401297935461e-08
1.627593931123634779e-07
1.246295964613458801e-07
4.943618408422436561e-07
1.867399144261195868e-07
4.985748791375026837e-07
4.408475666767439135e-08
7.704585886864615913e-08
5.638262432455109815e-08
1.086310295795639120e-07
1.129150038801937709e-07
6.324528847053589129e-07
4.635428221391151030e-07
6.872680917316881789e-07
7.168308453644595782e-08
1.372265823784747366e-07
1.393366041823288100e-07
2.903532659971071093e-07
4.310250196294216593e-07
3.636666078729467031e-07
2.152122921309866396e-07
1.248218401973982341e-06
1.216086024682320570e-07
1.873454058445533918e-07
2.170035742097508402e-07
2.662422544384586155e-07
5.911133682265519241e-07
5.316310699567173246e-07
4.033335129446817446e-07
9.994982347343234307e-07
1.463612375924465100e-07
2.693433665802245927e-07
2.095988188246920012e-07
4.771825137369836200e-07
3.178100315764122915e-07
5.391836458502458774e-07
3.185438857552470309e-07
6.104011272909082496e-07
