1.477700200098824050e-08
8.281988528615977409e-08
3.091050710483471652e-08
-4.629584685344599085e-07
2.713604372358433668e-07
3.345721961012992206e-09
1.802423481792339703e-07
-1.197742159312593407e-06
1.074888040952563733e-08
6.944346542496707166e-08
1.507594526945927507e-07
-2.429590130087598885e-08
2.948357480269485050e-07
1.480495221109548231e-07
2.134604480265326032e-08
-1.306864706687136859e-07
-2.487897813471717589e-09
-4.674236542000078709e-08
-7.329332629733631601e-08
-1.193184792288296835e-07
1.030286689636006047e-07
-9.991032338473196625e-08
2.268311280815598587e-08
-7.034633630159629950e-08
5.674048427059748567e-09
5.320552774939562970e-08
2.134725968741635701e-08
1.577986758158131207e-07
-9.382011440383554958e-08
1.062721548819466293e-07
2.912129404751866175e-09
6.385043922563640014e-07
4.149895605009520182e-08
4.102076262335999834e-08
-4.649273660243998120e-08
8.022217459982898672e-08
2.290346213679100187e-07
1.189923341063501266e-07
-2.899371420677434416e-07
6.040417338670339769e-07
1.411660783375460110e-08
2.972126825666963559e-09
-1.500668301147884973e-08
-1.166731295805608621e-07
3.226829186308568764e-07
-1.285172193137631446e-08
-3.004311510186450386e-07
-2.975240382254710286e-07
3.460385000960518342e-08
2.732550139513011561e-08
1.227976910550626237e-08
6.023892691047164910e-08
-4.041580307663306537e-08
2.113467854267795166e-07
-4.566256255845319229e-08
1.380463723754464707e-07
5.522106976655644035e-08
1.350040288329625833e-08
2.065275208558855010e-08
1.174603060216097883e-07
1.264183263578750256e-07
5.145591048337369673e-08
4.225041465782866873e-07
-1.671830505514469218e-07
1.328926243845597907e-08
3.046016582469169799e-08
1.030906257745285112e-07
1.030499549265119064e-07
1.776665951974292570e-07
7.357189428513069695e-08
1.844290285068080678e-07
1.933194437145443461e-07
3.603010744155805378e-08
1.373910410884783674e-07
1.127521643343450160e-07
1.617565952670879348e-07
1.363423505091758998e-07
-1.508392062031373185e-08
2.900880728303123247e-07
4.063376526818774344e-07
7.765035578929228734e-08
1.469843252618868929e-07
1.649908903031407796e-07
1.754903669557921060e-07
1.820969773486085213e-07
3.686746029235814816e-07
3.053299139072034651e-07
5.860096385688909399e-07
8.972725907277233923e-08
1.530168099701319758e-07
1.290855006726667232e-07
1.558548582666141049e-07
9.375184095747773864e-08
3.418504473511547541e-07
5.755827531099284161e-07
4.749487599010186974e-07
9.384322758638545586e-08
1.335542237624149325e-07
1.895707965882469632e-07
3.788296412407855591e-07
1.255516187899042300e-07
8.518936832203144406e-07
6.907520438709926646e-07
2.028351476519925005e-08
1.384011698486592511e-07
1.884980883744915829e-07
1.980184467012843288e-07
2.732175836201880225e-07
3.644157262131597431e-07
5.693891009323652263e-07
9.523160832508682617e-07
6.443217090377390176e-07
1.579126517212183233e-07
3.032963164527524508e-07
3.026974157541859309e-07
2.049658531487875906e-07
5.479465728400612694e-07
6.655272233727337673e-07
5.184868744685960125e-07
2.994902287896329889e-07
