-2.777564242947855498e-08
-2.144007175964402030e-08
-6.027877190437651838e-08
-1.582950038111265191e-07
2.487102673157687715e-07
-2.908093433882656892e-08
-7.149794212767721759e-07
7.018958285902530155e-07
1.871180589405188821e-08
-2.887808899479437455e-08
5.974785633457776980e-08
1.948526849197927562e-07
1.585462319965032530e-07
1.516129949128544487e-07
-4.188576429655689110e-07
8.595500140655292632e-08
6.083137572489179648e-08
1.886576333042030551e-08
-1.522828513932474435e-08
1.123148354665110394e-08
-4.524349997702804704e-08
2.193797866030170630e-07
4.380761062433093394e-07
6.033075438594199321e-08
6.716051108908254899e-08
6.583424941047614570e-08
6.242970902943602321e-08
-1.418984288328938583e-07
8.027655151734434865e-09
-3.383177900371448349e-07
8.370229628936512167e-08
1.349968955626695463e-06
1.503147919480468168e-08
-4.133192265558015888e-08
-1.621325937839066846e-08
-8.408949811798738759e-08
-8.182613666805247473e-08
-5.910237607283612111e-08
-2.229363202115829553e-07
-2.590824079003950278e-07
4.681231712522461741e-08
-5.682474814765268566e-08
1.219274830309062294e-07
3.730032190184657636e-08
3.093017457672851003e-08
1.819389935298109293e-07
9.143308635671327787e-08
5.108993948217727051e-07
2.942015149876709893e-08
4.509186249560196197e-09
3.638557962968570963e-08
6.277875766934450755e-08
3.337124468966767217e-08
2.189119415190979936e-07
2.524067448234414015e-07
-3.105383482812248543e-07
4.140485709541952206e-08
-6.946631329218691887e-09
9.062323115125041947e-08
9.984092975670802159e-08
1.427893575851668819e-08
1.745969452123369694e-07
3.498333359083122117e-07
4.678561567978309085e-07
5.081666352494039011e-08
-1.789565568319485442e-08
4.532215188125141630e-08
1.273810111277995447e-07
4.172215305467886901e-08
5.475435424850700160e-08
8.490912058826941911e-08
1.857867357095783062e-07
6.230714830617933958e-08
4.926191339418682961e-08
8.790797301045555310e-08
1.383519699918584954e-07
1.676615893436286414e-07
3.913989746775694028e-08
-4.414062154408997217e-08
7.463921875844582865e-08
1.041239161971607352e-07
7.026615249459035723e-08
1.279846751027104507e-07
1.574298749588862357e-07
1.962822153490648941e-07
3.678645471536459964e-07
3.492226889285282730e-07
3.230087857473583105e-07
8.191251087527343234e-08
8.560503289161978373e-08
1.632169745002877647e-07
1.493173698669258086e-07
2.037162046251925779e-07
4.549852907935215223e-07
-2.066510924056808234e-08
7.155110219063244369e-07
1.422629079235090258e-07
1.924036991139581718e-07
2.565659067583961365e-07
2.198671316915256306e-07
3.956683713771834163e-07
5.925681037081784846e-07
4.665178482180982256e-07
7.157180199709699806e-07
1.534185397506230757e-07
1.953936176334174281e-07
2.721368495664862169e-07
2.797317378242106821e-07
5.118815732716256688e-07
4.617569360785764172e-07
6.181750229483049363e-07
1.025691789584324778e-06
1.891634791022896856e-07
2.331130366255706271e-07
3.337124443119630418e-07
3.028568096585039194e-07
5.855430531025586943e-07
6.917927096114139075e-07
4.288990758796672891e-07
5.712085754082821724e-08
