5.354592201749631599e-08
2.216442994679902251e-08
8.218793177106593281e-08
-4.065405511782283050e-07
-1.636297823394134541e-07
-5.811441144957697297e-08
-2.005261353884768830e-07
-1.409919108179850832e-06
6.296954901698927819e-09
-1.213332835196459015e-08
-7.771051165805518490e-08
2.461490779109881145e-08
2.412033464297248715e-08
-1.201285238933664899e-07
1.113960331963891029e-07
-3.821142736945266377e-07
2.659099476853671435e-08
1.513721547009025022e-08
2.765290828211780942e-09
4.725584486325443519e-08
-3.299274332947415477e-08
2.683046916288598753e-07
1.103544571793706352e-07
5.459183744100424942e-07
1.051125921533116783e-08
5.672165754839215195e-09
7.739274473293107919e-08
-4.898343611379674826e-09
3.878438876430564442e-08
-4.233206800842491658e-07
-8.918755742731066379e-08
-3.387909268475604922e-07
9.335264777244533574e-08
1.975719658351865059e-08
6.120889949505668438e-08
2.290568265177886880e-07
-1.195149852844083788e-07
1.866945160786992040e-08
-2.596498546238969392e-08
3.708780367956520534e-07
-1.261809256353369038e-08
6.527288844413552760e-08
7.792642185671296979e-08
4.270145131729450657e-08
3.558425565589570911e-08
2.265564380391521735e-07
5.325125257042050831e-07
4.584565714401163533e-07
2.841804068407590119e-08
5.230077543135106916e-08
2.431610413331683586e-08
6.896803260592857521e-08
1.659605135604423339e-07
1.619604311727061310e-07
1.800890338535394633e-07
1.570641595246710578e-07
1.695434816405361178e-08
8.411971278850985509e-08
4.380256663008937244e-08
2.845114315869511375e-08
2.160313633402436096e-08
1.261911901916444560e-07
2.453426221017907358e-07
-1.245684636531742565e-07
2.121371769800779331e-08
3.566847020907684460e-08
7.259283221578965669e-08
2.927801212054947399e-08
1.638064015334487803e-07
4.088424557456235277e-07
4.525325526492966353e-07
5.958349979874624110e-07
5.288878132575294761e-08
9.361767997988269172e-08
6.955199108132280623e-08
5.862868350037869499e-08
4.300683640469842098e-07
1.274946071122487747e-07
4.884386817342070781e-07
3.583672514673613137e-07
7.210457707081813206e-08
7.386684107428996554e-08
9.017728627115304000e-08
1.360147150610302483e-07
3.764023869607033743e-07
2.981229898779753407e-07
5.180596331372786962e-07
8.613009878967522958e-07
9.994843700863692998e-08
1.125821486582210607e-07
1.413818155120761561e-07
2.243833953911887284e-07
3.398325343680304423e-07
5.112755240347176824e-07
2.023854072754608214e-07
4.537209840002346133e-08
1.235893258136764160e-07
1.304138712023265523e-07
2.607700593674226968e-07
2.574083660255805294e-07
3.382673092987997164e-07
1.129556652875431463e-07
1.229163580376230905e-06
-2.704656909911687804e-07
1.430305095319400238e-07
1.727199505639492470e-07
3.910605227710328070e-07
3.468068091019769817e-07
4.787640127123172030e-07
5.811125961405598110e-07
5.752362677958625942e-07
6.629448730918762616e-07
2.657244780472698030e-07
3.014700164807199081e-07
4.037153379168357583e-07
3.768928779059526542e-07
4.188841339702224148e-07
2.855232675971298762e-07
6.827172856753331878e-07
7.956545864501523449e-07
