-3.983024122389914456e-08
-3.268587400249527820e-08
-1.265182654648056540e-07
-2.130501426023536409e-07
4.165506116906212203e-07
-2.129710326095405975e-07
-8.390362592633123244e-07
1.268161935122594334e-06
1.426081449520548734e-08
9.058802613335491701e-09
-9.445598796621974873e-09
9.210555478118284682e-09
-2.148511747350770741e-07
1.456604771055142377e-07
1.489859431630776518e-07
-3.083137209232249710e-07
-3.646853033756540962e-08
-4.091925821831692561e-09
2.838062203336648706e-08
6.702317507611283568e-08
-2.396229215833948216e-09
4.540847809518377917e-07
2.466113140235437685e-07
4.620601316625454077e-07
2.678216106522107329e-08
3.587457158979751236e-08
-9.360629114575448614e-08
-1.544306632213742545e-08
2.490848746705587707e-07
-2.498819366032925396e-07
3.767207879231235552e-07
7.776960748638714145e-08
3.743868159498879396e-08
9.657541571856540185e-09
-9.520664069177456537e-08
6.144906105519685515e-08
-1.217126937831914627e-07
-3.072338471530111130e-07
-1.463196336156545635e-07
-7.606162300921587466e-07
4.887621958486285708e-08
1.136489218181243269e-07
9.956729750467411442e-08
-5.044730924536226813e-09
-6.627077524154275020e-08
1.000570233567350970e-07
1.955910170806760796e-07
-5.819649460044212734e-08
4.940033060038315186e-08
5.585052257421996163e-08
9.876044619214346390e-08
3.472295116836385904e-08
1.173002775667187196e-07
1.761845136433584680e-07
2.965367899143788222e-08
3.137500533761192569e-07
5.175416521043878884e-08
6.580715335560693128e-08
7.122783010549252697e-08
1.076514630173777289e-07
1.318703413316850212e-07
9.903210911714642477e-08
4.643715760426645942e-07
2.323735450266914945e-07
7.020900635802535405e-08
1.244326040257512370e-07
1.990042850611087433e-07
2.534189824252378714e-08
1.390012433754893579e-07
2.021664479058678479e-08
-4.850730017742690805e-08
-3.355364906493259531e-07
5.311218704070887604e-08
1.522553142494298783e-07
1.605155062793452862e-07
3.173742117425578568e-07
1.945533408908589061e-07
6.083624190926978196e-08
2.674570959500454790e-07
4.150109581789387702e-07
8.858815218951031530e-08
1.039242825620349366e-07
1.443228288535793467e-07
2.730202839612395243e-07
2.373369175939983644e-07
1.943091444468235540e-07
4.694303863908517194e-07
7.531408755567294284e-08
5.613612925319924299e-08
9.861811155022080597e-08
1.405988820102247425e-07
3.085349391081756299e-07
2.752699070386631723e-07
2.565186358482499169e-07
2.470577364269838391e-07
3.191064714739457052e-07
1.552913377191887712e-07
2.207363775629539156e-07
1.989053183801594863e-07
2.748599000802817517e-07
3.628952029013786469e-07
7.865871013278612780e-07
-3.329860482667131290e-08
8.622266819061377314e-07
1.440859504846441560e-07
2.649128837760829632e-07
2.344630593494670026e-07
3.394541262930762293e-07
4.769821579718373389e-07
4.563176137749508894e-07
1.011738503746922972e-06
8.219926304199453581e-07
1.987536735994878720e-07
2.963486866909469317e-07
3.183972521888017148e-07
3.894285960465986205e-07
5.443232497080774832e-07
5.353035777578881701e-07
1.062049790547677465e-06
4.133036370356068164e-07
