-4.086664546469349368e-09
6.240469965886600934e-09
1.421807077209150522e-07
-2.980298684390120681e-07
-2.255161825573339855e-07
-4.593629537093921814e-07
2.100767988283989545e-07
-1.653025064759664425e-06
3.878344389010228583e-08
8.401727400230648248e-09
-1.199164232075822245e-08
-1.595684723813514992e-07
2.304456891208087171e-07
2.988041036613748758e-07
-6.895689554914616130e-07
1.758723900910116653e-07
-1.163546054150546560e-08
7.881645341328591501e-08
-2.281346652750565326e-09
4.985252242859135535e-08
4.915843466958552224e-09
1.004028773086403099e-08
-6.063147123009501452e-08
-1.492559412413179870e-07
8.218321132994060130e-08
8.731493523049250172e-08
3.010850431028090967e-08
5.028829177507800479e-08
-1.958371222829251785e-07
-1.757638408225034423e-07
3.363713893660647135e-07
2.761196714626282576e-07
4.108051005509819458e-09
1.080695510826538986e-07
-2.364458971193963832e-08
5.162967092534452519e-08
-3.426744082985556877e-08
1.359836886864075633e-07
-7.743302919992266057e-08
-1.600174258914569692e-07
2.811404630596503368e-08
7.620150225230869816e-08
1.567247790180854913e-07
-7.703009737465261533e-08
-1.065399960578578677e-07
1.524430669143854984e-07
2.180903047198600099e-07
-2.030399616360891999e-08
6.822730568369286140e-09
-1.031039262640964068e-08
7.559754638696868997e-08
7.454459690678513991e-08
6.325026299670814050e-08
3.028184722851292601e-07
-1.185502073626747283e-07
2.726579276061213504e-08
6.063228026390692515e-08
7.238234209768281970e-08
1.310127691563084350e-07
3.578516753969590586e-08
1.675705005088279627e-08
-6.196021517250447282e-08
1.781608478333864298e-07
3.344143387129111575e-07
5.029548491214546524e-08
2.421150864491947493e-08
1.057312367816875497e-07
7.790949952189867210e-08
2.231746011224674581e-07
3.089006042755861801e-07
3.279248185309496276e-07
3.542884762929257070e-07
7.385269190991140286e-08
7.233084767315642118e-08
1.316554835234340436e-07
1.901065561544625463e-07
2.137938798877722935e-07
1.947343722814675674e-07
-2.968991996532821258e-08
2.200493086235391148e-07
7.207435426527363390e-08
9.670314622571114849e-08
6.875148050744003365e-08
1.833295562651562710e-07
3.541090138698616553e-07
2.381892528854750385e-07
7.752027712418306590e-07
3.694226341337791209e-07
1.141863230550791326e-07
1.316567400554808521e-07
1.340566615919348222e-07
9.907045356970410513e-08
2.611698359247398415e-07
2.620407235916513603e-07
5.179104281666312604e-07
3.405260250220378115e-07
1.722209879653534145e-07
1.589683109465037691e-07
2.728571283106680547e-07
4.369750558136137864e-07
1.840882734320469802e-07
7.308434277953924608e-07
2.765116037802996920e-07
-3.520116271739635334e-07
1.687389518705066066e-07
1.732976308608276487e-07
2.851479657977432122e-07
4.216547503847589384e-07
4.608373926910570231e-07
6.043372361361890835e-07
7.403384583506253599e-07
3.729854620772172798e-07
2.187610830301444659e-07
1.982367014846503396e-07
3.717875089640443904e-07
4.801561657310494583e-07
6.341032951180998799e-07
3.283074879947697830e-07
3.861641206118088022e-07
1.075543130080871827e-06
