1.458654445010979538e-07
1.320785419747086027e-08
1.744071873424559215e-07
4.481421462280124191e-07
3.417291720458869421e-07
-2.347997261392566603e-07
-3.026883903323642428e-07
-1.005260220705815714e-07
-6.475431784862725896e-08
4.352495773375644246e-09
-4.578389231033654022e-08
7.328657517882253186e-08
1.581995046808890769e-07
1.940092374677831167e-07
7.554393022928241101e-07
4.107813338852519683e-08
-3.507981062687539883e-08
1.952294225078960127e-08
-7.039597085310324945e-08
-4.974762564871376769e-09
-8.378127852080649617e-08
-3.065758995412718767e-07
1.000524734499713343e-08
-1.241829542351269357e-07
-1.022341707029543523e-09
7.679390920477953905e-08
1.098028785772742896e-07
-1.125028518952331458e-07
-2.914558265594074022e-08
5.365841583691798393e-08
-2.043635821074242473e-07
2.873883550350263969e-07
-2.270711448580967478e-08
5.995701817662362905e-09
-1.904975490560231377e-08
2.256646889998195153e-08
6.552123276937375326e-08
3.854387951859663603e-07
5.165502612795192285e-07
7.192523861742117127e-07
1.076874044189969438e-08
7.122178053791090370e-08
-7.024076186273233900e-09
1.509124234239048589e-07
-7.126144894912569854e-09
1.538797669420931226e-07
1.207937261553491263e-07
-2.781661947597776148e-07
7.414433925377926762e-08
6.180324242217008033e-08
4.624417727105740595e-09
6.976214635746631329e-08
2.916754733506541352e-07
1.242780100838858875e-07
2.997611684614126025e-08
3.512190179475314199e-07
5.862660144401195251e-08
9.348883535567777156e-08
9.322627390688683787e-08
2.574714530451972730e-07
2.595352918059465796e-07
3.522174278406570097e-07
1.602410478615355513e-07
3.889623757038509176e-07
3.719926283419038450e-08
8.765255307948913583e-08
1.120919758262434872e-07
1.658098965940257879e-07
1.571631669309701098e-07
1.990204582170312933e-07
4.434099548176172565e-07
-2.961407733171022439e-07
4.925287136713210384e-08
7.048120416977460521e-08
7.632982829700615454e-08
2.126227311642083361e-07
3.030249109100104223e-07
3.142574721096532833e-07
1.487923421039502884e-07
1.231801485959005719e-07
9.375139387798092362e-08
1.563845752658800958e-07
1.631162650393631544e-07
8.563402865801072252e-08
2.708076859385444224e-07
5.138710215404464930e-07
4.819045788570535364e-07
2.868431645506993531e-07
8.445264163707006622e-08
7.954047430660912696e-08
1.474938981058440304e-07
9.586289586275948287e-08
2.032875112075661515e-07
3.697771209644060926e-07
3.386108153961747573e-07
-7.153287305440100727e-08
8.139216184174200248e-08
1.673944995051893030e-07
1.766289281696955234e-07
2.465059905687863438e-07
4.381728797036768296e-07
5.651549354385333187e-07
9.592833688858819936e-07
6.684480177089129358e-07
9.912844569190113826e-08
1.694880243587173379e-07
2.507770042574955386e-07
3.382305460653346693e-07
4.400259551619036720e-07
6.345493598788704062e-07
6.332974526697269366e-07
6.657105003660008295e-07
1.383646531434321856e-07
2.180419578882226680e-07
2.727930554080877823e-07
3.589494754056666534e-07
2.389343468294193455e-07
8.280359835307609381e-07
1.052675470735390675e-06
1.323088899266692083e-06
