2.971354329868544350e-08
-7.762729547305092956e-08
-1.249434913971977473e-07
-1.129857538109623742e-08
-1.469863429979179039e-07
8.125656484037660926e-08
-2.367236451537513613e-07
-8.227101756338480283e-07
1.044486821281058211e-08
4.616517920649785874e-09
3.092995230949110612e-08
8.883653266073666613e-08
3.504587678677907505e-08
-3.496483731875356208e-07
-7.300455695898371859e-08
6.007282451970748078e-07
1.501145529863770874e-08
2.233064794950013412e-08
3.868123342536517489e-08
1.476117514756033174e-07
3.568665365213044682e-08
-5.289628084461606702e-08
8.850049047555740604e-08
5.559988618373963063e-07
-3.044046287602805795e-08
7.188028709894395800e-09
9.422785018656919776e-08
9.058978241182879129e-08
2.992718267854305824e-10
3.201605543813577388e-08
2.699001076509592385e-07
-3.043228784575976637e-07
-1.038045954818391939e-08
6.324878156776914828e-08
1.328480794821457863e-07
1.220930876896009467e-07
1.071465539481293136e-07
-1.310776686153600569e-07
1.196231521677509650e-07
2.204291493488485135e-07
-1.625335384100238043e-08
4.581666240689273475e-08
1.144625592700862084e-08
1.391087260092925508e-07
-7.869425423960783111e-08
-1.112601558216457930e-07
-4.807117994884360257e-08
5.502201973758883796e-07
3.587209743318834550e-08
2.689903599555882403e-08
-1.907267512194867056e-08
1.509235287967940902e-07
3.086542280734446243e-07
3.303779926329321014e-08
2.753975569554931533e-07
7.938756538177130801e-08
1.898284807544616743e-08
7.286016302963343537e-08
1.469357657465838469e-07
1.023672171594019648e-07
3.053240017733813068e-07
3.331738613183436631e-07
-1.059493142805501422e-07
-9.600761075775936376e-08
2.753428597786168097e-08
4.076519607140130174e-08
6.877083803467960227e-08
2.200159280478875699e-08
3.387530575871344508e-07
1.089574144858520705e-07
9.427620606878931524e-10
1.643530302620374697e-07
8.594847249491088360e-08
6.147421371637287760e-08
3.315917569061119970e-08
1.751612663183096360e-07
1.641326839844316634e-07
2.082936805438362625e-07
7.367084423251338055e-07
6.056081019243384958e-07
8.547558554527448917e-08
7.644158991902162417e-08
1.365542362311358117e-07
1.700839278427178465e-07
2.624932046534729409e-07
1.986451404718348275e-07
2.141338855959201138e-07
4.066896115299382912e-07
1.174558806917079409e-07
1.112637330606106011e-07
2.279434463060124847e-07
2.493078990283906409e-07
2.725339373111001206e-07
3.238973793844964751e-07
3.504347587822912511e-07
8.095395412890188756e-07
1.301173438078423473e-07
1.217743919081381469e-07
2.877143340444304501e-07
1.605120161330746531e-07
2.127067721681673739e-07
2.575630672028796835e-07
6.502090627216203845e-07
4.398374202947970171e-07
1.463777234472082663e-07
1.514458232420750662e-07
3.811552182913432530e-07
4.172638216430010365e-07
5.343645497935069892e-07
7.336674754158983952e-07
8.932128542611889808e-07
1.612493660021588432e-07
1.726153965463402956e-07
1.273486560561582916e-07
3.768573589339198392e-07
5.955976960316477645e-07
8.797643662523225849e-07
7.521478722816958201e-07
1.237859633032048379e-06
1.117031585643990438e-06
