7.263921854292190368e-08
5.552146655553410331e-08
2.037708028326004870e-07
-5.612055961565289289e-08
-1.023886569535371767e-07
6.396657828023404535e-08
-5.132774717980651641e-07
-3.457206304747141729e-07
6.318553188374610823e-08
2.722261274117113053e-08
1.538465581319009756e-08
8.911844892819239001e-08
1.534435988798366854e-07
-5.918989836701354264e-08
-6.998006831653258980e-08
7.066743868175292440e-08
6.527224880142382631e-08
-8.789132791047175547e-09
1.415437958305912545e-07
1.215359740566609411e-07
3.435160196401882888e-08
1.680890984286095524e-07
4.806247292261907522e-07
1.016094039531934972e-06
4.335478088665442491e-08
-1.289864471932674361e-08
2.944901990310819989e-08
-3.897486922037338694e-09
-6.328894745611951105e-08
3.582104937215765328e-07
-3.243584326035555009e-07
-4.593821478548493484e-07
2.157924692273544807e-08
5.736429481811425422e-11
1.597782097152808702e-07
-6.580048314847154683e-09
3.395978833981485453e-08
-1.823262415707691694e-07
1.598007918949959751e-07
5.122395181300489238e-07
4.325891078795026328e-08
5.236615257357540385e-08
8.800492848450229305e-08
2.738258944699835288e-07
-1.509641449469452949e-08
9.614761536826365565e-08
-2.892011740284888341e-07
-4.502867083372293996e-07
2.058994508896530652e-08
9.279716186666622676e-08
7.711624872046958879e-08
9.072101230277301165e-08
9.882195483978543058e-08
1.856180029499577426e-07
3.528790749226325932e-07
4.451127742281708212e-09
8.628555095427020823e-09
4.878866548767009070e-08
5.640640503436834434e-08
-2.532693728167526997e-08
2.028679231326598111e-07
1.416969963568442210e-07
1.233117696938620423e-08
5.848525739255600109e-07
2.516520968283061208e-08
5.130644008094570199e-08
1.381454970587015804e-07
7.112431892933202923e-08
1.997009048876290578e-07
2.048693294206367820e-07
-2.538867280236907124e-07
2.457500750660470179e-07
7.513541213502426789e-08
4.229299086363758265e-08
1.265019848687659317e-07
1.123620415612128763e-07
1.582793531650500020e-07
3.735518239539532299e-07
-2.346324809984390546e-08
4.104109707482869102e-07
9.598833389690439687e-08
7.906792324517360944e-08
7.239765628244929747e-08
1.883981485917217038e-07
9.957734633891609672e-08
1.741892029832744551e-08
5.701146126667530112e-07
6.743920626953046315e-07
6.935956316794822043e-08
9.184890324373798853e-08
2.122100952999257833e-07
1.631634094550851183e-07
1.800535093905728190e-07
3.698869203946294040e-07
5.153015259603658381e-07
2.761542881343544453e-07
1.090294087649525041e-07
1.107295073897261568e-07
2.598717937356209065e-07
2.803130132348517672e-07
5.312408045628404655e-07
5.473794390185607138e-07
6.827558346155281847e-07
8.220096372321582248e-07
9.992395748387220811e-08
1.148699550948373469e-07
2.699009385322037869e-07
2.730039575815257353e-07
4.429789889591966747e-07
5.342041385372079701e-07
7.515101632636370392e-07
8.762645541824706320e-07
1.354135471238805491e-07
1.948702215422573687e-07
3.392436998525177340e-07
3.488738215141355162e-07
4.687308850874079470e-07
5.543128317088421599e-07
1.234621256177566935e-06
2.679726894635086547e-07
