8.231509363051752139e-08
-1.894696140144216802e-08
2.810135136532530091e-08
1.196999120314244905e-07
-1.546399334358737931e-07
-2.233779261624415432e-07
4.344382975574167464e-07
-9.028630000939113927e-07
-2.992950630144575003e-08
2.961821966537428885e-09
5.988569595338999383e-08
-6.358895471470085068e-08
4.204146518562997532e-08
-7.250910505974265126e-08
3.729390937747384156e-07
9.077859300658214588e-07
-2.826943654036883098e-08
-1.205915242233320281e-08
6.381570214820211037e-08
5.124477263587043936e-08
8.703400602773437888e-08
1.665065944139213171e-07
-4.947291057440052788e-07
7.964063150517963781e-08
7.173854178553087819e-09
6.290886607906593445e-08
7.633729368873567931e-08
8.051090257569784139e-08
8.571586857254003146e-08
3.076981219246307430e-07
-4.839635809059052478e-08
6.972259483936936835e-07
3.166460936438363161e-08
7.913410125017054720e-09
-2.595827495712909982e-10
1.721405484433242936e-07
6.391857138310303324e-08
8.268379233077252109e-08
3.269666024405182556e-07
1.239530336616878833e-07
1.890933731661868793e-08
1.665888195154054290e-08
7.626931859779807685e-08
2.179285752995771692e-08
3.295544648514257956e-07
1.099664075248559066e-07
3.489223878150339022e-07
-4.725373778997750774e-07
2.462907076857268656e-09
2.114459575219085511e-08
4.987529510481106247e-08
9.659270513524499501e-08
3.972021339572053761e-08
1.643308303144047165e-07
4.872367124595063194e-07
5.072898263539954660e-08
1.365052583575445051e-08
8.542630727235906545e-08
1.205944862857134416e-07
1.117889565395778762e-07
7.810963199753651498e-08
3.990759249100698094e-07
5.160929883942772112e-07
5.591689354591128727e-07
3.272393949351573910e-08
5.361526492944035797e-08
2.017312582774539975e-08
4.049760152342389554e-08
2.028550674695524005e-07
3.262820841455822757e-07
3.427818710754244330e-07
3.723452749440400619e-08
5.084214364842339694e-08
1.254603216999541591e-07
9.657787868873822615e-08
1.024291310672603938e-07
2.283379197665341787e-07
2.578044841577273871e-07
4.622633093868947369e-07
-1.841525077410653731e-07
8.296421072406911646e-08
1.065521483913832144e-07
1.128691952700567045e-07
1.710332043182775458e-07
1.573932598251390498e-07
3.868681580392044545e-07
5.574699641414283005e-07
3.581529276283395662e-07
6.640151404165750242e-08
1.640339444084175095e-07
1.446480795946221662e-07
2.283069111234794065e-07
2.095161052054418512e-07
5.543036611341148288e-07
2.608053258425797239e-07
6.467298497399807442e-07
1.506640496949512760e-07
2.042293945882795707e-07
2.386375064383748383e-07
3.069863946137391294e-07
2.960158067824222861e-07
5.956149775462250508e-07
5.977493591535795868e-07
7.079658810240358766e-07
1.513928887586462522e-07
1.543190936949096021e-07
2.957935020094839913e-07
3.321623663437971051e-07
4.316207059448542539e-07
7.516841138979915172e-07
8.264393384305890017e-07
9.298665472296044489e-07
1.621329918589962624e-07
2.162516802028385037e-07
2.867487771157286895e-07
4.812608598225277038e-07
8.372417526593580284e-08
6.106216023060315602e-07
1.480209914802081329e-06
8.587758039614024459e-07
