-4.783603428065796627e-09
1.108937964355996250e-07
1.794083226559059094e-07
-1.175533109195593824e-07
5.304816361366038902e-07
1.353853659450051635e-07
6.491831703311064546e-07
-2.876635046429629919e-07
1.787239124217311709e-08
8.682850313989034655e-09
1.335588793208810641e-07
3.495409107787944750e-08
3.607532827514977869e-07
1.772492022939228607e-07
6.650128194950390944e-07
4.106902157456073354e-07
1.639796648025177415e-08
6.407053315051112916e-08
4.832746824834758209e-08
5.145537648406652519e-08
1.267132431281822760e-07
-4.222515527027318098e-07
-3.218888735185244210e-07
5.674480951987887071e-08
2.110051203419997907e-08
7.862037417961418880e-08
5.969146747038795654e-08
9.820807589838742567e-08
1.799290161718168758e-07
1.043065563193884499e-07
-3.618267443889504081e-08
-4.055121396861488986e-07
3.560360945310865174e-08
1.307600522932176775e-07
7.975208234904863707e-08
-2.797263246051996512e-08
2.323422044163567448e-07
2.408539811702748292e-07
2.749441443538447808e-07
-4.250368840186259094e-07
8.653602717537613698e-09
6.326301424622051336e-08
2.627609219532775579e-08
1.411814569067276854e-07
1.890575158651833666e-07
5.432490600873273255e-07
4.754536742220311837e-07
-1.876077620582953536e-08
-1.444196302685912624e-09
4.064248057284348041e-08
5.042886518261414368e-08
2.371014755828297813e-08
-4.244242503499364118e-08
-1.332384369633038745e-08
-9.609134185005947818e-08
9.983519660926315240e-08
5.843574320867642200e-08
1.419575365063253699e-07
2.661139427054222977e-08
-4.916158090151073041e-09
2.784296890416769550e-07
-2.440156858874694018e-07
-1.540732686535407629e-07
-1.495403978595091720e-07
4.440682535456673010e-08
6.664764735956762249e-08
1.106603076741750706e-07
2.005878889879428469e-07
-1.193519454640847804e-07
-9.261233475111433047e-08
4.307182600924077173e-07
1.530293510984919747e-07
4.638382651344538369e-08
5.422568384184524120e-08
8.410885110784921557e-08
3.762301784914976292e-08
4.212018642518024324e-07
3.040822354407860608e-07
4.778814077030847372e-08
-6.317518522556685014e-08
8.359122364444640850e-08
1.014456238915063091e-07
1.279969224813511020e-07
1.653016525327066323e-07
3.370165676048429579e-07
5.161930708190671862e-08
1.964718544386286139e-07
3.796678186777232739e-07
9.067775455579136949e-08
1.157596742663186276e-07
1.348112443190149620e-07
2.396879064858322360e-07
2.309999527401276237e-07
3.540651721981607669e-07
3.006537784892454119e-07
4.594324732395370556e-07
1.134722284236400926e-07
2.271768911980160785e-07
2.915129268888675545e-07
2.754271015333505388e-07
4.469613739785591953e-07
-2.701434381146937532e-11
1.456112571611373654e-06
6.178088982878004318e-07
1.712859564702115622e-07
1.866161989443991316e-07
1.761833102430808763e-07
3.336753723864449133e-07
5.240970908854183828e-07
4.761375352262720726e-07
6.389228732140024497e-07
8.588943151115356764e-07
2.349783310990175273e-07
2.393156728858640329e-07
2.140765406151810416e-07
3.803941690704467929e-07
5.980650781970869848e-07
8.217986638060252574e-07
7.500399134591076998e-07
9.035419739486664320e-07
