1.377136961614325689e-08
-1.277480782093350395e-07
1.808289936451198127e-07
5.200470472086351037e-07
-1.554599694878615271e-07
3.141846113470543155e-08
-2.384160998862891895e-07
-7.424002511347644651e-07
-8.196956119874622038e-09
-7.410447105086557351e-08
-1.742928304348630191e-08
1.578647711283209727e-07
1.665057596069932810e-07
-8.694618237856274263e-08
9.744798161756049606e-08
-4.433176902062683119e-07
2.261329982155417444e-08
3.136852400735900734e-09
-2.267844053433466194e-09
1.104865526283649116e-07
4.647229660886676678e-08
5.550362062635329940e-08
-2.247725324372068754e-07
-5.885466362367446887e-07
-5.469389434151238097e-08
-2.859426728609961890e-09
2.280647168729954731e-08
6.530987302594357003e-08
2.109604247331535304e-07
2.076541260271216458e-07
-3.803648936708185561e-09
-3.529371463841392943e-07
-3.063565163389276470e-08
-3.684747824475185012e-08
-7.591007444647057670e-09
7.751321535067145457e-08
6.755363222247141599e-08
1.675217533670579824e-07
1.875308661213827898e-07
-1.143331105363729070e-06
1.031629160425934638e-08
-8.468616369422102077e-09
1.223069144549430010e-07
2.299546224559028333e-07
1.770453765597453340e-07
9.197510467362523368e-08
3.711263817889488439e-07
2.560692966599624683e-07
3.968943294819311042e-08
5.147894875096445948e-08
9.151050113036158111e-08
8.599336983779188032e-08
3.145826343552225640e-08
7.085792183496176450e-08
-3.012688557293575445e-08
3.579464892896994242e-07
1.680844170250529272e-08
9.191929929274774546e-08
1.078606467945238149e-07
6.904262660784469803e-08
1.419066271270620872e-07
1.109798578286352486e-07
3.094144034413995095e-08
3.155550255900386052e-07
3.030812632101735047e-08
2.288233674559557757e-08
1.113311369368366738e-07
8.271209053371122687e-08
3.125480225379615843e-08
1.060237139611532080e-07
6.250985088077959392e-08
6.486309398172248224e-07
5.481709233606996674e-08
1.130378227358022472e-07
1.277173772555201369e-07
1.125221547576372582e-07
6.188342320907642280e-08
1.389177847091776842e-07
2.095624095529312317e-07
1.735220851845574952e-07
8.300207478934916459e-08
1.333115006951149236e-07
1.498069778437170601e-07
2.222241124245063122e-07
2.013709722833837810e-07
1.906266004024163884e-07
1.811827705344556094e-07
7.548263758194090018e-07
9.019992814362497506e-08
1.165791463458853496e-07
1.298407278426878999e-07
2.273308081106605971e-07
2.657584303439844619e-07
3.028200632708291744e-07
2.267621535611164217e-07
9.960896334757867312e-08
6.399875039048598305e-08
2.183421167883489508e-07
1.246053561402123721e-07
2.806994351447624644e-07
2.569469822154745860e-07
4.033913939361845795e-07
4.460719767383816402e-07
2.410857686751644544e-07
1.129374303549232150e-07
1.870244229272995263e-07
1.863289093439341428e-07
1.861029875383306396e-07
2.678031089029346342e-07
5.919971253509717617e-07
5.336201511797277934e-07
8.441404274682856597e-07
1.895384419649715628e-07
2.862221590105294944e-07
2.718094391890805442e-07
4.480649729641259217e-07
5.261755932286214109e-07
8.209067569894875787e-07
6.135669963255969930e-07
6.173697769289760363e-07
