5.570500677792223549e-08
1.040102422127428537e-07
2.135052704009190425e-07
-9.354166055357135720e-08
4.059800136306243214e-07
-3.401829572575638189e-07
7.489855027723409211e-07
-7.243200979751799775e-07
4.010297464195472013e-09
-4.670848148581488818e-08
5.432039627290303713e-08
1.841114039236511862e-07
1.888725059260583461e-07
-2.956893118729422407e-08
-1.210939227203229268e-07
2.218188778540561869e-07
-5.168976183047522815e-09
4.249614757730287824e-08
2.891070765542242722e-08
1.171603646290367844e-07
2.429742641250707944e-08
-2.068422333311171087e-07
6.272084610998088223e-08
-4.322674781579354892e-07
2.309962358858894502e-08
-3.066176405012783772e-08
-2.575319586535195215e-08
5.315540203430962964e-08
1.172951210716469780e-07
-9.480352325953299599e-08
4.097823950694279156e-08
7.614799431481238461e-07
-4.899724883968836915e-09
-4.747639961284527722e-09
-5.053113901153040039e-08
7.717226981251335777e-08
5.269967800233593026e-08
-1.885553030143970163e-07
3.022931724185031050e-07
7.950376738751359984e-07
-1.968862678048901822e-08
8.545411007033602188e-08
8.806397773505763636e-08
8.836353356726260661e-08
-1.075037608135063349e-09
5.270250260060900587e-08
7.094735464000670133e-07
1.259017008420835832e-07
3.249838509498306975e-08
4.989377960968085786e-08
-4.944146147644481347e-09
6.739071140343285419e-08
7.241677783329352122e-08
8.303840874102104636e-08
4.554229721322736366e-07
-2.986439092969853930e-07
2.498291115215743269e-08
-4.159021454529293725e-08
2.021497683423204768e-09
1.146547522164011060e-07
2.474468936335955349e-07
1.022698221409038429e-07
3.333874095152848908e-07
1.025827383812501668e-07
-1.922277459020416696e-09
1.090709341492618264e-07
-1.050743223559170060e-08
1.232950288216140863e-07
2.334534037581389558e-07
1.467753007239038362e-07
-3.085072380502173946e-07
2.125992500730379739e-07
1.659014184481176244e-08
2.943443957979020936e-08
3.969114195285292867e-08
1.030920468544306442e-07
4.285992669309166821e-08
3.156928832325973838e-07
4.225929135505727985e-07
5.466808786071401712e-07
6.198772776085549881e-08
9.317974234930476231e-08
1.394558322055175107e-07
2.548204629495105763e-07
3.131858136666588885e-07
2.200558619759661789e-07
1.629571833592462309e-08
8.352506730960253436e-07
2.173521219750032029e-08
9.819251939131253251e-08
9.943391201449626805e-08
1.613955866901400306e-07
2.793138585393623078e-07
3.849816624396343896e-07
5.230416450460472409e-07
5.162113008067591170e-07
1.163346342504710421e-07
1.609361803605564588e-07
1.153884289490064015e-07
3.568018040546401877e-07
4.893502091095058371e-07
5.233834110394565988e-07
2.908581978711150166e-07
2.035545788531519428e-07
1.025867712357286411e-07
1.559786726547595632e-07
2.175987374515563751e-07
1.929086443733675466e-07
3.956157858075587780e-07
5.536585844798023369e-07
4.419373493694248610e-07
6.922243271594331605e-07
1.701886156354925791e-07
2.273430839747792630e-07
2.479657308329354983e-07
5.108663129248155959e-07
5.812689514063498383e-07
7.013009132788028961e-07
8.955006783050922309e-07
1.739810270366073703e-06
