-4.931726015083523425e-08
5.512208172047347134e-08
2.012175149813957781e-07
-1.280168466913459867e-07
7.507809909634121456e-07
-3.787972021931113279e-07
-6.788261418920507650e-07
-1.957038339158452352e-07
-5.145532738993505324e-08
5.469091125103138388e-09
-6.993313041391770107e-08
6.814812038818088722e-10
-7.292560511771539517e-08
4.117600398629923302e-07
-3.887510935570455313e-07
-2.922652063429764349e-07
2.942745478149906876e-10
-9.377101058060555919e-09
5.891900921829993110e-08
3.486328255498916548e-09
8.978397971381486944e-09
2.605171412978578766e-07
2.851858222546265342e-07
-1.990398664044532605e-07
-2.613565556058516738e-08
2.874251020856142925e-08
1.846869144345354032e-09
1.882998271377693726e-07
6.961613798908591807e-08
5.802430054428523380e-08
-1.093804299625109724e-08
-2.138374277901183929e-08
2.894917751891358266e-11
-7.110678344410438667e-08
-2.243060394672742812e-08
4.003566712613456637e-08
-1.003175351598617915e-07
-3.460446184025496719e-07
-2.161076489158281019e-07
-6.237426700105892316e-07
1.252052251513782549e-08
1.377717095058797614e-07
1.543189795014257405e-07
-3.262009462417101554e-08
2.040773395053824930e-07
2.943131742712299741e-07
3.170691047687655133e-07
-4.600584480424210377e-07
9.248022449560392418e-09
1.011905854527045005e-08
1.751365702300305941e-08
-1.398703459231496856e-08
-5.193499454325559174e-09
-8.434342135114732341e-08
2.741817831751676245e-07
2.258803007259535957e-07
2.612380806953203917e-08
1.113616453087756411e-07
1.478788210775274262e-07
1.206493530449603705e-07
2.183943375347897840e-07
1.503851057216528970e-07
6.191450700749387970e-08
5.792960963964140982e-07
1.354748858523087451e-08
8.268734759892608414e-08
6.769555218567359477e-08
6.372360691611753233e-09
1.394160921211542181e-07
1.429582766081260048e-07
4.455871900336721331e-07
-3.564680091839524669e-07
4.341911578350836818e-08
8.157506207716740221e-08
9.888639232124520810e-08
1.538615584074500483e-07
1.406049775617932556e-07
2.045142569632704875e-07
1.109678972441262129e-07
4.774964900737600066e-07
7.661179187468212190e-08
1.113982849254485449e-07
1.670905874614823775e-07
1.293857075193980230e-07
2.639576698222168446e-07
1.588913443444317274e-07
9.841487699232466585e-08
7.811765113574501874e-07
4.241068062671857815e-08
4.962623819548973184e-08
1.176793588756418352e-07
2.310126405194442484e-07
2.286657596452457608e-07
1.792795745207297480e-07
4.291012641481301576e-07
-9.122109981163529001e-08
1.245712457221354241e-07
1.568842484563059562e-07
2.263434074616028316e-07
1.799063816017511602e-07
2.542890168146012336e-07
7.085100673708863604e-07
8.779959768078546177e-07
-4.631093401265060222e-07
1.225407942672054428e-07
1.490245672488122658e-07
2.435226850105073363e-07
2.021402027851741050e-07
6.879070700999502412e-07
7.956116160255090863e-07
4.695026765330457562e-07
8.980549053401783081e-07
1.736671344229015796e-07
2.429767008342605006e-07
3.339044151908315665e-07
2.329934855760458386e-07
4.992467172959977573e-07
7.021687810171826644e-07
1.153245611080139687e-06
4.703333927444980997e-07
