-5.051841075502675395e-08
-7.735126336706950324e-09
4.026666279435919490e-08
4.873244848978548567e-08
2.035764544982412720e-07
-8.954646634707239228e-07
-3.992727883651096376e-07
1.214138246828975457e-06
8.188105178464205232e-08
-7.681342215976147477e-08
-7.440101349518704131e-08
4.151796416533738035e-08
-1.310808944478360008e-07
3.979014830559137193e-07
-4.519869612536310195e-08
-5.147472007889594496e-07
2.913313318008539811e-08
-6.169540553842735640e-08
9.730161371922158399e-09
-5.893337424550377381e-08
1.372078497846648013e-07
-5.907548755242979043e-08
-3.865120918747165247e-07
8.824304903633919295e-08
3.845945013272492603e-08
-3.579419372154935857e-08
-7.515636075614784435e-08
1.112257688518343519e-07
8.433961862776937996e-08
-1.324223803459252066e-07
-2.282491859514555965e-08
1.117566344950369928e-07
4.045391221491118912e-08
-1.622593418837867955e-08
-4.183128649389328238e-08
1.295909309663845711e-07
-6.119792115910176638e-08
-2.181975175279125177e-07
1.582836954781407501e-07
1.652232063499209864e-07
4.372942618790927392e-08
6.160707781533540447e-08
1.387533734128334309e-07
2.199222013453186203e-07
2.184426224463881611e-07
2.424655461248721544e-07
2.057433462570766196e-07
-4.804719686080065550e-07
4.001824924755540893e-08
4.036293161266792719e-08
8.823966454660150476e-08
2.829069853274122133e-08
1.125944994247475227e-07
-3.896600162991244592e-09
1.782085925411660480e-07
-1.048550860708932324e-07
3.462889761185834781e-08
9.158611030917696415e-10
7.339257423739545318e-08
1.778812821165837028e-07
9.683273411840132810e-08
8.142286853362703598e-08
-7.315045855890474784e-08
1.844766653093534993e-07
5.068944778737034695e-08
1.450513098491885821e-08
7.972496875674637920e-08
2.090378757793565156e-07
-4.430834771048794419e-08
3.001961387022723377e-07
-3.910029418482180208e-08
-1.204782366366145422e-07
5.092529743240783781e-08
5.832952780527681530e-08
1.059594156431242832e-07
2.174764536793688735e-07
1.757902944193045450e-07
6.750912926960327215e-08
1.221312510357571327e-07
5.175911235820031294e-07
8.205891411739483524e-08
1.091660330103012311e-07
9.444562870621625889e-08
2.702999501736743739e-07
1.534571241714397552e-07
3.004677327628430818e-07
8.701315770142904252e-08
2.623457032093254458e-07
1.114140777876793326e-07
8.118348429635759979e-08
1.037761015710420164e-07
2.575207099500611878e-07
3.521670517270623828e-07
2.529409201269844689e-07
4.073413552616765735e-07
3.323605254645282653e-07
1.142188959072817009e-07
7.377847834709217236e-08
2.447291382125626980e-07
2.736279760211747243e-07
2.915057800704822857e-07
7.705709438243487996e-07
5.034225677008920617e-07
8.691337763217399465e-07
1.577718922089663072e-07
1.754939139473522722e-07
2.573978452066173622e-07
4.202704530781797045e-07
1.865474122497274103e-07
5.570875098369290462e-07
7.382405857543041506e-07
6.793435490058694124e-07
2.097396271050126774e-07
2.857694116115512017e-07
1.967719155242874203e-07
3.978644962943292263e-07
5.358127672149059802e-07
7.034128772463572339e-07
8.283900902044635135e-07
7.711306071635187331e-07
