-6.361888967911548454e-08
1.206804560551191131e-07
3.124498031481197072e-08
3.445390576931874191e-07
-2.606238125713388351e-07
3.785845383180683791e-07
-3.443366100196870140e-07
-8.572387813384524392e-07
-2.125666599542858545e-08
-1.629748090086838716e-08
6.150277141984462023e-08
4.839209727960970051e-08
2.998266883494318438e-08
-3.317604035697121437e-09
4.355813385484040534e-08
4.663466802013706656e-07
2.162342702070054713e-08
6.180423034819184791e-08
-2.757755485043849347e-08
5.050743963894795604e-08
1.292400281166854128e-07
4.771152307655029903e-08
-7.741060137098478659e-09
1.256845983507268307e-07
1.778060838988603596e-08
1.014477388719728518e-07
1.343880555128824661e-08
2.359686861717680505e-07
9.895366204614819990e-08
6.127456856236810217e-08
2.208201702215163965e-07
5.697792251890114368e-07
1.828207350982545294e-08
2.231919607957514797e-08
-3.564364178245304385e-08
-4.171092196360999918e-08
-3.563619457938468856e-09
1.131879434963547550e-07
-2.628865065981149762e-07
-9.476093905019325444e-08
-1.375037694711842792e-08
-2.233259719607881600e-08
7.843099535787220543e-08
-1.227368660444781363e-07
9.886135213735811256e-08
-8.847638400837601196e-08
1.369764423121749030e-07
-1.183998541811578811e-06
4.696008808980187048e-08
1.978521193805637756e-08
6.909110211154200267e-08
1.301614536320385405e-07
9.077977064885069883e-08
1.381765270982443193e-07
-9.581428268236445243e-08
5.156650368665114794e-08
1.284103647670915063e-08
2.129779428107511556e-08
3.147994191131563986e-08
-1.464713581386194466e-09
5.152301705004315617e-08
5.571271989314229590e-07
4.081558149292404386e-07
2.983428775030730016e-07
3.524816609015772933e-08
-6.450771369894721156e-09
1.191734216089338880e-08
1.120523130188355249e-08
1.333272261059487464e-07
6.001917408044287668e-07
1.764898409705864564e-07
2.843588480618940639e-07
2.262303441985460567e-08
8.088512053381453434e-08
5.163580041150321284e-08
5.372353486954844837e-08
2.836142350774716383e-07
8.028122654019089652e-09
9.378801300350987952e-09
-5.267720386720848358e-07
7.498978542438627003e-08
1.076914330051849967e-07
6.711964615068252362e-08
8.337412406668739609e-08
2.084258692369598403e-07
2.444369978006008736e-07
3.795696682535543002e-07
-3.508893646912715919e-07
5.027529484495371260e-08
9.997197448419465994e-08
9.337073021154266302e-08
2.654505552938508564e-07
3.088546540274225965e-07
3.234010489559479250e-07
5.200144186642637724e-07
6.978113429562441583e-08
6.660371732586650314e-08
1.498605164656685246e-07
7.160074889419573460e-08
-1.101386844908362663e-08
6.156740030580972707e-07
6.924960901855183652e-07
1.054277683785069788e-06
8.898228586890210165e-07
1.123164766104721473e-07
1.528720760285952815e-07
1.788773985123612917e-07
3.252518210476430280e-07
5.543342528572484625e-07
5.842769049306411679e-07
6.653714339541609547e-07
4.686367106302889915e-07
1.573433317991446867e-07
2.232017046090660295e-07
1.206691612844903968e-07
6.592344445471581722e-07
7.257875346477957541e-07
5.959294615748002838e-07
3.787757761952915833e-07
1.111607031972885806e-06
