7.152643680662859693e-08
1.639921769976638671e-07
5.219917914999976653e-09
-2.790807196557756102e-08
5.855813655091169962e-07
4.947142348037796008e-07
-6.863962242459560996e-08
9.613326354259873969e-07
1.152397979551072538e-07
4.418109602290674331e-08
-2.362640106341352994e-08
1.456407623183585084e-07
-1.320062943146201763e-07
-1.386028736318980298e-08
-1.288164679962389724e-07
3.141720597899728554e-07
5.428542830412806991e-08
3.534432071100550242e-08
6.785230697836994791e-08
3.050966335443492980e-08
-4.908799381192508295e-08
-3.896649955996684072e-08
-2.424969002984905315e-07
3.729148227172763313e-07
3.146330926081148094e-08
8.494283887747937745e-08
3.881516031759351319e-08
-5.727285883699279487e-08
-6.846159072169823928e-08
2.877608837733604079e-07
-4.242388525018332032e-08
4.726621756031022290e-07
6.602045859887489757e-08
9.569847417212457252e-08
4.730045548053834400e-08
1.154565775281520553e-07
1.975610895813441590e-07
1.960055496587538485e-07
-6.984452359428270107e-07
-1.434716996077218628e-07
7.355346579180874457e-08
5.373432726395954554e-08
2.066736897188396443e-07
2.108674032518729075e-07
2.183094380346754645e-07
4.742551118127365431e-07
-1.542146114046569938e-07
-1.196151275691158391e-07
4.441488768067909570e-08
1.917754506904734516e-08
1.706971316015622650e-08
1.149468253377699162e-07
1.499805447243494744e-07
1.360752227235942441e-07
1.636051504995650534e-07
3.835093791394401999e-07
6.287542606391540784e-08
7.008760447015142581e-08
1.009685618459778401e-07
1.469769917169227841e-07
1.439487178118871613e-07
4.748151711864212234e-07
2.806437913527300273e-07
4.523793315899742106e-08
3.309394211345156627e-08
8.265252811469509103e-08
1.505900255168376521e-07
1.160383423637425030e-07
1.720857923180147445e-07
2.373853416399174806e-07
1.210867196217614552e-07
2.652465357339263615e-07
4.424542984066215230e-08
4.514804917731541624e-08
6.642125382488099841e-08
7.783683100743193971e-08
1.493395108560997817e-07
2.752663496679985513e-07
-1.910359733960110892e-08
4.229660639195382733e-07
8.854120284903773204e-08
7.417671041951625130e-08
1.583732441895217126e-07
2.031689985224185588e-07
2.255853894497460661e-07
2.443724285339969168e-07
6.253972687153806456e-07
3.371785136686281265e-07
7.782040567291863281e-08
6.213899770655027025e-08
1.417375540328921606e-07
2.963800798428015211e-07
2.564302829647070966e-07
4.611580751595329249e-07
1.536709545865069394e-07
8.978550648112999715e-07
1.605428503773110336e-07
1.617013770205382900e-07
2.637703455651847123e-07
2.480063180063687807e-07
3.333709646276356673e-07
4.250196213252973704e-07
4.407122570248911899e-07
8.935279841147694444e-07
1.541391986968617927e-07
1.964396145147337761e-07
1.789852816481132661e-07
4.377822833703770839e-07
2.824072220015713323e-07
8.600251680483995162e-07
4.818608048310383246e-07
7.057652013805099192e-07
1.454893939542972122e-07
1.705774300751992715e-07
3.071245030267595602e-07
4.294168341526424771e-07
5.683077562613051089e-07
4.863221302370922781e-07
9.941202635729335737e-07
3.079056229163599567e-07
