-5.564669014644421021e-08
1.357924024073998768e-07
-1.430365050158787708e-08
-6.387178483971878642e-09
2.618553402654077424e-07
1.938823091204444037e-07
-8.342681965222834131e-07
4.236841297541089219e-07
3.144089299676496188e-08
2.927384046478258530e-08
1.090582915573024090e-07
1.737905570001112313e-07
1.120148119423293056e-07
-9.191411533969000884e-08
-5.364780847340424396e-07
-9.886996970854628105e-08
7.060902186051840387e-09
5.969714684215186234e-08
-1.698568230512139645e-08
2.866041229170374237e-07
1.739776808236222818e-07
7.949132475856669967e-08
3.365804854457848369e-08
7.549494932855053003e-07
-6.440064787850205964e-08
-1.086895904138547369e-08
1.596048094130946605e-07
6.978606729987128106e-08
-3.046150066202581532e-08
1.815243504894337460e-07
-2.528923782837449005e-07
1.041975218689200409e-07
5.217636261725429599e-08
1.341643600923797609e-07
2.365569998367619332e-08
-3.097318172297036439e-09
1.067395648267758846e-08
2.428984252431834656e-07
-2.388165369848104774e-07
-4.652936641873931052e-08
-8.980818122339265855e-09
2.080132268122964144e-08
5.710600958634795809e-08
1.761377914253183988e-07
4.406667534316807879e-08
1.781085672635104556e-07
-5.545290526360736531e-07
2.539970900169490798e-07
1.834240076332724048e-08
8.000865938661016860e-08
6.053980776160670940e-08
1.709506075560057512e-07
1.182049944459900015e-07
4.619634778302876902e-08
-1.648613873537698855e-08
5.363034713680193474e-07
1.527490473684962957e-08
5.015779581874774018e-08
9.825556599635252108e-08
2.226654763286154798e-08
-1.022193220101556343e-07
2.739780827421094934e-07
2.675571095522444017e-07
2.527234761736085202e-07
2.795002851297083683e-08
3.941681104009354768e-08
1.373319628124389533e-07
3.791993110364087281e-08
1.155286158204277166e-07
1.603953938053488652e-07
-2.588168880725228267e-08
-3.556746225747065530e-07
3.460899244809035511e-08
8.253727724926664785e-08
1.473584291335861843e-07
1.285172171303527639e-07
1.805736646262828319e-07
3.991053565284995043e-07
3.810806579053701935e-07
-1.759569105793113591e-07
4.854315642518388122e-08
1.069908399955253336e-07
2.779558475601488753e-07
1.477180754544276510e-07
1.923894955751089663e-07
2.816010350962448890e-07
2.337928020773171716e-07
1.525814195516574636e-07
6.349519776450789079e-08
7.926226132008258626e-08
1.517029699453256799e-07
2.656802823937518397e-07
3.604040412855996233e-07
2.017469033236805966e-07
4.372767938547350398e-08
4.804613494326806013e-07
3.979032174607388659e-08
2.110603517573750273e-07
2.114131754339108796e-07
3.266591352920376641e-07
2.309329744013046019e-07
5.524303223906798461e-07
5.789607226396265699e-07
1.137536554313884523e-06
1.073448077167789477e-07
1.671764515448239356e-07
2.606332998109558830e-07
1.742762789980150556e-07
3.599503966240483452e-07
8.332437046667702061e-07
4.844236399611973826e-07
8.849444741885630455e-07
1.931193412518968152e-07
1.630322391671748367e-07
2.120634034969941107e-07
3.261875287808796913e-07
6.354954002997181968e-07
1.337112512639028913e-07
9.653574914617195265e-07
5.928204575703344420e-07
