-2.978715534865449779e-08
3.252692588176609899e-08
1.927806713697658095e-07
-1.870351249210428548e-07
2.765265717211045101e-07
1.301321861940669511e-07
-1.126246507020539012e-06
7.586535555353795742e-07
-5.402546425297588379e-09
1.217958006776944744e-08
7.008599624269816176e-08
9.042942715638947555e-08
2.008767646842307236e-07
-3.613377699206484601e-07
2.466381979666404196e-07
-1.549637853916830413e-07
1.025908732998997155e-08
-3.189722846503049563e-08
-1.639264950121505790e-08
-2.650850170023878155e-09
1.406950570034118142e-08
-4.968907095745171716e-08
-4.804562060318421428e-07
-2.358580630458024434e-08
1.674968390514499517e-08
-2.598844596934157372e-08
5.546849217189399645e-08
1.165666111636649295e-07
-2.293151937146172107e-07
-1.893066373172483247e-07
-2.793989808918172000e-07
4.593710842857829125e-07
1.010689068056895402e-08
-4.900162677392908471e-08
-2.301810623796268542e-08
-2.553514973673097472e-08
4.047711683221036996e-08
3.559455656619292625e-08
3.723722585540189758e-08
2.032461653050543982e-07
6.061168910517587974e-08
-3.961893691259119142e-08
-5.338307283107497103e-08
-6.464740219328158839e-08
8.215335321688695964e-09
8.424480738140956485e-08
1.207875826508043731e-08
6.637225090708105904e-07
4.996758932193478268e-08
4.848946615868836153e-08
1.008396951806993655e-07
4.932010803805236846e-08
1.304600616018616441e-07
1.652947067953600640e-08
4.075013363541584432e-07
-5.913767276808797364e-07
3.831971237921596478e-08
8.310520010167890661e-08
3.475313483043363260e-08
6.697923412389747680e-08
1.772682586397937428e-08
2.648875886463697538e-07
-7.292319243010255737e-08
1.859500329350811795e-07
6.124038319209619083e-08
8.800055779370788489e-08
9.584997755856522028e-08
1.591236014095620272e-07
1.710814083750198598e-07
1.603893421467607311e-07
1.967475444900834657e-07
1.059396382204498981e-07
4.508583804317736436e-08
1.262783378060922375e-07
2.100803459563983142e-08
2.142037465738011441e-07
1.821175159013810470e-07
-3.779543308550941632e-08
2.613610872229782783e-07
-3.284717949510030903e-07
6.686806307973326656e-08
8.159069488167118924e-08
1.520167886200716098e-07
1.607819725050319013e-07
2.816433598382390857e-07
2.462513616535501727e-07
3.818892227670016453e-07
-1.875342037397371518e-07
1.287861157290715585e-07
1.112019977321919368e-07
1.367940240242814782e-07
1.654546751565979761e-07
3.754951968517031540e-07
1.816459751496704036e-07
6.758773823466902350e-07
-2.127401437375803296e-07
1.110978362804885488e-07
1.134361163978580272e-07
1.629800433992992373e-07
5.034594338113513048e-07
6.058209033997387776e-07
6.442541264246448805e-07
1.055781884000296726e-06
5.187272488489321636e-07
1.473148776972539870e-07
1.457213558699307648e-07
2.187652531417804561e-07
2.172460111053805589e-07
4.818254798047672526e-07
3.730062590134306718e-07
1.123286190904970416e-06
1.041410648883436068e-06
1.735240666798877642e-07
2.255377633223616863e-07
3.006827705518983517e-07
3.561143859058563170e-07
3.423605928013663106e-07
5.774242832938503047e-07
1.167067229012938257e-06
3.373933963022377829e-07
