-4.385339247658467750e-08
-6.214820697330955990e-08
1.638867938732038373e-07
-1.624246465151249727e-08
5.150777728204151570e-08
-3.341093313341404957e-07
3.683280579086892260e-07
1.416842420203031750e-06
-2.096413464577082974e-08
-3.231108768022297226e-08
-4.099199294627983556e-08
5.538760055765657924e-08
-1.679639968602355900e-07
-6.544596819632809462e-08
1.505587996516850512e-07
-5.600347025287257241e-07
1.631280726250911574e-08
-6.261309332228513032e-08
2.666449953890041673e-08
1.553304466312511238e-08
1.954738256190872170e-07
6.900949549138411671e-08
3.172634593924147184e-07
9.645520888233103289e-08
3.961509145988266219e-08
-1.857779062567414972e-08
-1.395999996563073879e-08
-1.057234951103237075e-07
-2.885512302997182025e-07
-8.384298898925838300e-09
5.782348058146862115e-07
9.082299821548883270e-09
6.150346245688824819e-08
6.996240988021305694e-08
1.398330002420745838e-07
-5.477473358221468401e-08
-1.329596346213344042e-08
-7.768741148354333757e-08
2.433386777277295203e-08
6.189284900543267601e-08
-2.159182968716626569e-09
7.883414851152805130e-08
-7.117973613924083585e-08
9.253935364495483030e-08
4.851325518529687222e-08
1.548204283470160810e-07
5.672130496463930277e-07
1.671044585004468439e-07
3.297622335114550073e-08
2.070411620692852631e-08
2.565043337252849532e-08
1.131794852600471050e-07
2.834483765661140986e-07
3.368922382816046926e-07
-9.874699478340529684e-08
-2.680358879454962583e-07
3.530581888098166400e-08
1.409247806516976691e-08
8.694372396964565341e-08
8.446953588882880404e-08
2.716984371696120734e-07
4.804062002528927820e-08
3.560065826279302584e-07
1.262128041080489227e-07
7.694125659370318317e-08
1.321043027483344844e-07
6.462304553155115869e-08
1.354053924189265408e-07
-7.971271203606542676e-08
3.177185129576034281e-07
1.220287300566918228e-07
-9.852631268439662446e-08
7.721327731494211316e-08
9.698982258922510231e-08
4.105617367770027406e-08
9.745835679168570276e-08
2.247541519797641952e-07
2.506350533191223373e-07
1.974926759786101115e-07
-3.585276799903531119e-08
8.883942445761818729e-08
1.306399158473903355e-07
1.563558203004888915e-07
2.459207608053365578e-07
3.387781065583112639e-07
3.169923766274523856e-07
1.319034838200107881e-07
2.490863095283979663e-07
7.546842626681330846e-08
1.188585019847936931e-07
1.004027348509654470e-07
2.343748533871837386e-07
2.657513706974605878e-07
1.629366240195325907e-07
3.263157360576819548e-07
-2.248146936850780142e-07
1.015492056691106136e-07
1.809740883612864632e-07
1.327120760349933020e-07
3.607636486235794162e-07
7.037719038971853206e-07
8.043632558665671015e-07
2.615149951055367363e-07
9.119559475249538405e-07
1.198110767838648541e-07
1.467727664795249771e-07
3.069467115914350506e-07
4.149783986559954522e-07
6.227990885156082966e-07
3.582479609891054990e-07
9.989694104034226104e-07
7.664155703074519170e-07
2.094966866058192313e-07
3.504388653085662863e-07
3.717211028136319730e-07
3.219350474246463252e-07
7.958823077129500218e-07
7.777057009171383831e-07
3.837756482410030040e-07
1.485127865419080293e-06
