-3.099795887916437172e-08
-1.658340190567343899e-07
-3.069938563065053138e-07
4.248794128878172277e-07
4.476616400955545210e-07
-1.324399138943540199e-07
3.128709459711681753e-07
1.447554190980293432e-06
2.385369205798122915e-08
-5.247660999736241427e-10
3.535522403571183538e-08
1.088925632650271304e-07
3.367732154985169992e-09
-1.063092437740563974e-07
8.117798147148484736e-09
-2.538553781258150848e-07
2.977205443744667575e-08
6.914289513290890798e-08
1.518597566796372401e-07
3.492217840653358592e-08
3.750714523482964365e-09
1.792440907552000926e-07
1.616862199379981015e-07
3.258378541261511668e-07
1.330612950802205061e-08
1.842429531843833221e-08
2.929911833732798710e-08
-2.434030254212925858e-08
-1.390027451889689399e-07
-2.523834420007490214e-07
3.160532365104409141e-07
5.343085949388552957e-07
5.745218570936891746e-08
6.858329459462322414e-08
6.849010262201203327e-09
-1.927184663463025667e-08
4.484306497228728307e-08
-2.140622900522282049e-07
-2.239633963974395972e-07
-3.888969015654262856e-07
1.777296705828711226e-08
5.745091278789085808e-08
1.400067365056185958e-07
-2.737613474596691106e-08
8.351215130616288324e-08
-1.362619738204392502e-07
6.105864621587674791e-07
4.848339918973549159e-07
3.136986109497718996e-08
6.578814723079345976e-08
1.558085828253627292e-07
1.279421020197083072e-07
1.224583661075293516e-07
9.887275509958242039e-08
-8.150136867313818949e-08
1.805432335859594222e-07
4.725344018279497847e-08
3.160884661311168232e-08
6.317250488466451014e-08
2.093804747210367815e-07
3.702008407648341927e-08
3.704194665168283489e-09
2.023860390331131441e-07
3.433960579515235221e-07
1.956847369722246056e-08
9.136730502654610003e-08
9.766311525810069250e-08
1.500489214924217838e-07
1.693098608729752309e-07
3.130169451877281920e-07
3.663957466521523970e-07
-6.860397841401561907e-09
2.967209482821808510e-08
7.787990789166406619e-08
1.304873258554551647e-07
1.419916970164920536e-07
2.782127377380083489e-07
-1.868467523185827292e-08
1.622877421537334831e-07
4.477206548325697852e-07
9.795522614401381744e-08
9.330163484957808910e-08
1.418218516551711171e-07
2.581118396805031203e-07
2.240038793234619340e-07
3.018918695484005387e-07
2.682883420051191989e-07
4.992216865987839166e-07
3.804936936054898461e-08
1.242502806552984377e-07
1.508233253088886309e-07
2.547341987750708678e-07
2.999160743924027308e-07
2.593219599763981530e-07
5.826379719875647458e-07
-1.831270567760120807e-07
1.025839983451910524e-07
1.025391437738838223e-07
1.479580632769298491e-07
1.777331546157909908e-07
3.577348233055210121e-07
8.081948933247951550e-07
3.417302614022428414e-07
8.364308881928557152e-07
1.207999974020819463e-07
1.864182646841704022e-07
1.529863859344313002e-07
2.592322896381673455e-07
4.057917300014522495e-07
6.813763778837970531e-07
7.953645875583557670e-07
2.938970244132320731e-07
6.551578381316069143e-08
2.251195779685710258e-07
2.649142964062203527e-07
5.267801155256852202e-07
5.235229094193202025e-07
5.531258787298445693e-07
5.462337470707133560e-07
6.940218675503314536e-07
