4.542843145861217533e-08
3.894862558471853963e-08
-2.360619751166540675e-07
-6.760855711227761969e-08
-6.205027718910942487e-08
-3.182617071289882590e-08
-1.395274318730279216e-06
-1.040603875104625525e-06
-4.561997391234465568e-08
-3.507036771953620492e-09
-2.951332642153155349e-08
3.856527321879363878e-08
-1.225591878597412961e-07
-2.324329065875543340e-07
7.161568043274738716e-08
-2.202204827905951394e-07
5.077925206200563263e-08
6.871217085449313175e-08
9.641719954178529809e-09
-3.224446579306061673e-08
-9.178638700296760616e-09
-2.703684616230474531e-07
-6.372533574539436111e-08
2.162685649413451914e-07
1.053589374627938054e-08
-1.368153385299725337e-08
6.214177361448241926e-08
1.968090739750024325e-08
-1.275097637351177088e-07
-2.561532690619950831e-08
-8.818345308990724517e-09
-6.401394023867162948e-07
5.035137895062464003e-09
2.316052446618796712e-09
2.175499760791641739e-08
-4.161499905328147142e-09
-1.280003895481998720e-07
1.391785496205942367e-07
-2.325115357439985014e-07
5.954470414639754140e-08
-2.261261455647515737e-08
9.053176814889954969e-08
5.380713984169449031e-08
2.982006932534866625e-07
3.886453648797397950e-07
-9.049541579824375748e-08
-1.640473613647784171e-07
1.625693243014705027e-07
2.321330055364192055e-08
5.722764390494221090e-08
3.092944578346979308e-08
1.696652676929213045e-07
9.401633948474394429e-08
1.454614497844683630e-07
2.247142381662419415e-07
-1.781284912007436847e-07
5.431170846803959230e-08
4.737660075603074449e-08
6.128423497681899805e-08
7.275944554424596836e-08
1.239597959452555268e-07
2.399075157468347937e-07
2.399317066267517057e-07
9.944781897659210097e-07
8.151501187970403958e-09
6.153210629087786262e-09
5.064286616499987661e-08
1.141364869774896794e-07
1.690906285572785558e-07
1.773921806616274893e-07
-2.692232644041118020e-08
3.179031362304964071e-07
4.851017730972291341e-08
5.892410978469108784e-08
1.634177981995611441e-07
1.309001307142906646e-07
3.043017153026287446e-08
3.327412008694056408e-07
1.419104533533322041e-07
5.112066188587574683e-08
8.267169788941728488e-08
1.050737301999375662e-07
1.168276541252223015e-07
8.908896063373207653e-08
2.373812930180221122e-07
4.577328068895647721e-07
4.836896273962495126e-07
4.300239664028971197e-07
6.201125604992003308e-08
1.006137488538647338e-07
1.369172689412133235e-07
2.305106509071583034e-07
1.160655126875385013e-07
6.126544546051051245e-07
8.383980997716513323e-07
4.576569489816480056e-07
1.253834306774698452e-07
1.139323104852283331e-07
2.618317487697783518e-07
2.544770571502055217e-07
9.905244128572384453e-08
6.753795155658665453e-07
4.878591233182834005e-07
1.054317700554410012e-06
1.302667382573292317e-07
2.263327966737718487e-07
2.456626234023655611e-07
2.835880307389636276e-07
4.997807928933756619e-07
4.839822197914465417e-07
5.091983789077872053e-07
5.192651011888140007e-07
1.797850606201213150e-07
2.503309700841915979e-07
2.517218693271707478e-07
3.764112087523676003e-07
6.727187399997572589e-07
5.432557190572445419e-07
4.046430176921484609e-07
-3.581943307334725011e-08
