-1.186340951157350243e-08
9.019343219012646897e-08
7.662651062834268329e-08
-2.159792642313378362e-07
5.807175744765082467e-07
5.168537972709586221e-07
-2.626326008399083660e-07
1.622641932803395077e-06
2.588242395416852548e-08
5.965344778462687347e-08
7.080478946265500074e-08
5.879451131130468977e-08
-1.869108729035857215e-07
-2.374233172974753569e-08
-8.864028717671668277e-09
-3.754500792377351614e-07
2.396449733983927163e-08
2.986708777641912245e-08
6.422397613096532150e-08
6.554978584160311099e-08
-7.843760248926456348e-08
2.675555123299096123e-07
2.924671911513336053e-07
7.291533058057602734e-07
-2.361588978286622329e-08
5.786649748117504504e-08
9.986228523823518905e-08
2.343692711782031088e-08
4.700332386512581037e-08
-3.233418586807360794e-07
2.631698816532473055e-07
8.018222947403310151e-08
-4.900921780039106346e-08
-3.385464928742436334e-09
-2.469267500491918400e-08
8.464660609193942143e-08
-8.439231750809519235e-08
1.141200609611245643e-07
8.471211843270299826e-08
4.542807916513152110e-07
-6.520876215914617035e-10
7.748087117418135322e-08
5.643521807976372162e-08
5.050113126551113503e-08
7.946607798328587941e-08
1.318164069563007113e-07
-1.952434480546827337e-07
3.995215145661449168e-07
3.267178327691705028e-08
2.658307044604496229e-08
1.461067368297326645e-07
6.225532156507391384e-08
1.488602646785116419e-07
2.208771496140737249e-07
-2.751204440639677831e-07
9.643440731108772177e-08
6.461707687523876051e-09
8.902281756529797062e-08
1.376750816571039105e-07
1.492855632381480583e-07
1.167058178299266909e-07
9.871102272707400053e-08
3.519486515488258414e-07
-4.604766004264149735e-07
3.966616209291026113e-08
6.273719668188975008e-08
1.599662148649974307e-07
9.628767481820001554e-08
5.414074862995336553e-08
1.475722461986399582e-07
2.803085979763304549e-07
-3.535980356714233855e-09
4.511883994183795709e-08
7.994902026079600808e-08
8.931944398156448991e-08
1.265580177487918653e-07
2.718565223539267714e-08
1.770253979264935012e-07
3.637136214597066166e-08
6.819587528123673555e-07
5.252919157415961379e-08
9.859042063563972831e-08
1.630943976826165220e-07
1.533409722270617407e-07
1.902227280098966417e-07
3.375601427456409317e-07
4.317761049807249959e-07
5.209457282881842504e-07
6.333839177439830701e-08
7.711888890925840418e-08
1.250716199050073406e-07
2.274133055588182551e-07
3.449313059316334612e-07
4.535510331392365695e-07
5.462527147007461843e-07
2.677630470528935005e-07
1.272952886899897452e-07
1.408646182510947398e-07
1.171798178424834463e-07
4.148799954913926135e-07
5.812195986331543588e-07
2.976753561784471753e-07
8.337743084583943698e-07
7.225279067380928366e-07
1.268301293925685065e-07
1.452910912353320502e-07
2.963380035398514997e-07
4.064814031720228937e-07
3.160122088958824469e-07
6.427974521860246153e-07
6.161174088113940972e-07
7.451862811848206569e-07
1.168358492267749891e-07
2.415445005966718153e-07
2.217940567929593420e-07
3.291227642807831562e-07
5.927046413813006234e-07
9.830772324482070111e-07
8.165561111643118735e-07
6.483510715065670742e-07
