-7.456746953364904993e-08
5.472458861347385225e-08
6.632067248881298961e-08
-5.646967921149616184e-08
2.450411250135201088e-07
1.107465405663409106e-07
-8.081545776984882766e-07
2.776832175962104033e-07
9.368035779973728810e-09
2.073178759533779343e-08
5.646589152441295961e-08
-7.357056425243437109e-08
-2.280985276809085986e-07
-1.182619248941687486e-07
-7.404217600782146921e-07
1.070855839884277610e-06
-2.137197655086508471e-08
-3.622958202540195554e-08
3.056253889798749012e-08
1.083753019407121006e-07
6.039893636314430934e-08
1.570539244385620422e-07
6.935104941772224134e-08
-1.777126209372129941e-07
1.653253675787065027e-09
1.981413717345363870e-08
4.891373326438186071e-08
3.348598500376495365e-08
-1.091810469684026950e-07
4.114788958073895731e-07
-1.443877999391936204e-07
8.926204987123904577e-08
4.482334567917659805e-08
3.668187676404268140e-08
7.267217973917332486e-08
2.138583627122630351e-08
2.246607282040609524e-07
1.029270145686910422e-07
3.541399411277923019e-07
-6.631369123551711214e-08
1.227729479600108899e-08
6.489292581799966550e-08
4.721632290677935006e-08
5.500029159188408414e-08
3.938371987996262983e-07
-1.047344947471420692e-07
3.676795783464844638e-07
3.020302996343114070e-07
5.164267313032329772e-08
3.534724598106714385e-08
5.241436971905739669e-08
9.756342658158140606e-08
-5.966507352850652377e-08
-1.801514589548033612e-08
1.869060060527311244e-07
2.648790885300690897e-07
6.989536289010636706e-08
7.983719909185527968e-08
1.339297674480526729e-07
1.579065617735835256e-07
6.607967127391688057e-08
4.216009271091159400e-08
-1.893337052695118103e-07
1.152454885254933185e-07
7.026090523316168318e-08
7.653863027085289577e-08
1.275151687565791868e-07
2.509565264174578749e-07
2.302994735739594098e-07
2.479343698514908721e-07
2.148279220086437376e-07
2.491251753338410180e-07
3.830741139249627636e-08
5.927216087762871799e-08
9.680624043242359136e-08
1.442309468082727516e-07
2.941379035357704434e-07
1.519023776947065624e-07
2.710311318686575782e-07
1.894757173104011804e-07
5.570748481275945235e-08
1.372991778013517169e-07
7.350364808660823335e-08
1.819263625256381012e-07
2.512960897528523938e-07
2.196514198450493521e-07
5.530420330785340863e-07
3.087787353590671726e-07
1.024916777850573151e-07
1.159812244037064277e-07
1.490836662404495385e-07
1.488170268834124731e-07
2.131071140723996849e-07
3.267885634240892848e-07
5.618790751141129990e-07
4.978559785362964829e-07
1.307842063592709779e-07
8.625141736536887920e-08
1.982997084296733395e-07
1.379562507023557775e-07
4.131588886640534668e-07
4.646745284473884614e-07
8.831266312319537279e-07
-1.732117443231243559e-07
1.126665505406592851e-07
1.594207388768462946e-07
2.390777317698688500e-07
2.615067799459251880e-07
3.849976350192279824e-07
5.206442785162922464e-07
7.033919891666653421e-07
9.042421951906126126e-07
1.950425489124722343e-07
2.191447222956711360e-07
2.025833564326654114e-07
2.364783765693464527e-07
7.095660863809440254e-07
5.057768229932427779e-07
4.206739922931835103e-07
9.705683192980937955e-07
