8.037170988396681623e-08
-6.641836784717530248e-08
1.692001500765948282e-07
4.619309519756345350e-07
4.003413486884435142e-07
-5.705592030191624420e-07
2.681434062980146042e-07
-1.258621195596598680e-07
9.602139546712363577e-09
8.085604319698867884e-09
4.711751007235040587e-09
2.440197514760708254e-07
-3.190851651681719507e-07
-1.867298393716808136e-08
1.784019321475997823e-07
-4.232769608249870614e-07
1.014954034791253837e-08
2.358339826072675795e-08
3.249976473910567413e-08
8.692735603748482346e-08
7.220455463834392156e-09
-3.638302487145163325e-07
-7.331421407019851655e-08
1.303210998509658879e-07
6.429381078452136536e-08
2.558092129429741583e-08
2.553118213565271749e-08
-7.222826963137404401e-08
2.447841850121311193e-08
9.369658413093094658e-08
-1.414778906396218318e-07
1.162011155054322388e-07
2.674444515309196134e-08
4.280584328756084236e-08
8.641184048780052550e-08
-3.746496452643440463e-08
1.137870062557999072e-07
1.158008080691960909e-07
-1.456671535542902104e-07
1.320583976843890833e-07
1.643240164630909793e-08
-3.374276040335987151e-08
-3.366527763336830694e-08
4.923037266068997132e-08
3.665927584120066472e-08
3.120955671666776166e-07
1.212542018354689850e-07
1.169843986363917229e-06
4.089357288258345407e-08
1.775500623889982382e-08
9.918675310159711942e-09
1.053817606658038291e-07
1.017734854507152507e-07
1.215376688182185535e-07
2.471980983742441163e-07
2.672063619330265411e-07
2.579497077767051512e-08
1.342179310643016251e-08
2.042147836560355537e-08
3.082646563867404578e-08
9.554194720661332144e-08
1.686383612789177490e-07
-5.318719745024217464e-08
2.644289572875193728e-07
1.870683155919826670e-08
2.566365953886999093e-08
8.145601500415202293e-08
1.868187878667688101e-07
6.692543431498336089e-08
1.443101722938842635e-07
5.424449885606168234e-07
-7.539150129794175550e-07
6.784576288932458208e-08
1.224402775651558164e-07
1.651805119149736203e-07
6.511751708197028607e-08
2.400404475744146034e-07
2.524581269959553720e-07
2.266335167623825996e-07
3.134625368095085309e-07
7.803796616843354328e-08
9.631992552443208235e-08
1.264067456099636220e-07
1.615441180277599283e-07
3.582585827873282661e-07
5.037401029875619955e-07
5.149435077310783655e-07
8.648897649423624838e-07
8.051820173284773904e-08
1.005388186056078176e-07
1.876564334972887076e-07
1.933234714901426605e-07
2.184167780281490538e-07
3.554558548050527005e-07
1.670035126106088804e-08
5.353404117182333654e-07
1.709284543766515827e-07
1.267452281242366990e-07
1.419752544806924622e-07
3.812880501945845532e-07
3.988635140880609346e-07
5.405156584466151657e-07
4.091163612103237681e-07
6.341177783258460602e-07
1.684409934141151164e-07
1.554753057942770111e-07
1.989203396794805354e-07
2.687234223074855189e-07
4.412976144983969272e-07
4.671603646224342791e-07
5.479144505665899567e-07
8.406413138538179860e-07
1.640282457160545553e-07
1.147010292671039537e-07
2.358701484307559464e-07
4.541195619378818250e-07
6.358905654652743474e-07
6.620104306332693680e-07
8.844650243181857365e-07
5.925592662603303795e-07
