9.148298962614427014e-09
2.014304683468169799e-07
-8.813444850621919313e-08
1.716138350584809292e-07
2.075924844205521287e-07
-5.881320639696287692e-07
-1.634492246492511981e-06
-4.522781186483816185e-07
2.376977969982357033e-08
4.587354548395935996e-09
-4.430082567529429866e-08
9.376084919412348380e-08
1.003739466311981381e-07
5.261618016191171496e-08
3.034478969457341216e-07
-4.401426387652050743e-07
1.902918893896559364e-08
-5.388290680247345885e-08
-3.186314648936182293e-08
2.121658655648175789e-08
-4.316999348063015481e-08
1.960296426978199549e-07
2.285684196268789697e-07
3.131221456105726749e-07
-1.708225033625658927e-08
-4.886217877721964625e-09
2.479048128109392537e-08
7.208737596642831532e-08
1.948908031592672557e-07
1.574575828311283141e-07
2.475889621972733932e-07
8.983350331786924703e-07
1.623573898596712256e-08
4.164695411886615266e-08
-4.699606934905000046e-08
1.164603023506430219e-07
2.196752120626639621e-07
3.898402057232544391e-07
2.982325109362261424e-07
8.487568757396757873e-08
2.945217250741859085e-08
2.893249635924688911e-08
1.541960595311687385e-07
5.238668608019313249e-08
1.038157467889456510e-07
2.718237699559707233e-07
-1.353157512382812096e-07
3.827609450666469422e-07
4.574554238276610009e-08
5.448802344506626433e-08
1.682752030522616002e-07
1.175397718262222432e-07
1.174958295363160337e-07
-6.384851731416181996e-09
-1.944944849740682519e-08
3.129727625130334993e-07
8.971210984286168179e-09
4.686225499900675948e-09
2.499588608275628131e-08
1.062092539025609593e-07
1.915192823743824480e-07
2.794067270507906606e-08
9.661278028420090397e-08
3.829742743171735915e-07
5.626113103983379104e-08
-3.192648129733838462e-08
1.489247424063293899e-08
2.007228244949108032e-07
3.778031191775002207e-08
4.750656593601475111e-07
3.194971361830511346e-07
6.550646203670228380e-07
3.057210989733614526e-08
2.822911788381848479e-08
1.278923028194807141e-07
1.602074006465671634e-07
3.397212290576542888e-07
3.172965980035962470e-07
2.750648360610533365e-07
5.995260850682956397e-09
7.072327450314444493e-08
1.088364207360976749e-07
1.247475685142334320e-07
1.420680000558905677e-07
1.042238047696614617e-07
2.357359710227255380e-07
2.213226928476867214e-07
-6.878855289816595480e-08
6.162342401479866959e-08
6.552272092194849891e-08
1.590792017667445264e-07
2.492836851319515795e-07
2.699052270244513101e-07
4.250122399857533738e-07
2.121524760641269179e-07
3.830293370464462970e-07
8.782187004089314474e-08
7.149974116469855385e-08
1.543681309952830539e-07
3.525686323454552413e-07
9.991422039019505231e-08
3.974347197759731809e-07
6.637778668455021139e-07
6.026066869651782309e-07
9.692519740781445740e-08
1.619800337697574821e-07
2.278968590713133025e-07
2.883602186991532429e-07
4.209570490199736932e-07
5.913112387068978675e-07
5.480537153479681397e-07
7.294702039785587163e-07
1.429659943156901482e-07
1.584702400166030230e-07
2.416411916699738032e-07
3.237510394015713663e-07
7.132063173429046119e-07
9.895915956540779135e-07
5.620272327780176310e-07
1.337225011443503353e-06
