2.173950896074477135e-08
-2.394200645714925237e-08
3.231945559334494095e-08
-9.435158604666971922e-08
-5.798151284730881987e-07
-2.631132772106638774e-07
-2.235931731306017086e-07
5.450755015215923471e-07
-2.052249114588705645e-08
1.616949773780738730e-08
9.798183708310907068e-09
9.035374324827791386e-08
-2.661598617050825282e-07
3.536297236203826786e-07
7.414382310706763654e-08
3.687780515958265546e-07
5.262444714389021373e-08
-4.079413771046310725e-08
-5.093151943930188345e-08
-3.669324774206665812e-08
-1.840360495505230423e-07
-6.407563252552541841e-08
4.666005308211364761e-07
3.080148654258335147e-07
4.569871763906609963e-08
-1.891565318898006569e-08
-3.786313311096101071e-08
3.602691991881096217e-08
4.969527065260310138e-08
1.577043583994494573e-07
4.598016097504498976e-07
4.244503534352032278e-07
2.587625978790756871e-08
-9.522016800625581703e-08
-5.297553736643834984e-08
-3.644586611126649731e-08
-1.038377124273813731e-07
1.177558352331120394e-09
2.128145778540731056e-07
2.278188300817692012e-07
3.551430683831947417e-08
7.443112524569650780e-08
-2.317177292989345306e-09
-2.723685324336900722e-08
5.665936199083913444e-08
9.585713094048198066e-08
4.340005907571990859e-07
-2.776053366886691573e-07
3.604900315511614277e-08
1.617047216616307873e-08
4.519423472843546640e-08
4.963282204599344697e-08
6.167355254747581770e-08
1.768777016656516724e-07
2.644139259531094975e-07
-1.464933711986688607e-07
2.809213852510399241e-08
4.190214647137853402e-08
5.648784694977767304e-08
2.015248465976712884e-07
1.539831131021509255e-07
2.739579537236657603e-07
3.447457786882156436e-07
7.047716164962736022e-07
6.552143293270347446e-08
7.030397900464803573e-08
5.618956729546735293e-08
1.068682983748684964e-07
4.497485011858359606e-08
2.847796757823645480e-07
2.087001300440966455e-07
-6.104077886195241270e-08
6.239862411944927545e-08
5.667699720987523055e-08
9.180380103386806857e-08
2.144712114201876735e-07
2.336877116487783529e-07
8.365221360486113746e-08
2.355067118424715719e-07
-2.849262894261231473e-07
3.266270358902491886e-08
3.806617257439732104e-08
1.570245098130967944e-07
1.002713133875697276e-07
1.932150810364148226e-07
3.796225150479074141e-07
2.629574843209709052e-07
2.779098895422722922e-07
8.786374224070666210e-08
6.917788772853060222e-08
1.889762826148471359e-07
1.984600987514378972e-07
1.627400376451238130e-07
3.427115843892769716e-07
3.534005517907740926e-07
1.546636923412187348e-07
1.177777772332055835e-07
1.869134402522037777e-07
2.073593556386812005e-07
4.334154754387369901e-07
5.165825493314602639e-07
4.996431982441012896e-07
7.638926431634867806e-07
5.275335403338755490e-07
1.531999735377062062e-07
1.635741963561395049e-07
2.451692819608491384e-07
3.888224069252412492e-07
4.759319612447313440e-07
4.550527965913292312e-07
7.308496254758407421e-07
4.903109629290072574e-07
1.877363469609772674e-07
2.292548725546812553e-07
2.852770392468588884e-07
5.554896520831140108e-07
4.557908668090021193e-07
6.247971496618477925e-07
1.407855234452147595e-06
1.040298258468195607e-06
