-2.078776244655896354e-08
-2.488227308433828480e-08
1.167277318960032489e-08
-3.690809995634165291e-08
5.577614339420421545e-08
3.777146258771993447e-07
-2.376201061198130052e-06
4.049540202558985604e-07
2.136602315325215403e-08
2.835528370516656769e-08
-5.977403166350916048e-08
-1.326749411169812980e-08
1.879192068298887982e-07
1.171711079876421918e-07
-3.355130072203213895e-07
-7.171083997962397262e-07
1.417917558388566852e-08
9.196211641448134237e-10
-4.343889829939144164e-08
5.902034466239456026e-08
3.634093562046257590e-08
5.026408531933092143e-08
-1.097129932459886370e-07
-3.443105912473216733e-07
1.825441374815143124e-08
-1.941172117493549357e-08
5.701605336888878388e-08
4.040665877041962048e-08
1.532487464588761847e-07
3.888949823882465545e-07
-1.679333146934640209e-07
1.791274330047540739e-07
-5.990509894120484367e-08
-5.602922962879103903e-08
1.218746481475550036e-08
8.205802452386801420e-08
-3.065760835699300378e-08
1.489768051245610441e-07
5.100092999105942438e-07
-4.846562365994234898e-08
4.061010681267874515e-08
7.199943775072759613e-08
2.382131027546051254e-08
-7.515211425200155316e-08
7.794117053251525823e-08
3.983145354057980507e-08
3.404243996116200941e-07
4.883404457743972419e-07
2.554593858994749193e-08
3.845737727322319844e-08
6.816050944390082741e-08
1.360881723305041655e-07
9.124145276137721829e-08
2.118779339798927467e-07
-8.688747315528564791e-08
-1.916369717218775408e-07
7.057621626276460098e-08
4.187361100258934666e-08
4.284332897182707293e-08
1.157010884843907064e-07
2.174757153173478352e-07
2.038424809933511662e-07
4.352495523300260054e-07
3.530475268892415258e-07
3.134806215525724530e-08
6.734936454241247672e-08
1.410899793295406874e-07
9.783074938858664846e-08
1.865774288824166976e-07
4.112170439995005381e-07
1.500208551164853942e-08
8.749039393868603561e-09
4.199246156335291901e-08
8.088097001557499547e-08
3.131935671064756508e-08
9.669705111926410042e-08
1.522235647623681731e-07
2.150092771042745092e-07
5.694898634550103022e-07
4.246346017201555368e-07
7.533225743060197872e-08
8.614347146135971576e-08
1.134797071168346461e-07
1.462029764979252157e-07
2.391066034121864955e-07
3.207782219758695138e-07
2.066504806055192719e-07
7.726992998597489521e-08
8.806548171333169422e-08
8.449939596100842809e-08
1.186225503075739139e-07
1.654365049037515192e-07
2.093304824383922620e-07
1.782861080230749051e-07
5.726135127701203685e-07
6.267181575697362520e-07
9.191464973332632802e-08
1.415420506936611486e-07
1.985989148466116769e-07
4.210718727705938476e-07
5.382520150796171756e-07
5.130493982277690041e-07
6.161288157017146397e-07
1.311852519083677872e-06
1.105959955689150539e-07
1.961780000704843096e-07
2.185678921010509321e-07
2.799967200432697046e-07
3.788154324769128480e-07
3.200993502653273919e-07
8.722688371984009818e-07
1.371120620124148492e-06
1.671834328312027495e-07
2.623433481334191510e-07
4.806102417540800688e-07
4.684138652519045162e-07
7.296200550139611997e-07
5.495864884696082003e-07
8.899299878571712778e-07
6.620525705598556192e-07
