-1.494506711555601720e-08
7.535386481689203153e-08
2.442108382718287118e-07
2.672253263487281532e-07
4.339980422545669375e-08
-3.590128913863484976e-07
6.804195502705364566e-07
1.859608008013340968e-06
1.605939640499772504e-08
-1.085377772629911178e-09
-3.999231928965576489e-08
-1.089529987653891643e-07
8.618876989824804750e-09
-4.660341850220687143e-08
1.027841129381840272e-07
1.169868125992596043e-07
1.795901570145032447e-08
7.013695407956715812e-08
7.161497073349483128e-08
9.322639395491212222e-08
4.490214792915826730e-07
6.377626096705572086e-08
-3.156399815510919935e-07
-1.185557138259489183e-07
3.138226292347176154e-08
7.362006947259509019e-09
-4.598452093608928692e-08
9.019820151810930083e-08
1.079353505755335221e-07
2.549840358532353427e-07
-5.401686263774131496e-07
1.357542375816903460e-07
2.526367942675433054e-08
7.925555953897575319e-08
5.468661800757330430e-08
-7.619646928383764047e-08
9.615889508547425082e-08
-3.469579933480561646e-07
5.552870336160571229e-08
3.629685587315316245e-07
2.088165763851072487e-08
9.756303044951402028e-09
1.058609564235399755e-07
6.766310881902172301e-08
2.957901940110098328e-07
2.935964309062114885e-07
-2.750536418969359898e-07
5.357886461661590723e-08
5.587581148021675936e-08
8.104096719430663530e-08
6.176683348485837749e-08
6.999348929232403749e-08
1.356329724466473936e-07
1.385631223776884845e-07
1.955416612218965655e-07
-2.803291245235081521e-07
4.079388144370193016e-08
2.179094756764202410e-08
9.848083196913225949e-08
2.451834504565151273e-07
9.211678959849052379e-08
-1.546252506277174066e-07
-3.147250307094137942e-07
3.183679812953476763e-08
7.169946874874447751e-08
8.333748763954458379e-08
1.245286776051831330e-07
5.997718294584612354e-08
8.564663657423222462e-08
1.136396991898365449e-07
-1.497691630161954337e-07
1.826274525464854710e-07
6.864269551914214573e-08
6.547400558950270379e-08
1.063066772067309969e-07
1.735625829316465586e-07
2.099548349379614673e-07
1.029443883884873233e-07
-5.368259248455691762e-08
1.660640602910017721e-07
8.261794964672697241e-08
1.182742456187192988e-07
1.784929283482778580e-07
1.571395882398233275e-07
1.549489505881670763e-07
4.203075694152191033e-07
3.978487175953484728e-07
3.169815908012253202e-07
6.532854109453882108e-08
6.803995541278889533e-08
1.430674888771643609e-07
3.087385364840246233e-07
2.570246987926211951e-07
2.531799415031194048e-07
2.250024599762338633e-07
5.331922672654248050e-07
1.469813558175738578e-07
1.207118000664916546e-07
1.038842075879869675e-07
3.485187408532763564e-07
5.437624128390007534e-07
5.577012635865347406e-07
4.585575313680345865e-07
3.791533993942503722e-07
1.415474022871933691e-07
1.209444383966060002e-07
3.142709256738844721e-07
2.974549314700008479e-07
7.090879098562950314e-07
5.477765230143369183e-07
8.167565332125752391e-07
-8.699940933634984666e-08
1.814541224218274608e-07
2.606391796988143803e-07
2.937371125646531145e-07
4.537405452974582282e-07
6.690528847709153423e-07
5.571455165622317468e-07
1.154765088338939737e-06
1.023105702568763705e-06
