1.457330714826256867e-08
-6.206740441940132842e-08
1.663013074404378195e-08
-1.147854564480580670e-08
2.070559919420317869e-07
3.315156246696185097e-07
1.243267067034580216e-07
-2.576653993473263790e-07
3.263543148808650573e-08
-3.346093185167769096e-08
1.473773272666440446e-07
1.143091436640973464e-07
-2.419291407720593085e-09
-2.605284494199419445e-07
-2.097999657329414918e-07
5.770965651094079433e-07
2.197064573902335702e-08
2.337482595856672825e-08
2.796933620108366796e-08
-3.817331042374814374e-08
1.432891063817215329e-07
-2.331550631920286582e-07
2.049116657413618594e-07
2.028119976487588849e-07
7.776696544334195762e-08
1.204026448203883366e-07
9.751520615988632576e-08
5.650192999389883111e-08
5.882749840802843768e-08
1.779136124391839986e-07
-7.476605923978585382e-08
-3.266312612403871056e-08
5.980559945044524007e-08
4.213004534849379786e-08
4.460648096082942490e-08
2.882336264923931483e-08
2.435549843062739923e-07
2.469029837049030309e-07
5.987247270312990306e-07
3.936107345942942551e-07
2.912713179523741731e-09
2.498935834581318285e-08
-6.331756956293707420e-08
9.254933705161483473e-08
1.637275257319978985e-07
6.637746412541858204e-08
2.487230140160263871e-08
-4.373363017906879444e-07
4.769099776790571250e-08
5.620058593158169637e-08
5.091795569385595438e-08
1.134124288977879299e-07
1.292237456702465247e-07
2.117061106735989331e-07
8.517515815927365088e-08
-1.668037714876386734e-07
4.791815866969047642e-08
3.753875863681964407e-08
1.001632314387275169e-07
1.601157276847386204e-07
9.089666892046279921e-08
8.909098508112366601e-08
7.446682282507307931e-08
-2.031416044014866286e-07
8.993343639801728332e-08
2.579719495547854401e-08
1.079966712633879210e-07
2.402205395394247925e-07
-1.208770463194643383e-08
2.970743164681193082e-07
6.157134085012475491e-07
-2.871348749397116952e-07
6.770379535168882694e-08
1.119130907723790233e-07
8.018359679754559206e-08
1.289098562733404583e-07
2.033429602790858784e-07
3.305431588006816249e-07
-8.654293243025533634e-08
6.866739703668545707e-07
8.144844121839525688e-08
1.006219239370993349e-07
1.104829709014301123e-07
1.614342987393411888e-07
2.167585968408391835e-07
4.377561790122291242e-07
3.757181358822006334e-07
6.424385287256363786e-07
1.174022037194654211e-07
8.017307554565639461e-08
1.713471844097420881e-07
2.551832823785438218e-07
4.575763570592517731e-07
4.358212948660106441e-07
5.048695212079240396e-07
2.135256703994820160e-07
1.264344774600871631e-07
1.524446845799599167e-07
2.102250024256028204e-07
8.177197387819648774e-08
2.446261367814460214e-07
2.909432823000670106e-07
7.413270125020899451e-07
1.079029667857078233e-06
1.833881202595755356e-07
1.486309687470123511e-07
1.680821342929419167e-07
1.976140818350104937e-07
4.995646363447213297e-07
5.516952515255093802e-07
8.560823599160947274e-07
4.724818468937842218e-07
2.359319867783055146e-07
1.489025979779082335e-07
2.500272557786050379e-07
3.871512128536529581e-07
6.699824163037797875e-07
7.951365392001638416e-07
1.147115428282388346e-06
3.990754304211206838e-07
