-1.265389953387119625e-09
3.105463391731076263e-08
1.180754018998833320e-07
-1.162735216011099366e-07
1.405003353193948874e-07
1.930570711398595646e-07
1.396407671304827269e-07
-3.664711875977250416e-07
-1.449648480429806050e-08
-1.427669780345313231e-08
-9.881688937561342367e-10
-1.218983668585327049e-08
1.414048548113119146e-07
1.241473978113811095e-07
4.041381394619966942e-07
6.978467565667777536e-08
3.366797578804297489e-08
-5.090070419041417643e-08
1.219649765767959127e-07
-1.724656002551839043e-09
-4.692989908897373202e-08
2.427171723240714745e-07
-5.267229950826215585e-07
5.158736137236038389e-07
3.689650492090518552e-09
-4.538976194228213111e-08
2.292097793137085300e-08
8.598691200316605633e-09
-5.187621095540953723e-08
-2.164993140080834598e-07
5.723476014494435097e-07
7.727341413182417113e-07
4.164266212123644366e-09
-4.591653736235850592e-08
9.370014899454781746e-08
3.064660389042167685e-07
-1.411870532355562753e-07
4.563647429432746317e-08
-2.864351211452180805e-07
-4.468853760017069386e-07
3.466993733906114303e-08
4.939297322722618900e-08
8.398165406795270808e-08
2.903129512575447695e-08
-2.734975082911952832e-07
2.685121657761621560e-07
1.008942004035116607e-07
8.413348968276241958e-07
4.589908281631358939e-08
3.334077932523879393e-08
7.541998205004212146e-08
1.087299382616787406e-07
1.554697784941622149e-07
-1.046403288105229565e-08
6.222890888389008184e-08
-3.540516437535389344e-08
1.272889532997384480e-08
1.701751904159661290e-08
5.029448724198650009e-08
8.610541998918993124e-08
1.511674016111935026e-07
-3.098631762027875523e-08
-1.384710823566719712e-08
4.328381508244933634e-07
5.538186284350219784e-08
-1.491017997743687893e-08
3.924817113766870833e-08
8.302909130132066287e-08
1.862962577750424477e-07
3.279984734293748631e-07
3.257611102835394383e-08
3.168579874412450287e-07
2.484576916044471163e-08
4.247790248586046771e-08
1.370981060562747401e-07
8.090114050868417657e-08
3.501316840323001125e-07
9.418300483848024877e-08
8.083154796761956524e-08
-1.600475884688776746e-07
4.485925774402984724e-08
5.123309940798506049e-08
1.255476504991720614e-07
2.393990415503958169e-07
3.432146813995268072e-07
6.174034162941227809e-08
4.654902764257224815e-07
3.985087890990164450e-07
4.164597138601211972e-08
7.290100680377858185e-08
8.803466295712621203e-08
2.084339525403176949e-07
2.694066539376371071e-07
1.844985835503032894e-07
2.626164567591638804e-07
4.513931831869698966e-07
1.286564623044267042e-07
1.285630929666246828e-07
1.749461501725581858e-07
2.981925380431316526e-07
6.943184300003057875e-07
5.838114909349639567e-07
9.691823420294802133e-07
1.062954728903183526e-06
1.334516926505444022e-07
1.628684746392180973e-07
1.812189852428994576e-07
3.282427925168024849e-07
2.139165571743388128e-07
6.084045602304343533e-07
9.769090604731968177e-07
1.011721061983204340e-06
1.427765557984329850e-07
2.666260867680390672e-07
2.875174886168773828e-07
4.112105819881494080e-07
2.179362603102537065e-07
8.540453039444350751e-07
8.939903546045791765e-07
8.855736774967556595e-07
