-1.906177089757433949e-08
-2.248112389029260610e-07
-1.534736799018285296e-07
3.398888697004878118e-07
2.668798772430616583e-07
4.648181757468622483e-07
-1.924464227251444585e-06
-6.072383992788014695e-07
-7.523129536037351438e-10
9.855221386465279399e-09
1.176749136228089417e-07
-2.499205628138422038e-09
1.707304340807243643e-08
1.930599313284482724e-07
2.317359251865081290e-07
-4.243668658136738690e-07
-2.460591006643550708e-09
-2.493742265613634023e-08
-1.322167319099431982e-07
3.694597928581832633e-08
5.352401415166989279e-08
1.745135094992029066e-07
-9.546665690546127732e-07
1.249487159644102347e-07
-3.993360128221227410e-08
2.461256548944912821e-08
-2.816909729749415086e-08
-5.791118376208254753e-08
1.040118235420396748e-07
3.502916201947898331e-07
1.259253406414417722e-07
-8.399240762241322056e-07
-3.687043028111108765e-08
8.325597777473056607e-09
-7.387945933593067953e-08
-2.693038165677710102e-08
1.902971080676349932e-07
3.877275183159910289e-07
-1.924779378312662970e-07
-4.424378006919708046e-07
4.431352326268175746e-08
3.798190075069712089e-08
1.436033994994590756e-07
1.000986395567480487e-07
1.883092884352944483e-07
-2.013652519156419418e-07
1.173063911755981031e-08
-3.713066545999781789e-08
3.020575798282472111e-08
3.831994743339943700e-08
5.737676468206877669e-08
1.393921991219313347e-07
2.645953827815764420e-08
1.412118285189709646e-07
5.403897731156741088e-07
3.451803259257554339e-07
3.512604864129029385e-10
2.971679947714922289e-08
1.106332840108452841e-07
1.406697495114244557e-07
6.624509705228009418e-08
2.320310168829982045e-07
-2.285135769901709021e-07
1.631663717174880882e-07
3.264771095185575846e-08
9.563867697121011103e-08
1.411411025491799316e-07
2.543870468267894106e-07
1.669826058616923647e-07
4.255670777170760733e-07
-1.279569959367923609e-07
1.950919986368171874e-07
4.401092099341752246e-08
1.095077268749662432e-08
2.394672831603282528e-08
1.501176763746896934e-07
2.405478995134808706e-07
1.613835609763508203e-07
-6.196107170897465102e-08
4.552277133491387715e-07
6.105291903915598543e-08
5.561824190407128188e-08
6.412033550199495500e-08
2.378363632258518125e-07
2.445101245911613241e-08
2.474158553674154435e-07
3.641002636889824085e-07
1.984280440250472763e-07
9.273966808613196997e-08
9.983174825656784402e-08
1.093223492702028218e-07
1.684681317788008655e-07
6.427165055256841070e-08
4.624869073452836744e-07
5.052446672305489003e-07
1.847025474313550034e-07
7.595099450652897912e-08
8.928066825427667415e-08
1.307629224298243273e-07
3.190055593951529728e-07
4.668247365369505649e-07
4.460318753763321888e-07
5.756084993067232946e-07
1.187610200194486404e-06
1.291602819540354035e-07
2.009542989278824370e-07
2.461407319438031897e-07
4.092571056725381054e-07
2.208339684079453284e-07
5.936472422641491036e-07
6.224710100076969345e-07
1.697691048151417297e-07
2.108275811911874617e-07
2.173990392120972444e-07
1.079596116348420755e-07
6.003956642086690519e-07
2.224658325062103690e-07
4.552774496725027037e-07
1.010139947068906379e-06
1.510092968017432002e-06
