-4.364093368096340488e-08
-7.229762393423374397e-08
-1.081868237063108054e-07
1.312076880725859847e-07
4.795238775923608749e-07
-3.180353853449396580e-07
-2.836104370190924735e-07
2.468338773714887213e-07
-1.716669064510395000e-08
-8.995651592354634032e-09
6.221247022933776946e-08
-3.366884411754550022e-08
1.850133965622495889e-09
1.618233489212189756e-07
7.960565156901356648e-07
-3.615344345186885391e-07
5.753297543060027473e-09
5.054475677812070441e-08
6.786222137778933058e-08
-4.265431327790171932e-08
-5.869567168806153502e-08
-8.303482179932723234e-08
-1.311469817783768905e-07
2.273260167503227607e-07
5.982143954839805599e-08
1.039434597038305600e-08
8.134077835312899090e-08
9.005576454464158959e-08
-1.449525120733865021e-07
3.519499821848334012e-07
-4.420644589009771413e-07
9.494926449218674312e-07
-1.823762226280477618e-08
6.103356272418912389e-08
1.562730217378261897e-07
9.415584242499271519e-08
4.789308695370304726e-09
-3.205087239283041464e-08
4.145818064263503123e-07
4.785478463354161287e-07
1.256542212559777828e-08
5.854854603139162129e-09
4.909902626006312635e-08
6.331227458533725378e-08
5.812109897378835029e-08
-1.659589297034639774e-07
2.986169540179076778e-07
-2.472337296780141121e-08
1.592351667365919173e-08
3.819212113664053369e-08
6.787333820747637631e-08
6.497204014433761100e-08
2.191156122676359252e-07
-7.911079881365292192e-08
-1.059699510389610766e-07
7.207798395508331203e-07
1.617771637973957733e-08
7.172339345637614666e-08
1.202238462376079112e-07
1.077336719507148636e-07
1.118815806577262524e-07
2.227237780081562044e-07
2.477169381693730860e-07
-1.534194085673054812e-07
-1.885758649553572416e-08
4.392822775554590883e-09
9.851957415456739405e-08
1.216276557715225820e-08
2.304709525952630288e-07
2.859534244482191531e-07
4.534623442808830784e-07
-3.078562121160383542e-08
5.773299343569481486e-09
5.977716690767260488e-08
1.565414030924299869e-07
7.419112587710958759e-08
2.538641421708015617e-07
4.459939970722027086e-07
3.418729517930382905e-07
2.107143956037968422e-07
5.731498572981902508e-08
1.094941500738915701e-07
1.353864270286414191e-07
1.190400797375423264e-07
3.306015232192300482e-07
2.574781580093465207e-07
4.307117189127902410e-07
6.770218850216538866e-08
6.149346964359707459e-08
1.267197932385038077e-07
1.426581297232925484e-07
1.397001107219029295e-07
2.448612218160063081e-07
2.477393463921843843e-07
8.223892628154447234e-07
6.620583567278883458e-07
8.613148745602513346e-08
1.191986773099496449e-07
2.171666649044609080e-07
2.967988881421402816e-07
2.090240655935209132e-07
5.182484452006493426e-07
1.101272738794446965e-06
5.492418735261364523e-07
1.279284855339088928e-07
1.690607587682164817e-07
2.964696098278793270e-07
4.034993427023875416e-07
5.589634096966662839e-07
7.680016415671590921e-07
6.404137725203016609e-07
8.099583588763806345e-07
1.599698496172156013e-07
1.730027841270417218e-07
1.785226768432928791e-07
3.566958087554490963e-07
3.844744300539999157e-07
7.975104824167097174e-07
8.658903682080020078e-07
7.130633990180973904e-07
