-8.804828702384154640e-08
3.988106761976264180e-08
-7.377361882925420219e-08
1.657006975437538546e-08
-1.312110237255133392e-07
-4.656243579804105790e-08
-9.674892885168351004e-07
-5.056750519541218469e-07
-3.427539277806833872e-08
2.301260370022260099e-08
2.334321793488311066e-08
-3.033372535756624404e-08
-1.419940571063005594e-07
-2.611312253926910452e-07
4.003383938351333957e-07
3.847679590400412375e-07
-1.201277844069979938e-08
2.049624057070632270e-08
-3.838590489881843027e-09
1.497639977656985996e-07
1.665238387760535822e-07
3.679091546657290574e-07
5.025770996917989159e-09
4.492705513635061870e-07
5.736651326375896625e-08
8.791487768505447337e-08
1.624199007831963910e-07
1.736698661402868702e-08
1.960220513195120572e-07
-5.709266029775777443e-08
1.411485803582930844e-07
1.424394201421761319e-07
8.276983478855475148e-10
3.886125990357260117e-08
5.397356274168203010e-09
1.472276915694503150e-07
1.514750816204394056e-07
-3.545300097080169124e-07
3.202154390739712450e-07
-2.492799909312691393e-07
-1.524262770270247352e-09
5.679944924542136972e-08
5.550505312087686913e-08
4.321710394469487219e-08
-2.251683653888370080e-08
-2.079008222468342346e-07
-4.955046594437215673e-08
1.147679497689551410e-06
1.862270528773042444e-08
3.744230520710983248e-08
4.671199784201097232e-08
2.576433205934542279e-08
-8.069774374225713543e-09
-8.988279056590818217e-08
2.620578514931625850e-07
-4.973108918353829094e-08
3.560873189908284563e-09
5.934654946624204680e-09
5.654192604058812533e-08
3.510021114775015504e-08
6.284069817585903800e-08
2.064192793016595576e-08
4.344124899737778351e-07
-1.815333958515007203e-07
4.191003554141777283e-08
6.076167758518372768e-09
-6.992624405366874734e-09
1.071396749024316024e-08
8.049273663715597070e-08
1.089024779772503410e-07
3.429919936278362850e-07
3.793241759248274065e-07
6.368017607427280030e-08
1.264161165205865908e-07
4.433175915167443327e-08
1.371996746639287958e-07
2.127984471175828151e-07
1.601750745393276824e-07
5.313712927826966138e-07
9.776592450702375024e-08
5.716954348174198658e-08
1.448726095605060409e-07
7.344613418606345702e-08
1.607447859674697186e-07
1.917972907218964024e-07
3.612480196721940669e-07
5.601059516694058307e-08
1.153954427347031144e-07
3.963545017862710067e-08
1.235284789037961782e-07
1.388481465501410970e-07
1.573226266247740217e-07
2.330506572063787968e-07
2.429921552274409090e-07
4.039945423912609479e-07
7.791523863488009266e-07
3.945502715591344420e-08
1.563641643104199686e-07
1.200603285299280082e-07
2.450362964515823144e-07
6.307542569413356004e-07
8.115117027684283678e-07
8.196346388753967230e-07
8.154252504335248739e-07
8.387289717665319085e-08
1.578246633244845517e-07
1.995287111039527504e-07
3.878598333675533343e-07
2.866862386170305672e-07
4.178201524503676172e-07
4.694870190349738746e-07
2.703054722557484453e-07
1.304545695025595872e-07
1.419797444460175623e-07
2.609247520659991289e-07
3.202864448612923592e-07
5.437668792715189647e-07
4.492281587965302439e-07
4.618423739220933976e-07
6.210223245343217748e-07
