-4.369116206372400515e-08
9.029563979447052031e-08
-7.303245741217689137e-08
-1.861488490805431880e-07
-1.897645958545325692e-07
4.040000493075526705e-07
2.274491211296935849e-07
1.007997709878146771e-06
4.416327700660909576e-08
-6.364002422191805669e-09
4.347645666870850189e-08
5.190513689715218874e-08
-1.107745769716247521e-07
-2.187445369075494828e-07
4.479715917936674576e-08
2.256721723545915227e-07
-1.337455083109283719e-08
4.085169323884580672e-08
-5.178867739490755963e-09
3.804221983506126592e-08
1.367329425969534433e-07
8.310224822775498168e-08
1.803080292815032754e-07
6.988548251312074356e-07
-2.277946961247383649e-08
5.501671661309577910e-08
8.328950018523153342e-08
1.229119943971893269e-07
8.653428963282740922e-08
9.790524919902257252e-08
-1.244934918919116474e-07
2.408240957071426372e-07
-6.624324729690155421e-09
1.248647942573808779e-08
-7.837022502412609427e-08
1.009321445025328021e-07
1.835047131716435164e-07
-1.452912016736484413e-07
-4.165447510037548164e-07
-1.100984709994665110e-06
6.911018735088814129e-08
6.831493475424987017e-08
-8.033225240724668649e-08
-1.173179391029328954e-07
-6.756897791205337709e-08
-1.725547424240274093e-08
-3.157197886563531214e-08
-4.830807205870747504e-07
7.407644979796969726e-08
7.198936598360778280e-08
7.381905318658114974e-08
2.433898811884213039e-08
2.599015899156701031e-08
9.638953019520731289e-08
1.178094888117832903e-07
-2.211108662213548198e-09
4.467461829332849432e-08
9.743835724726906085e-08
2.361408506190212022e-08
2.552224772406894053e-08
2.786918063125585484e-07
-2.005057635036352781e-08
3.428805702217722443e-07
3.976126392131861382e-07
6.214086465844636547e-08
1.020172649961075541e-07
9.485152858728551918e-08
-1.919562463996354856e-08
3.612570805251634342e-07
1.317129492690781838e-07
4.840984209730448077e-07
-3.522642252945804096e-07
4.036254119415790277e-08
1.342888074087598961e-07
1.377448397334298862e-07
2.242552992427227617e-07
3.064649191372457632e-07
3.204197686774126527e-07
-1.106381780262054507e-08
-3.569869899696134962e-09
7.149775757313299987e-08
7.896963309481913512e-08
1.562958008758490093e-07
3.203802862646145678e-07
2.494806213478705128e-07
5.302086028577943871e-07
9.972464173374768643e-08
6.017255524833049697e-07
9.693659217013827244e-08
1.315402289458672448e-07
1.173213671538050003e-07
2.132168941825473878e-07
2.829311588643520429e-07
3.286053744991226644e-07
1.579763231879732257e-07
1.074953977730724207e-08
1.517815512757436496e-07
1.229222881238864628e-07
1.405038122655511602e-07
4.267877977717232227e-07
5.000672237906511408e-07
7.089376679718333538e-07
7.983854638954545889e-07
1.047258928736063159e-06
1.396557131355636870e-07
1.371224606216287744e-07
1.700274188469908325e-07
3.507265255655905923e-07
3.528290258559390492e-07
4.428566285807648913e-07
7.315208526279219834e-07
2.717151092144519007e-07
1.951114017173061238e-07
3.323533748218384204e-07
2.181488949050098009e-07
2.437132197782188593e-07
5.760609595989712184e-07
6.826091469196268157e-07
5.325672882651780830e-07
9.114813654069528849e-07
