-9.548593956689737616e-09
-1.090495456827838927e-07
-6.440668431968369829e-09
3.033536235162031466e-07
1.859417945165050266e-07
-8.392768575316032668e-08
-1.012170830431541777e-06
-9.133347638886710813e-07
-4.070473806770744503e-09
1.762057193513207812e-08
4.993636164552632096e-09
-5.733061248350123041e-08
2.357687245576427146e-07
2.303922188032477886e-07
-6.850025519656710771e-07
-9.460002255537955899e-09
-6.694292997106690646e-08
-3.268867711022678834e-08
1.142479235351715663e-07
8.898196559466513298e-09
-6.704909152928793244e-08
2.899550362109764018e-07
3.246560814519755844e-07
5.388255958843678536e-07
-2.833575334130194742e-08
-1.468904375625949400e-09
3.030095473416992941e-08
3.791025609619805017e-08
-1.009030520033671317e-07
-1.005267218404095644e-07
-1.951195932567091856e-07
2.385544148021688938e-07
-1.803794749934986310e-08
-1.144104994186902126e-08
3.986423031303755539e-08
1.076484902181429358e-07
-6.682067653216385705e-08
-4.283857179688538224e-07
5.858913577655757870e-08
2.106615819674056194e-07
-4.836034554874614414e-08
2.977399279221885440e-08
6.460406303336712015e-08
5.198229160383084763e-08
3.953957722514216357e-07
1.422770303005812355e-07
-1.491549174303431402e-07
4.737623994647199105e-07
-2.307170334448878043e-09
3.989678362370476001e-08
8.048027231795536054e-08
2.285418001985459639e-08
5.784463280799021555e-08
2.103832294895175676e-07
-8.568066764969184098e-08
-7.626898312181113856e-07
7.953285107455347463e-10
5.486434316680599411e-08
8.511257723157624355e-08
1.211900420144692373e-07
1.932382757913990735e-07
3.768683776299350160e-07
-2.908013892409216798e-07
-5.203416832455970209e-07
3.179278053353656560e-08
1.366630529515645298e-07
5.143690575917849684e-08
1.225823441275482685e-07
1.577721118856538087e-07
3.981662046049096039e-07
3.960872654144553653e-07
1.825477120150946453e-07
1.276307080629954543e-08
3.186223678517873701e-08
4.770052561782623100e-08
2.841761107714883204e-07
2.192170424600634740e-07
9.645272009857066693e-09
4.623984181931203256e-07
7.471832608844504867e-07
7.474732130813172714e-08
9.834021319547705675e-08
1.577647830542834205e-07
1.792654783873073216e-07
3.081746200852937459e-07
4.361637199532698315e-07
2.211480537987025937e-07
-1.787980646906149244e-07
6.143940654502631667e-08
1.176435814328346631e-07
1.786924889779217123e-07
1.502631723456651085e-07
3.545242124731586462e-07
4.294764918872328479e-07
5.504863439675357423e-07
5.456579530191011916e-07
1.272088416231664175e-07
8.644351008409826074e-08
1.956869223250916477e-07
2.223642063125153185e-07
4.053502657456225846e-07
3.325287138391591577e-07
1.388144098050123470e-07
5.192931831019694182e-07
1.294930888809256291e-07
1.452773687393192309e-07
2.069501421932134522e-07
1.855654682600648811e-07
6.154604842671871089e-07
6.717758742021679304e-07
4.948294251185952236e-07
2.048533198537372202e-07
1.620659950513627000e-07
2.893936552712138051e-07
4.281859546665246795e-07
5.203451025237956896e-07
7.896777814123381916e-07
7.936006165440238745e-07
1.215155113412415198e-06
1.328381836886275590e-07
