-7.996052750488316188e-08
6.910387698865147748e-09
2.019912349950578845e-07
4.854906992514349900e-08
3.912356289916051898e-08
9.394491415240189634e-07
1.809063104180561866e-07
-1.818645645743972464e-06
2.497978642908212260e-08
2.024506469321324388e-08
7.659635596830323379e-08
2.556834723134086347e-08
-1.596800420712351843e-07
2.696994309201308152e-07
1.621017082119250006e-07
1.214099817615318108e-07
2.626101580878146960e-08
-2.690879626906895001e-08
3.667805996490604712e-09
2.571487037780248983e-08
1.833554500699053455e-07
4.366245899112578690e-07
-9.462350008164465899e-08
8.593461007299162591e-07
8.975091170549611300e-08
5.909994923123481324e-08
-9.469165825925442017e-09
1.669654808532524528e-07
3.703573254979640258e-08
1.604627604966357873e-08
4.467617282663775482e-07
3.635042836571826002e-07
-2.879919446711462358e-08
-4.596243759311634729e-08
3.107245562813546481e-08
1.102118640808638308e-07
-1.977456504506006204e-07
1.479199648266347979e-07
5.890630718391636984e-08
-9.974737519905321329e-07
6.300418808848817536e-08
9.630943385768330269e-08
1.739491486106634789e-07
6.476536350528514776e-08
1.031808318522721885e-07
4.824095070532930911e-07
1.038494126481929469e-07
-3.477968978134921608e-08
2.774361282726356773e-08
3.374484442491683613e-08
1.537594533334708323e-07
1.614818323217055642e-07
1.813460226696812303e-07
-5.523519282993753235e-09
1.038279605817701891e-07
3.854683517594253060e-07
3.533877361476135926e-08
7.875697494859649241e-08
1.816031917217752168e-07
2.303243613599102327e-07
2.204509945608672050e-07
2.318533325926795592e-07
6.489353030925742369e-07
1.653375420192194960e-08
3.226181098601053349e-08
1.936845577215253603e-09
1.190851479522064884e-07
1.521472308118859302e-07
1.425415423805124121e-07
5.925249613028867638e-07
-9.424237365396103238e-08
5.908412080011631913e-07
4.740660645480096955e-08
4.787017707221103247e-08
1.133273131982166319e-07
1.668517052684587607e-07
1.981043143513675166e-08
2.004518922770518568e-07
4.562354539361661027e-08
4.574626830880018658e-07
7.357485356607031029e-08
6.914916627537950283e-08
1.052562602967198400e-07
2.069913350772180130e-07
2.158218266265533045e-07
2.312191740132438332e-07
3.557763276173055324e-07
4.754304368074118260e-07
8.439069067080596071e-08
1.061506562291426930e-07
1.283960422054663708e-07
1.122255071468547080e-07
2.696645848443531991e-07
1.952288750530248487e-07
3.189743314714245423e-07
5.100602809235793271e-07
1.707960669789466200e-07
9.540436294446599716e-08
1.927977890349551498e-07
2.182505367806172239e-07
4.799413750044900222e-07
3.072061397902436558e-07
4.889556452397564183e-07
2.534720599431620916e-07
1.438287235387093924e-07
1.999296998997513623e-07
1.920953676856396684e-07
2.822125142985872115e-07
4.195473561813457429e-07
6.097168553095174952e-07
6.672551480306186355e-07
1.976166497522422967e-07
1.480422004756038191e-07
1.835374461424355393e-07
3.070516462716397887e-07
4.112037317877253523e-07
6.334098411803864237e-07
7.301729204755019931e-07
1.002213611611397112e-06
1.119376784926820793e-06
