1.803150338415209408e-09
-9.229540096470964847e-08
-1.696301890266609592e-07
-1.900006763797810369e-07
-2.106957502803714153e-07
4.016349973586677356e-07
-2.068849795844063512e-07
-1.680045182264867420e-06
-4.023842021722782065e-08
-5.373245887732486516e-08
2.018862849439558535e-08
1.837863843010447660e-07
-1.044299217567534170e-07
-1.659436463379723993e-07
2.543960875696223993e-07
-2.101461831256760618e-07
-1.754758591005160239e-08
-8.782388685173852251e-08
-4.143899698547009648e-08
-1.382323120168078966e-08
8.683256999201729281e-08
2.371174230366663266e-07
-7.113865882056741882e-08
-9.596696039329592839e-08
4.713832659466194197e-08
-1.477370292620216027e-08
4.603295720760793637e-08
1.473644961429693887e-07
8.213444883744164579e-08
6.121660198686881585e-08
3.059718283256446156e-07
-5.395442200227990377e-07
1.802907866654650566e-09
-3.236599085557291564e-08
7.389461453174147988e-08
-3.785627898859222436e-09
-7.211151232991124056e-08
4.538673781450099147e-07
5.677150272991087911e-07
3.248983388298960518e-07
2.623142215762579445e-08
1.300916657934795144e-08
8.278209477926887208e-08
7.076976169445907067e-08
-8.359846079063633518e-08
-2.634410039792970036e-07
7.504342393619985370e-07
1.850829058134681185e-07
4.452458352688343731e-08
1.701308993306340376e-08
7.226949834117428662e-08
1.097472276939460220e-07
2.010137066538921454e-07
2.062883351062784662e-07
2.147827135084795059e-07
4.939644357654159279e-07
1.234910827723251543e-09
4.706942220536384448e-08
8.118262660202210241e-08
-4.692138998491465984e-08
1.730914726198905700e-07
-1.199453567505582775e-08
5.274630147104347108e-07
3.150947916059043324e-07
7.483095170138319456e-08
9.526335880351901095e-08
1.411559679249032102e-08
2.122608205503667840e-07
8.075426175204647751e-08
2.172822830155577922e-07
9.722804699900324134e-09
-3.056934192090393083e-07
8.461804342935448366e-08
5.864733476691670941e-08
7.573687496370561265e-08
1.717313281508807510e-07
1.206608754048962219e-07
3.580023976975418653e-07
3.222924813786001258e-07
4.214888935822350479e-07
9.055899147334569236e-08
9.758492596054478798e-08
1.869115987396345667e-07
1.452323445528560656e-07
1.182085177552380989e-07
4.381657303097293836e-07
4.157238371845318601e-07
1.894564942665199669e-07
9.426719242877320111e-08
1.837447469808847865e-07
8.689119876713767349e-08
1.720974348700218401e-07
2.022851522629211278e-07
3.029616930285570356e-07
2.661185647820370210e-07
4.439063896067030579e-07
1.536006852014769201e-07
1.375442985027435677e-07
1.532047415366601052e-07
3.341439242795958811e-08
5.163878946150301638e-07
6.149747226216653627e-07
4.399552316184106438e-07
8.252756334536089898e-07
1.240650783933207661e-07
2.356014466398559904e-07
2.884058768415779975e-07
2.617583994894751925e-07
3.537053894279641491e-07
7.220939356092133692e-07
6.042360406526676299e-07
4.889332055751088524e-07
1.428397570488985164e-07
1.478313015872914342e-07
3.693689010328843222e-07
2.252860711406156907e-07
4.116798166664611520e-07
1.056690853016602208e-06
8.505590389972639999e-07
5.459249679750884198e-07
