2.730067316150933971e-08
1.576750864330660372e-07
1.346152193649567367e-07
4.173646462099088910e-07
2.926608778019290580e-07
1.870677839727230793e-07
1.314952125916767037e-06
1.941568810073820098e-06
-1.527592939023726825e-08
8.267524117130134082e-08
8.368501866881704016e-08
-9.540565463054473587e-08
2.408642198810972829e-07
1.734705642980343248e-07
-4.333043950001714219e-07
-5.081287067607158453e-07
2.616806642214207763e-08
7.735654705994116031e-09
5.257541770347258537e-09
1.177964958440988388e-07
2.445688752857131278e-07
1.157687051043620935e-07
-2.316445272103708618e-07
-3.100959019657377437e-08
5.133242817912290120e-09
7.373804871452611434e-08
8.939330763157673706e-08
-5.204681474058692199e-08
2.428845560407256864e-07
1.940510543272035789e-08
1.671608690023702083e-07
3.441892836001088737e-07
4.997374867905031987e-08
8.214668998082565042e-08
-2.206850317125003193e-08
1.194800730206499571e-07
-2.103272804977128122e-07
2.493650092294752174e-07
-2.988811760671989002e-07
-7.982197150164782669e-07
3.154825659263115555e-08
7.219149703741531535e-08
7.197442804286237905e-08
-6.494412009988572596e-08
-3.036858708021046938e-08
-5.976511021405068662e-08
1.245633481849193032e-07
7.367575509854769298e-07
3.412876450997518950e-08
6.889768352374854328e-09
8.915720778350173607e-08
1.167363495750411017e-07
-3.161043710164803018e-08
1.386147152508918200e-07
2.722192619606677684e-07
2.272500487206816931e-07
-1.120153233363709922e-08
5.596932410048358519e-08
1.175893649891472403e-07
7.500244167610970278e-08
6.575073792915585188e-08
1.443680931137625658e-07
6.076810879747430942e-07
9.241376259869623428e-07
5.537876914074990802e-08
3.370023211017987378e-08
1.052913632027189191e-07
7.196582484289678693e-08
8.452321293546567177e-08
4.635062087691136535e-07
1.408586002162541379e-07
-3.828842299697749426e-07
3.499211947961992073e-08
1.057068834252476044e-07
1.306326850573934947e-07
2.431203719056496836e-07
1.892213350170428538e-07
1.788727247979474618e-07
5.167004114063487799e-07
3.029216965166885890e-07
5.442336395176727773e-08
1.200456898747839421e-07
1.802586863852632734e-07
1.649751391881909028e-07
2.948034590898298759e-07
4.369438596588279071e-07
1.299853933292977482e-07
9.912852610803132744e-07
9.485658358928758086e-08
6.442070578860859185e-08
1.997367040717916758e-07
2.288608745337124623e-07
3.369924125124383795e-07
3.425400414870213778e-07
3.863794213702317620e-08
3.022968683724151558e-07
1.221043714410786051e-07
1.447511998152312318e-07
3.307106425775006321e-07
1.481670179293632408e-07
3.018543621737685582e-07
7.247227025702117819e-07
5.082594915280581068e-07
7.481266850277351492e-07
1.559089403495973020e-07
2.390947862666157458e-07
2.415239198282646923e-07
2.549584933558999385e-07
2.148388605846676192e-07
6.249004794469293984e-07
6.299770495878322588e-07
9.972450355116203427e-07
1.879229777363337918e-07
2.373810348569334033e-07
3.577874275745117035e-07
3.574177652172273954e-07
5.058119021747950608e-07
6.360791639725501507e-07
6.511015692402401175e-07
8.204405138405319839e-07
