-4.599025689462067346e-08
1.435592046168639935e-07
-7.826473389331242267e-08
5.707269903953113776e-08
-8.878776364146670782e-08
1.100325002806261475e-08
-1.981936575723662295e-09
-3.192217451538760280e-07
-3.969642050026822186e-08
6.374801993604672539e-08
1.654966942753108720e-07
-1.160096904068078272e-07
5.646647701179860717e-08
1.600342333027433797e-07
-2.586946021966600997e-07
9.190546484280750331e-07
4.831938221703954690e-08
1.733682181687836341e-09
-3.620239079681309910e-08
3.758189684839225504e-08
-1.266014945486112774e-07
9.739533781939142777e-08
2.254254422264661274e-07
2.495200455519254290e-07
7.878543168169749806e-09
-1.727092686809309718e-08
8.539143996264953435e-08
1.646134647105447932e-07
1.288955517542410213e-07
-2.788977415312756351e-08
5.724145547266691197e-07
5.830726965695259270e-07
3.306285644941094920e-09
1.974204782302591673e-08
-5.646390500004134056e-08
1.033509867331190718e-07
1.336373425434540268e-07
-1.384276262911002832e-08
2.346591058453863623e-07
1.190376417185761044e-07
1.306996261685749774e-08
-1.241851057877038284e-08
1.191039465804634814e-07
2.640899404674550621e-07
-5.273315231000277786e-08
9.982392504149979721e-08
1.016943776979376007e-07
-4.338322585479883352e-07
2.953248654690956531e-08
8.433361242089255222e-09
6.501150965471315612e-08
-2.510008731465257427e-09
2.328983725987436335e-08
1.708506629810977658e-07
1.623628728537576957e-07
5.077802926392166812e-08
4.706775832405926517e-08
7.356322783875477308e-09
2.642303297767139594e-08
3.392028013269133614e-08
7.353586089490342377e-08
4.205752935931748931e-07
1.739803760707951073e-07
3.108856151694701980e-07
3.413937306016552643e-08
4.959675636058500176e-08
5.219685426173668191e-08
-7.429826193505338361e-08
6.388335740077880226e-08
-1.432551709132432654e-08
2.333372851760914745e-07
1.644468590326956651e-07
3.527305197383238382e-08
9.584555556895317932e-08
1.203987011015874331e-07
8.684249499033135711e-08
2.398139232681714959e-07
-1.986895023552201090e-07
1.658743130657348032e-08
7.468664746461037466e-07
6.491197887867041410e-08
1.063729466517556009e-07
8.039684482540376749e-08
2.199517955336531839e-07
2.031636128760624346e-07
4.240806689679767162e-07
5.858099466959505842e-07
5.204914969902576403e-07
3.820298983276617396e-08
1.194456948615000298e-07
1.630580513846689252e-07
2.127642601196684992e-07
1.324264158011249732e-07
5.829345811564289202e-07
4.675667438968880770e-07
3.552248224772476867e-07
1.794872633512875114e-07
1.813678134594102060e-07
9.364300500989385281e-08
1.507601953830141381e-07
4.804007781817154111e-07
5.333172586480292994e-08
8.291552822899651390e-07
-1.006646056622097013e-07
1.321518165104689836e-07
2.043076372374867689e-07
1.988654560584914242e-07
2.207033551757895701e-07
3.975836700677177058e-07
6.238661289847104473e-07
3.380420030525172485e-07
4.644818116982570553e-07
1.662569892189181179e-07
2.696476956870648317e-07
3.627301575313386393e-07
3.128662006787245374e-07
5.978856124925826201e-07
5.021913597855327755e-07
7.740542442303507844e-07
9.889255401015692787e-07
