7.672800749810781242e-09
-3.386300597457928937e-08
-1.378880321964193773e-07
-3.553791897078766236e-07
4.073189929823319751e-07
7.377422549951277752e-07
1.596316297698371310e-07
6.118122671224995081e-08
-9.261582446004905140e-09
-4.932055547187244555e-09
1.121340998571721552e-08
1.754368083372828050e-07
4.601131488815956168e-08
-3.271019211966644714e-08
5.866033378526578351e-07
-1.491442284784357161e-07
1.119375944956779426e-08
-4.190661981300896416e-08
-7.664964123792902322e-08
-7.070357695552899334e-08
8.033286611139883414e-08
-1.729574222677664909e-08
-1.868711252915431120e-07
3.534289676426197374e-08
-2.433368143357131614e-08
-3.483936118113469805e-09
-2.607261812101619466e-08
4.141114962365708171e-09
1.531088369486157412e-07
-1.866575876020394540e-07
1.868320769319000364e-07
8.330613527804918428e-08
6.557177961048050973e-09
-2.963020118162073425e-10
5.474335320250098654e-08
1.685511708190407248e-07
9.662873804419555910e-08
2.768269453810501528e-08
6.721027390166648167e-08
6.310935470882617571e-07
7.274640909308645894e-09
8.502008738857302365e-09
5.806619324329595741e-08
1.615885337388333344e-07
-1.604677848752808230e-07
-8.081701675001422374e-08
2.172818903488210562e-07
-1.884195268438097389e-07
1.205352651740965998e-08
4.896967593157494843e-08
8.788129741958831528e-10
1.255345694809111519e-07
2.587802462438505524e-07
3.109849054139871954e-07
4.580168631492866424e-08
7.577460528718159579e-08
1.753383487333759851e-08
7.069268463086867168e-08
1.189314704161901074e-07
1.085545491654176202e-07
-3.568211355468394707e-08
2.579143957938657672e-07
1.352832439521368609e-07
-7.890266239367075816e-10
3.297545927985997020e-08
3.249724906028928366e-08
8.365220012849710613e-08
2.358261072687381709e-07
9.866444419950503025e-08
6.486506834305729108e-08
4.444560958604278404e-07
-3.875289287083714360e-07
3.556197748418516250e-08
8.382731147627330203e-08
5.489870818297496573e-08
3.512289301350034849e-07
3.925440675390287150e-08
4.202438934125928686e-07
5.113865871201406478e-10
-1.063268085196721714e-07
4.901761300561862264e-08
1.387597299193237709e-07
6.110083244923789801e-08
1.531820194460445499e-07
1.765362021929586366e-07
4.482193883450005722e-07
8.662751581467249104e-08
1.405532230463345977e-07
7.504613684751531876e-08
1.475073276759582524e-07
1.900408669479352883e-07
1.385980949779323120e-07
1.897074431625251994e-07
2.634048589373620591e-07
1.330038759864945009e-07
1.623258019522535107e-07
1.462369190584603199e-07
1.018728518592668597e-07
1.953311961110540531e-07
1.685852990374714371e-07
4.895295136693234732e-07
6.114557304447085161e-07
4.696399989599680169e-07
1.172577854272120696e-06
1.269177780991907220e-07
2.142653489120118208e-07
3.089697289243492801e-07
2.528395253744708874e-07
4.595742591209926441e-07
6.196440798971312222e-07
7.573083850611943861e-07
5.037887513222043540e-07
8.513379627317248078e-08
1.935394855395802989e-07
3.439426298982068156e-07
5.546777625725710541e-07
4.630667466094868768e-07
6.760741550791610813e-07
7.378475077578617810e-07
9.515213873391106878e-07
