1.389081648688666391e-08
1.319998869678244323e-08
1.188329039312202218e-07
-2.626549435755555228e-07
4.304821773710161373e-07
3.303436373234647202e-07
1.061264926514346613e-07
3.064322363714903168e-07
-5.813854276939034871e-10
3.273481875428712418e-08
7.526751655695044794e-08
-5.862794384811438232e-08
9.319375561562912314e-08
1.787185307440415920e-07
-3.695845499339046353e-07
3.303020465412608792e-07
-1.057746201834002459e-08
5.034007349236537579e-09
1.020919269833938117e-07
-4.912791135327435702e-08
1.675584490998937038e-07
-6.655100986707027036e-09
4.169176051423052918e-08
2.431515956624174237e-07
2.130884826198228146e-08
-1.735523847881336721e-08
-2.200472053779608191e-08
2.613664593482949551e-07
2.927756680561941913e-07
-1.624042372008941284e-07
7.756579454080874065e-08
4.075797125497106863e-07
-3.186035354806835935e-10
-4.556712157102970573e-08
9.342666548173688207e-08
5.778259156742835139e-08
-2.386749576910315419e-07
5.740178229039498570e-08
-2.044889257450580600e-08
-1.584823097209576370e-07
-1.759821625911250628e-09
5.585792314715336127e-08
3.577031710108553445e-08
1.421733638089769532e-07
3.712459014065393519e-08
2.465478777356028206e-07
-3.558762963043684169e-07
-3.290039591605602396e-07
3.406986716184093150e-08
-1.504237105445558847e-08
9.224431468446185034e-08
1.739445700999880196e-07
6.977295042184264663e-08
3.340757878766672963e-07
2.709221139884357625e-07
-8.413208439565228146e-08
4.897449548797915636e-08
4.985834257453416838e-08
3.538383747932451526e-08
5.651448616812542739e-08
4.007529960070673259e-07
2.408647783899880196e-07
3.234345309707833489e-07
3.465477303248393726e-07
2.441383555737388416e-08
7.394577762101848842e-09
1.239571786643195099e-07
-1.131239291014285243e-08
-2.186143010729875665e-09
5.051317581611301730e-07
-6.800273924027996337e-09
-3.187986429448418201e-07
5.159955686761225086e-08
1.201552311587180896e-07
8.623203238392108251e-08
1.003355565091581055e-07
1.284306948167019634e-07
3.720566704760880516e-07
2.516780031597011765e-07
3.962437245310534629e-07
1.112220921266588528e-07
1.055252014283342265e-07
1.593731664453937734e-07
1.540480921003037824e-07
3.578727050413828333e-07
3.593374396013298795e-07
7.121399185901349383e-07
4.732502817301106826e-07
1.068595174191151980e-07
7.909526153217304120e-08
1.346007606478146941e-07
2.048179208039762267e-07
3.459105449481855356e-07
4.972657817630491544e-07
6.391764496722694763e-07
4.498663687428578983e-07
1.118605600627801136e-07
1.378563654978299176e-07
4.043921700028375275e-07
3.053294117348552679e-07
2.995068088427839403e-07
5.476365062443513535e-07
2.775400461466429931e-07
1.106522000781242721e-06
1.373907043127980451e-07
1.375397163327845029e-07
2.569029296526751642e-07
1.684946270188957677e-07
3.646127624410105040e-07
3.072551594012171420e-07
8.323280049909779396e-07
1.446217272311216203e-07
1.702002731682147212e-07
1.366375579938672635e-07
2.848516878272505372e-07
2.300722059178060965e-07
4.703699316160682487e-07
6.181760167905185860e-07
5.249656553186524016e-07
1.288458477032726248e-07
