1.405685205685128363e-08
2.026805355329971439e-07
-1.100194201819328325e-07
2.089252487619539928e-08
9.623836683455061523e-08
-3.690536748062307076e-08
-1.298987122865864822e-07
-1.114858097691306414e-06
-2.331782011213521735e-08
-1.061260978350166745e-07
-3.323451214559572181e-08
-4.217979744275227024e-08
-6.075871109717231338e-08
-3.518260857627394914e-07
-1.439200756050258024e-07
-3.153273715235237985e-07
4.719025165856255616e-08
1.423127154909777745e-08
-7.082923105634380712e-08
1.132638790940452596e-07
9.763363925197610233e-08
1.650800960839825994e-07
-3.164261103937048770e-08
5.793253180239150454e-08
7.916587186071982264e-09
-1.745861646864484161e-08
-3.573478557994660070e-08
9.720577693126403279e-08
2.416841415172503215e-07
3.431004238937447440e-07
5.965566969188248876e-07
1.013381197411116745e-07
2.051425653180286940e-08
1.628844659485665722e-09
-6.803967226417344999e-08
-7.336693192648843509e-08
2.611370393960866088e-07
2.925311770008600768e-07
-9.907291186875067141e-08
6.390751845818623241e-07
-6.904480207043242104e-09
6.099836138851750959e-08
6.605482727384498356e-08
2.919619459543644258e-08
-1.373456473703089950e-08
-3.647710148885115971e-07
-2.306390291817089001e-07
-2.780980684764112608e-07
4.524007537852084687e-08
7.661963312108358414e-08
4.124400324270586227e-08
5.534706131845635218e-08
7.230683355273200147e-08
8.247246578488771975e-08
3.195297046221063539e-07
1.660547073448423689e-07
3.439923828172870263e-08
8.896674418631045835e-08
5.194214314091317412e-08
4.121750374211316244e-09
5.394724800505065851e-08
3.767260546117542386e-07
8.553596176402916779e-08
2.877094401819688361e-08
7.600302889764620130e-08
2.682360697202239882e-08
6.959925372478605995e-08
6.872420805051651620e-08
2.603244213503873952e-07
2.725448269953641001e-07
2.272904036833339025e-07
8.764182626949168984e-07
5.764656890250942430e-08
-2.013215618332606184e-08
8.046524840095282536e-08
6.802669003148862656e-08
8.215884614114819249e-08
2.812564868561241818e-07
3.828555034175507355e-07
2.035472681669653170e-07
9.572161769158265708e-08
8.393108995383590484e-08
1.381086113838032292e-07
1.295739805307937255e-07
9.283936713279616737e-08
2.572801429160734618e-07
1.956366617203630689e-07
1.273470350198800783e-07
1.007416009562271090e-07
9.888680997312567248e-08
1.269743077345615149e-07
1.853157401712541004e-07
1.952878094790371971e-07
3.503091817861601951e-07
4.206058433060189888e-07
6.825090241357631239e-07
1.946150103736178512e-07
2.080317516721518148e-07
2.000043646147817465e-07
1.885668767795967869e-07
5.597572772657813098e-07
6.060259420078419149e-07
3.427422354775824989e-07
6.929098808376673208e-08
2.005259039128704333e-07
2.072582039309318359e-07
2.561074275826906061e-07
3.176562727626281024e-07
3.648638850666398510e-07
5.594401265467637570e-07
6.898640280383375696e-07
9.138992903793206400e-07
1.775429207180313031e-07
2.185161190008313141e-07
2.838803060167552347e-07
4.113941736240859114e-07
5.699865091774888979e-07
6.911517581086827606e-07
4.345223987224231437e-07
8.200981887278383481e-07
