7.151765291021011771e-08
-1.884616360314320032e-07
1.417195665756407472e-07
-2.497579636869824226e-07
-1.218935236911248432e-07
2.230246036893830058e-07
-3.269767726070186678e-07
1.749565573080417729e-07
-4.548928797343053228e-10
-5.256809365327303344e-08
1.336187848216726857e-07
2.112338412584530619e-08
3.433943195504056257e-09
-6.402919791230609736e-08
-2.703652985716397142e-07
-1.818692367922028184e-07
-7.174223201119738113e-09
-5.190638980203940741e-09
7.748290529504592032e-08
1.645256147855798364e-07
-7.581519567304960078e-08
4.678731914185941019e-07
-2.589559399845393461e-07
2.413782548642557484e-07
9.486944942007611188e-09
-6.979817557034746476e-08
5.977555580788576364e-08
1.249361849836693741e-07
6.697222574952391199e-08
-3.220710123580199584e-07
-4.356000783774619701e-08
4.247031657840640723e-07
-6.820059389444053660e-09
-1.199398095492884745e-07
-2.240103096124512238e-08
7.292383039292993238e-08
-1.608445580084090454e-07
-3.661126204155110217e-08
-6.127385001599049489e-08
-3.759014683849034204e-07
-2.000786258229588191e-09
-2.737078684785065035e-08
1.799257552721781861e-08
-2.703563382497971341e-08
3.789629557531889748e-07
1.442680269496568587e-07
6.809829244674593447e-08
-2.576474759211956913e-07
4.303318292630728759e-08
8.580381502294425229e-08
7.391041367268865274e-08
1.250248716826934989e-07
1.324528592495949004e-07
2.059682466273649852e-07
1.263769329201097475e-07
2.938203511864578616e-07
4.583092758429487625e-09
5.730040840499696638e-08
1.908287765167838032e-08
4.029604264990229360e-08
8.499750871614427433e-08
3.717182183884052543e-07
3.665895875852120322e-07
-1.920016428291551516e-08
5.731541929918855272e-08
2.583726586480495261e-08
6.840139786572404182e-08
8.985636244838387566e-08
3.009018529051790551e-07
9.328357820257012090e-08
-4.470514367956430785e-09
-6.663147098779801143e-08
4.944444463270494995e-08
4.063843420014903059e-08
5.761572345984887220e-08
1.410291419380447254e-07
2.516723465979046389e-07
1.770523667024303879e-07
3.924483551490816223e-07
7.993976862704302983e-07
5.689363328698687767e-08
7.299144201004706496e-08
1.321490550554391422e-07
2.205461411807068861e-07
3.347639274546615763e-07
2.241222488303855997e-07
4.662195922633368829e-07
5.864027398372051346e-07
9.706162813473671010e-08
8.556101941201011048e-08
8.195246944142172990e-08
2.043777538469297245e-07
2.597557277516552398e-07
3.527899737206772102e-07
7.082580958915002601e-07
4.885782676944713136e-07
1.166182347466657577e-07
4.800692245425390561e-08
1.541893713464120712e-07
2.382402643411198871e-07
4.258943558634570014e-07
6.117316990393940281e-07
9.633535594523509046e-07
9.587715294247368259e-08
1.611300079205416029e-07
2.017970355802982867e-07
2.424745910717948875e-07
3.554838368123788667e-07
4.817254106834273017e-07
6.461125664197916436e-07
5.335040518394283222e-07
6.433831974685149779e-07
2.210998135605713787e-07
2.650274485846730071e-07
2.458398254679829871e-07
3.938362824076885488e-07
5.838138559314022919e-07
7.650909646299065665e-07
1.097490171505582426e-06
1.076632920635961632e-06
