6.637998071779654764e-08
1.303664021148203386e-07
9.458074871809224919e-08
9.788046906370089535e-08
-3.195233756701045123e-08
3.852499338522421541e-08
-8.907643395580040574e-07
-1.895568485993476298e-06
-9.064326548139912342e-09
4.644490428432607643e-08
1.519139108238190075e-08
-6.285367933634467521e-08
4.509494635830873783e-08
1.454736516893484475e-07
-6.552713016620026217e-08
2.601935183475911458e-07
-1.055984501783980111e-09
2.265466150703758284e-09
-7.744892799963562802e-08
1.168535546106291011e-07
-6.571657373578230818e-09
-1.629050843711439258e-07
2.952727553812327058e-07
-5.296574783756500093e-07
5.432094800109899924e-09
1.519799102109877208e-08
-5.676461622615723685e-08
1.303440571541866918e-07
2.674948403362289370e-07
2.640392980746293947e-07
-2.842267651187246005e-07
-7.185859569967059710e-07
3.570852041460576463e-08
4.273600697196686086e-08
6.678774742727461090e-08
2.625978458871981646e-08
-1.432952751349174910e-08
3.425801869810960555e-07
-1.644409772643895348e-08
-7.462692068899442218e-07
1.719027341712219684e-08
-2.477818544008903191e-08
7.870978948517313704e-08
1.308376534137182962e-07
1.257461083483425257e-07
2.047942115673263082e-07
3.870553051847963727e-07
1.599700240756460278e-07
2.180466886629540532e-08
9.553605603096117904e-09
6.291554924854670168e-08
5.500197133769674229e-08
1.440538595961802675e-07
2.683634270324301845e-07
1.698171924119507412e-07
4.249630263099284886e-08
-9.519917909405871256e-10
2.118579866998132004e-08
3.409116889405442419e-08
1.918137395085068653e-07
4.767084985742074626e-08
1.843275836614866519e-07
1.610918222204023275e-07
8.627129001115182521e-07
2.776310850384997488e-08
7.053834874251001908e-08
5.501513954078300497e-08
3.829398110599857244e-08
8.727339336818310625e-08
1.581421507974600287e-07
-1.892929250624962008e-09
3.280131132406295666e-07
8.073312982125408560e-08
9.060837345503946938e-08
4.310772107410692415e-08
1.486673883144262748e-07
8.565134343029612926e-08
2.601303618021723088e-07
1.471093605066075797e-07
1.004361342030210621e-07
7.422598269820296518e-08
9.252432347869104400e-08
1.021530103536172616e-07
2.054030664272308761e-07
3.662689345404980841e-07
3.507096479178267815e-07
4.531757376069813018e-07
1.638314431904705505e-07
9.931615101924398561e-08
1.338478448698855902e-07
1.208131439503179484e-07
2.665954616071639805e-07
2.484252722581905813e-07
2.792754898280358426e-07
4.115696628738565387e-07
3.388310716794001949e-07
9.135244948760949522e-08
1.276644358627755448e-07
1.952962535922747604e-07
1.992409660597913539e-07
2.539269633464268862e-07
2.863094069237421999e-07
3.545864150626538818e-07
4.323156117548056274e-07
1.690355087426977525e-07
1.843788011290604305e-07
1.544150408161969605e-07
2.565047377828620275e-07
3.983354013567764698e-07
5.845867171707968597e-07
8.336115120568420421e-07
3.125332918466570038e-08
2.183766674555858362e-07
2.225464422679675037e-07
2.462427707067322127e-07
4.296197657705721826e-07
5.981798082935654914e-07
8.068534939238844786e-07
9.543257607322603748e-07
1.909879659857762876e-06
