6.806892228648911540e-08
1.689648118455735431e-08
5.769165441660987973e-09
-3.748875895373142181e-07
1.323063730062169804e-07
4.624940086205344723e-07
3.948489714402761238e-07
-3.491800938969853129e-07
1.811636071639957932e-08
-2.399633033264139037e-08
3.240158719330046768e-08
2.233919755785371430e-08
8.805108203265496484e-08
-1.133364769191011006e-08
-8.382494830032989907e-09
-1.066254264152698274e-07
-2.707848400040203106e-08
-1.792305528167497209e-08
-6.171575411572877738e-08
-3.284196215016796155e-08
-7.131852084690986022e-09
1.572110603801839058e-07
-4.898278362819677633e-07
1.389676153496018214e-07
-2.969643264208549930e-08
1.056954323178395313e-08
-7.324283996969722897e-08
1.264809516103344213e-07
-2.477963759652870727e-07
1.054052902183675188e-07
4.629289601689950136e-08
5.768447265290750563e-07
1.944546868219359920e-09
-1.228016349836670768e-08
-1.249960147053950236e-08
-2.478701565971800047e-08
9.961725264466661062e-08
-1.225751960528348650e-07
-5.073636221962856661e-07
1.187628817968485426e-07
2.386316943980777026e-08
-2.074472033617680363e-08
2.758206712194327355e-08
2.264382023208205024e-07
2.190819399181287831e-07
-1.169601534146810024e-08
-1.212950399677969072e-08
-3.312365221757758834e-07
4.220098147602727441e-08
8.644608459388008353e-08
7.345762508848046409e-08
1.067122192275574493e-07
2.134141914706146942e-07
1.182143314366020328e-07
1.576987096191275275e-07
1.835502032972649896e-07
1.172213075606634260e-08
4.677127809475938734e-08
6.236769272781515182e-08
2.036395710119745259e-07
2.723663064781943464e-07
-5.814695255703351848e-08
-1.539606507681795919e-07
2.332972220517727572e-07
4.094681464213982935e-08
7.869696767653228829e-08
9.898918073891221405e-08
9.641685721152640766e-08
7.804261336085046667e-09
6.899003995501923901e-08
1.622352648759420507e-07
3.167035390611996096e-07
5.808989873974733720e-08
9.352895176506641353e-08
1.323516924902509576e-07
2.283080435952743529e-07
2.463168916752527031e-07
-2.421698313594251695e-08
-3.429491523291272825e-07
2.044038879895028787e-07
7.521639813293777564e-08
1.307888722523028515e-07
9.421380038192902358e-08
1.329466302727584664e-07
1.840307975708836034e-07
3.109655570102232785e-07
2.290337401012760183e-07
3.849708659269761285e-07
6.233586441257240375e-08
1.276757635164919435e-07
1.593715965213679394e-07
2.211680944499641071e-07
1.828409197762799277e-07
1.684014472216641884e-07
6.507279147243959249e-07
1.405106206365906337e-07
9.904535029764394674e-08
1.561529632599798558e-07
3.090004523719423573e-08
2.665972406855923969e-07
3.422129130190991344e-07
6.726869891007062420e-07
1.242685087087839631e-06
-1.637350224632865801e-07
1.346895544516349173e-07
1.530144823171559470e-07
1.723084892655127580e-07
3.253383322141496338e-07
4.836536582626056787e-07
5.156163103027579137e-07
3.458757509051769012e-07
5.670365957370675406e-07
2.074053983882290921e-07
2.006311599735933936e-07
3.066386739580462520e-07
3.956431787242156597e-07
6.261628955965689142e-07
8.143165366771604198e-07
7.571465150310847173e-07
1.065368675431429218e-06
