3.835055599582132956e-08
-1.033665069718572113e-07
1.327802978469173476e-07
4.614404678241010469e-08
-1.375136547855260058e-09
-1.061620640256042726e-07
1.493784660725645439e-07
1.694751398461364600e-06
6.977726701337911616e-08
4.179416429449852894e-08
4.704698240566555724e-08
3.269901176409502210e-08
-5.359190327313170960e-08
2.525725345308957650e-07
-1.272173558461839928e-07
9.163933782259695574e-08
4.966302390221299807e-08
4.866177136764190461e-08
6.771502493273265935e-08
-1.560155790874120734e-08
8.933908037229886870e-09
-3.048101179097689077e-07
9.642351542204618784e-08
3.833560104305588031e-07
1.116837599565590077e-08
-3.970746595262770624e-08
-5.279071279769817519e-09
7.433490979629932425e-08
8.289464936914342969e-08
3.007761712039870315e-07
-2.883588605434454498e-07
2.962012701128712363e-07
1.924184130176714090e-08
2.685331760146237357e-08
7.306954839012592532e-08
-3.022199660993912412e-08
-2.067432751082233404e-07
-2.982734153890448632e-07
1.145553158549131994e-07
4.872128072860119487e-07
1.524025994742158419e-08
-4.501077481264832563e-08
3.419148662806376112e-08
1.105847581838209887e-07
1.961719656946769425e-07
9.536366280453439024e-08
-1.754843168564109715e-07
-2.497357352729422839e-07
1.782470035187518742e-08
9.739681172102550487e-09
-1.613065733816538448e-09
1.426899006608938279e-07
1.060334065777044595e-07
2.617078496585574870e-07
-1.201137800262549331e-08
3.884474200285237012e-07
4.553979529586203105e-08
5.994228007215416240e-08
1.468728210542988157e-08
3.066867753607433413e-07
2.945636453539635799e-07
1.359545960330113546e-07
2.199162036222736453e-07
5.607518029446011510e-07
4.152649066134714037e-08
3.102997977713239090e-08
1.263063574745750812e-07
1.495408706962530693e-07
6.666561021397441675e-08
7.541014280138239497e-08
1.960375253675536907e-07
2.314145452714540238e-07
4.649120544960810434e-08
6.287870533881076224e-08
1.090201680386014686e-08
1.599384120265313995e-07
1.671457867080848400e-07
2.102661585704459080e-07
3.441098995363830115e-07
3.723070481275286075e-07
8.477862386084707848e-08
1.067594850446251325e-07
3.894081616096252991e-08
1.619129390475877858e-07
9.269377714002553887e-08
3.755664886346798678e-07
3.083955151531185877e-07
1.326184691748264198e-07
6.729433895363748533e-08
1.230193810110957911e-07
1.726712321016609400e-07
2.993402624667865990e-07
2.780101417318998032e-07
3.862324256189372385e-07
5.506356431083771081e-07
-6.370910175637167640e-08
5.562967253118891018e-08
1.371347560880067547e-07
2.408899507722285153e-07
3.590880149340222419e-07
2.188559130432219074e-07
6.254009814345741051e-07
4.074082164389744613e-08
1.414445799949206691e-06
1.188671483105996322e-07
1.802444769716760577e-07
1.556153833286652416e-07
3.036380944636493768e-07
4.739339845198505453e-07
4.651581461501686337e-07
3.719624047637080288e-07
6.267443846183563196e-07
1.405451841484818296e-07
1.864894228743716954e-07
2.922263644705804391e-07
3.976130328074363923e-07
3.987866104048990311e-07
8.090776022562381332e-07
3.769506108543142937e-07
1.662615628008088864e-07
