-9.692421139929613493e-08
-6.179781439563719032e-09
3.167869181441319833e-08
1.215862198030182182e-07
-3.199815979874980158e-07
1.911491724440889800e-08
-4.964690183091455151e-07
8.891362207422939144e-08
2.842548904826540488e-08
1.036746688123894522e-07
-3.922015709168741578e-08
3.657357479055479905e-08
-1.081661799448550400e-07
2.701803636345465743e-07
-7.282021961692776496e-08
-1.753970557853962852e-08
1.694084184638005184e-08
-1.001833039163310471e-09
2.221964849102948953e-08
2.948330821485691390e-08
7.628487474163167856e-10
-2.478605741683294960e-08
6.953271442746556571e-08
-4.655093882996150559e-08
3.215099517037464511e-08
-1.512981254352274182e-08
8.612032637900462516e-08
-3.572230368171429877e-08
-5.898263844687459488e-08
1.724613240863701851e-07
1.380149319924416605e-07
4.145307214156713753e-07
2.153352981474001288e-08
1.181279773267464137e-08
-3.190386534894347357e-08
1.166873618039474555e-07
-1.100573721351098451e-07
3.051379056708259689e-07
-5.100302194852235074e-08
-2.558191668389676212e-07
-2.340770475987604806e-08
2.945305449916571053e-08
5.360394826483044740e-08
3.965198795819450305e-08
1.110289391840427876e-07
-3.720365001299451219e-08
2.224657198640449040e-07
1.600219171512750735e-07
1.541608894213545618e-08
7.818925591005993906e-09
7.362990704347966862e-08
1.936140410269582982e-09
8.398676024618718716e-08
1.175667697021578802e-07
-9.518130087251369689e-09
-1.818305833266869277e-08
7.188866942511409002e-08
1.752123621501340856e-08
5.219005065849027105e-08
7.667911020854621831e-08
2.704090690248000213e-07
3.726289140021114415e-07
1.891196185867683953e-07
-3.049070507927965157e-07
1.968706755455501602e-08
7.441326736529818699e-08
3.383197240729326397e-08
7.439922086069537099e-08
9.881710785070861536e-08
4.250879748471538210e-07
-8.230901236781046833e-09
5.466669494645346341e-09
6.054060385509740413e-08
4.111868759271102885e-08
1.974853948940734226e-07
3.905809665734863612e-08
1.940603579075849536e-07
2.437096927462271303e-07
2.116561485734663527e-07
-1.557572410068308546e-07
9.310055893920261810e-08
1.239244183431368844e-07
2.098266949952241591e-07
2.283894153292007226e-07
3.094841532301404594e-07
4.674809650130593499e-07
4.938959527079515953e-07
9.340344692284617978e-07
4.987979094593198465e-08
1.313314631958050448e-07
2.501429889469294999e-07
1.028814765408421830e-07
2.540914642693262332e-07
4.391082530680668611e-07
4.925164211708990678e-07
8.945173771822696383e-07
1.317384246408332725e-07
1.582743974718056259e-07
2.193839999609235388e-07
1.657933962245394758e-07
4.886672491625258968e-07
5.954642210805089714e-07
8.024697173839944367e-07
3.367045941537465180e-07
1.242015685642064862e-07
1.520245290864000855e-07
2.560050007640442541e-07
3.109680255402243991e-07
3.939144222957264243e-07
7.091666015773531105e-07
1.013616604226601651e-06
8.466666492194578898e-07
1.453749196791472985e-07
2.053914798444916696e-07
2.604263646088697312e-07
2.533959503268294679e-07
3.707516013963290375e-07
5.099777305854631270e-07
8.377202380951016594e-07
7.129449964430383013e-07
