-5.099020456554054509e-09
-5.208058383254085645e-09
6.794095115666848808e-09
-9.799745285286433810e-09
4.025527384265608100e-07
-4.407405061755573163e-07
-5.582889651777386501e-07
3.007418675929277495e-07
-2.851035377929733568e-08
-4.360712478317659033e-08
8.862340313512695924e-08
5.969515038293054025e-08
-1.342918977089216503e-07
-3.418674852439350455e-08
3.115130091893334873e-07
-3.843176748146721819e-07
-3.349813474304301304e-08
-3.752562426874615747e-08
2.750717104645710124e-08
7.059186988325962230e-08
-9.446302102615271165e-08
3.307062515122384441e-08
-4.183989858355909203e-07
5.428084828808097366e-07
-4.447041734797471150e-08
-1.342108116861474687e-08
8.772797518746500608e-08
-7.520324467421591216e-08
-8.367681762091632410e-08
4.726788751991693322e-08
2.191375269609160119e-07
3.072556868565926217e-08
1.370520353263558354e-08
-7.686653358091565245e-08
4.731970877760085828e-09
-4.178896961986638495e-08
5.822646976821859815e-08
4.888486875321824247e-07
1.894757157930628076e-07
-5.191270774132462009e-07
3.660446329063155606e-09
-5.562271193463018798e-08
-1.226906631304028581e-08
8.606716996153666428e-08
1.188884263161797264e-07
2.202720396572808228e-07
2.587556824255795570e-07
5.052798898919962915e-08
-8.199404019269234479e-09
2.615408646822700328e-08
-1.114328318015070291e-08
1.043292581452258405e-07
1.342301040934162313e-07
4.619455794629989367e-09
-3.637015909196929736e-08
3.905340953105181976e-08
2.829855813826339047e-08
2.080701873599552534e-08
7.054464647527767802e-08
3.434191022765771541e-08
1.533471632046134202e-07
2.328623262451875855e-07
4.960779013774766216e-07
-5.289619985141444344e-08
4.515227626138076360e-08
6.758987511229848491e-08
1.000051777612467288e-07
7.016567004565874370e-08
3.144683430210143124e-07
5.690162231533685032e-07
1.228033224397233849e-07
-5.915987798660088094e-08
6.419399188767482494e-08
5.025229111011867949e-08
9.636021512619509411e-08
4.758673183285726011e-08
1.826858379542125688e-07
1.045488415268049394e-08
5.254898464161044056e-07
1.274259980873619839e-07
9.084022231431565871e-08
8.335046619415115970e-08
1.024182833837149035e-07
1.369226050133097044e-07
2.953179187558922466e-07
3.864044550895102925e-07
3.888401466991578096e-07
4.871577145124891273e-07
9.932290464393917381e-08
1.164152193867554563e-07
1.863047659931921294e-07
4.290698439237935375e-08
1.576257572307327311e-07
3.129271586600884324e-07
4.107459486653729285e-07
2.056438509033716730e-08
1.162417671348801813e-07
2.493591565859751295e-08
2.220697487279392298e-07
3.745208477005940763e-07
5.174117795632567600e-07
7.602128442126405764e-07
4.062647177242201027e-07
3.394459777324102289e-09
1.339221357574342651e-07
1.745312987958018389e-07
3.374503641625338082e-07
4.204787541952002750e-07
4.568327167163320584e-07
5.738892758104161129e-07
6.914952802746220532e-07
5.526109340914949866e-07
1.726025900667645088e-07
1.278291447013817862e-07
2.794970450515055944e-07
2.132281683736418594e-07
5.198484873531737792e-07
1.016583378771410891e-06
1.095097530134677225e-06
1.270928830632343292e-06
