7.060705433898085393e-08
6.360250864895800410e-08
9.248564154581832325e-08
-2.697409973403845794e-07
-6.573470683347067616e-07
-4.130221654640581113e-07
3.230699253266267435e-07
1.004948398544759044e-07
4.782691100234387596e-08
1.749263936384592470e-08
5.460085579079439701e-08
-6.473584288710664580e-08
5.652175132822484837e-08
1.663463660352383212e-07
2.279684899288553446e-07
3.366494158021634241e-07
3.846406632392161910e-08
-4.313898173561414462e-08
-6.463175884932693906e-08
4.007801982024331946e-08
-5.371871131353341772e-09
-6.991090164493498357e-08
-1.324661530290343991e-07
-5.869345440592555610e-07
6.932926089771429192e-08
9.790147841554397236e-08
2.064757406585185901e-08
-9.449999324353923749e-08
1.715316461412303726e-07
-7.445950709436007058e-08
8.398986550265198222e-08
-7.103144571109895134e-07
5.423071944790437606e-08
1.978644804710231420e-08
8.745589318770674427e-08
1.420878412908219072e-07
3.647068754594486778e-08
1.903869592509082382e-07
4.172100463005765464e-07
1.752826826516588223e-07
5.075652574706856060e-08
1.209248786793590828e-07
5.871514724945329793e-08
-3.666604914367269418e-08
2.132054035402468932e-07
1.236615125608321238e-07
-2.985224592973209808e-07
9.743905390528952771e-08
6.893986967828300207e-11
2.073775176307585234e-08
1.439475376501308090e-08
2.792932712464056053e-08
-6.062793016977501191e-09
1.040252353441276346e-07
6.309227969147880049e-08
3.361727757052724873e-07
3.450361407132375271e-08
4.238414537163556080e-08
1.092606264236549318e-07
1.065261577466246137e-07
8.043896081963977965e-08
8.422704713276051848e-08
-3.156307571584704092e-07
-2.003028096708096342e-07
5.292229095313522788e-08
5.545870958869631942e-08
1.028378207803280369e-07
1.640530892170528001e-07
1.860581334403131008e-07
2.694609138184813281e-07
2.630309257511715425e-07
3.942171560160984425e-07
3.791682156926508263e-08
2.626997000651799795e-08
7.702824849879980204e-08
1.078653978229973989e-07
3.598624058882416659e-07
3.273958056950458117e-07
2.111478498657367192e-07
5.093434242297810992e-07
9.714388377578691359e-08
8.661321144654596986e-08
1.582803326958551141e-07
2.796308374766812265e-07
2.314349664518216842e-07
3.555710330757484512e-07
4.427700297412386773e-07
5.092317068325596513e-07
9.673794799701758281e-08
9.196280711533914204e-08
1.266865037264104513e-07
2.173051294286184086e-07
2.557733044870809372e-07
2.534119959731444813e-07
5.387599173778349328e-07
5.109880937124042229e-07
1.362303405108564616e-07
1.463764044963434893e-07
1.628898328459500661e-07
2.338026252780297857e-07
3.609477020721990650e-07
2.703858964464669007e-07
8.139171659922646453e-07
2.844296601429169019e-08
1.457688634263274245e-07
2.000496602435575796e-07
2.734470834342767137e-07
3.339243151008757981e-07
2.520206317197396337e-07
5.775427839897356112e-07
9.337424790674796091e-07
1.479843248403063141e-06
2.338833592351144119e-07
2.221555880906654093e-07
4.290410635567369954e-07
3.403750344218640379e-07
6.018391561850165102e-07
6.275019573213023932e-07
5.227963839732803539e-07
1.495082484412044976e-06
