-5.034770220493433381e-08
-5.643205151326045982e-08
2.476298781682062730e-07
3.161711384628234117e-07
2.659178872842855451e-08
-4.177069152387448972e-07
1.234929502123750138e-06
2.371363685536001761e-06
-1.350302591658210281e-08
-4.529773688858651249e-08
2.159229983463422959e-08
5.113834905666095855e-08
1.250559864885295946e-07
1.599896864181080271e-07
1.983937300206813314e-08
4.415662825766246954e-08
-3.940211135547193803e-10
3.123918583280501927e-08
-6.523032568912243139e-08
1.114624054666700585e-07
-4.451272341678019000e-08
-9.297405407327639007e-08
-2.332461931673938753e-08
5.364358605356665162e-07
-6.861166074817665184e-09
-1.884428194975837019e-08
-2.590210735607473128e-09
-9.467092295666793825e-10
-2.348418400260404478e-07
6.030951443854359182e-08
-2.953787302224880142e-08
-2.343148323579877716e-07
-4.528809933551347941e-08
-3.502994177459130253e-08
3.753328742108140427e-08
-4.075462485619930875e-08
-2.051638962816922713e-08
-2.679710750490780603e-08
2.143502122415243891e-07
4.048399668038244730e-07
1.540619434913430324e-08
-5.918547455923920558e-08
5.021038719174991428e-08
7.705632565798672065e-08
-3.153248342409261402e-08
1.976527885001875684e-07
2.489341078126455423e-07
-5.499148309612610079e-08
2.446600873609152130e-08
6.168597234072280636e-08
8.107091978482192006e-08
6.923223824361305211e-08
5.136463840741796473e-08
1.135192907865363110e-07
-3.306635894500599651e-07
9.987683658063343782e-08
1.944797477564875741e-08
3.202715403396563305e-08
2.744247133554690380e-08
4.718436612850034927e-08
1.985027684536017269e-07
3.969388344548745449e-07
6.621199262590693136e-07
-2.175905629376592840e-07
1.485628551533640584e-08
7.935603502059787648e-08
1.712429318885055412e-07
1.228809330740073817e-07
9.129598334767882487e-08
1.252596928134291045e-07
-3.021051135672173640e-07
-7.889123686591121783e-08
4.292205129865120949e-08
3.713999929972476904e-08
2.894122353131722772e-08
4.204370383512560667e-08
2.741057079424265940e-08
1.225993231203965536e-08
6.252264137089558357e-07
1.754346236540434166e-07
7.003165579805188460e-08
4.881960231212712326e-08
8.971191907615752660e-08
1.602269153506612694e-07
1.750099899012301286e-07
3.412092004651680276e-07
5.189592125872526902e-07
5.160718777455811320e-07
9.951282303055033992e-08
6.822134642994584777e-08
1.403159853712812975e-07
1.387853380732075656e-07
1.753823336867325099e-07
7.800508808453321741e-08
5.369685451281630062e-07
-2.690682590459653522e-07
1.174222948221968546e-07
1.588729309419153613e-07
2.208387835442386964e-07
2.175127399519109023e-07
3.566926249998923137e-07
6.438058898584535543e-08
4.864852169149438876e-08
1.992320991687099664e-07
1.065215675759448007e-07
1.802181526157711697e-07
2.335962510714868081e-07
3.147824814918702495e-07
5.218845984936584930e-07
4.727648865323939251e-07
3.793237899243965076e-07
8.184097605297864023e-07
1.799101561200799015e-07
2.724555240091011656e-07
3.501500500581340597e-07
4.733386362868871515e-07
5.544719866092832587e-07
5.399762342484590022e-07
1.184658742289916201e-06
1.105448971138141454e-06
