-3.199153280495516540e-08
3.822821275162747198e-09
1.941435606349009439e-07
2.429903633604016935e-07
5.544456453716788214e-07
3.493323456506926706e-07
-6.116970610728048486e-07
4.324196318205704618e-07
1.613766601278225133e-08
-5.747436048180789267e-09
9.763653606498025204e-08
-1.005723667810822470e-08
4.210480063944381978e-07
5.089586003534111331e-07
-1.579918844231231383e-07
8.869166091847232063e-07
-2.389500644573996968e-09
-1.924849247972328975e-08
-1.327488345940944896e-08
-3.338630585913690241e-08
1.334205585854250931e-08
2.263151726438526004e-07
2.603762742702056704e-07
-4.176623725016740276e-07
1.963656650819595849e-08
4.557642461787658102e-08
-6.994952198590277856e-08
1.071227826009366589e-07
-4.527219210307048784e-08
1.276098087123518574e-07
3.172005998306356704e-07
4.302311630862416574e-07
1.941210656548377760e-08
-3.402661803858785138e-08
1.823263436157940390e-08
6.790570173281741002e-08
3.698841976237389210e-07
-1.289409382955046521e-07
1.694055402178189699e-07
-2.576686556391405640e-07
-5.266873174832255020e-09
-3.909557513339555446e-08
-5.868058363993575135e-08
1.408096981913916650e-07
2.048371107604926218e-07
1.731535438024953459e-07
8.878291716035601428e-08
4.442861381033557375e-07
2.811043920890236521e-08
4.278138182506131966e-08
2.647687792549565721e-08
1.195499020374810726e-07
2.633357779434347809e-08
1.229274595510879175e-07
2.408446736281113416e-07
-6.225746975849609408e-08
3.074292327920247887e-08
7.856904343359386692e-08
3.533168829014549286e-08
8.309572679664394033e-08
2.091709514959158422e-07
-7.755356224960875787e-08
3.708695235103269763e-07
-1.048453271643138354e-07
6.560010890129766283e-08
4.297327673276131295e-08
3.734180292044478412e-08
-2.087469991484345362e-08
2.337846368532951165e-08
-4.472062537429230216e-08
2.926512727197768598e-07
-1.546487560739480002e-07
4.677176738901976517e-08
2.806059543720727449e-08
4.321479254549078641e-08
2.360285235454431265e-07
8.327820209390970032e-08
1.069302933502614870e-08
4.282126825495519410e-07
1.239112762313773187e-07
8.241204314625301748e-08
8.559587849667306993e-08
1.570858963267613570e-07
3.046545055988084614e-07
2.638229462889873479e-08
2.988055472584737518e-07
1.729526578874560331e-07
4.005459182525744111e-07
7.569120371898620351e-08
8.791581152895265389e-08
1.355518176135820838e-07
1.974934330649759927e-07
1.962669307375320523e-07
1.611065024927690219e-07
7.858196061895002542e-08
1.423634315699326474e-07
1.053897419494642507e-07
8.074119678094088985e-08
2.235679087486979983e-07
2.348443010234954648e-07
3.568203579964067438e-07
2.759203865254321353e-07
1.872409601145446520e-07
-4.433767929478136157e-07
1.239209646499969009e-07
1.363111903210103031e-07
2.609020585777187831e-07
3.450735412201292908e-07
2.907913944915019316e-07
2.044864283422040764e-07
1.221746036817809264e-06
6.657498737358315023e-07
2.030497561012321865e-07
1.950519773539388724e-07
4.085859608883516285e-07
4.601956172191824150e-07
7.487943281274680825e-07
8.495904721029829451e-07
4.846596768554915666e-07
8.888450667746725808e-07
