-2.888808607978439701e-08
1.151211395871070638e-08
-8.616971701912030216e-08
-3.801343054074959595e-07
1.905357838985701507e-07
-4.638795483062320270e-08
1.894732775865428578e-07
4.189942779294566896e-07
-1.722632090259484863e-08
-8.740186091714701178e-08
-1.001269305868153249e-09
2.150643481196362481e-07
-1.254208567948115419e-07
2.424047457556969152e-07
4.661394021771337716e-07
9.072606046404984749e-07
7.637438186859266400e-09
-4.412471500465981762e-08
6.048538518384058238e-08
1.296713056122275179e-07
4.751888450129049584e-08
1.462309867590999521e-07
1.365523948277258013e-07
1.698940029313621775e-07
-3.704165393945351316e-08
3.689926455538090504e-08
-8.362497825811643835e-09
2.800298737987055513e-08
-9.758086586629491858e-08
7.702213357347585411e-08
4.524926240837401520e-07
3.651180764208187649e-07
-4.940936213244252047e-08
-2.097080795031311480e-08
2.306236190116491468e-08
5.433842151169498418e-08
1.672014181078181062e-07
-1.970206207598498303e-07
3.107964001305632146e-07
4.480584525098935579e-07
2.424320395301601509e-08
6.009717433043028700e-08
1.258743782376280002e-07
1.973250624748295856e-07
4.890570965643868545e-07
4.398646670808051016e-07
-6.726930765754658314e-07
1.820115262837537113e-07
2.555206378386342671e-08
1.751071517613526259e-08
7.812114545082814949e-08
4.073733052540753136e-08
4.728730004567455251e-08
9.112048978584721629e-08
1.697117644732230889e-07
6.514110723307559951e-08
2.083051331357494218e-08
6.671715155103533131e-08
9.619918615012891342e-08
2.915476913073959612e-08
1.734950000531998161e-07
1.653636161250886686e-07
1.623546956828097021e-07
1.766149413456655907e-07
2.841411965757088780e-08
-6.937558665823777929e-09
1.044510820028803684e-07
1.378184997744614744e-07
1.268667965214849345e-07
7.525114524187122411e-08
3.063583777543627655e-07
6.231960771351405387e-08
5.687368478750802001e-08
1.230657126461301383e-07
3.242241999322929404e-08
1.143963764958066741e-07
1.170958546262490763e-07
1.601394943925338555e-07
3.279716976192663234e-07
3.588716581055197275e-07
8.142634485777357102e-08
6.785676002278024934e-08
1.065131631546439877e-07
2.063617441201558088e-07
1.264023181019981306e-07
3.962060810123110386e-07
7.340677552211072741e-07
-9.860908543232627510e-08
5.882236950040297516e-08
3.431459209502435367e-08
1.979473642128670716e-07
2.712112871258352291e-07
9.225974795274709511e-08
4.204556001135574932e-07
1.248311824435863764e-07
-1.384472249906625382e-08
1.656967584322864148e-07
1.701844133314623356e-07
2.149534519113671649e-07
3.816354182873703501e-07
4.026334554304251249e-07
6.625310543469309334e-07
1.066580727510908836e-06
-4.770885094446942928e-07
1.283113735279930574e-07
1.682916964245095848e-07
1.862599009374321774e-07
4.147224308726944168e-07
4.368016216702596570e-07
4.207710601067348423e-07
1.021270809831239762e-06
7.084042541190317832e-07
1.493849756964445175e-07
1.678967611100291740e-07
2.738466369363224027e-07
4.171754056033055050e-07
6.386037737090971680e-07
6.708045688287052172e-07
9.755701909979035915e-07
9.372942716292418033e-07
