-3.490719127642955389e-08
-1.391756663973288695e-07
-6.115645859695447891e-08
6.112888735511009747e-08
1.343536081330107689e-07
4.156626530729014719e-07
3.300488292331598557e-07
-6.909616466871394144e-07
-1.524646984849316285e-08
5.610702631135663149e-09
1.239575252383835873e-08
9.176182614531072773e-08
7.369569231870087924e-08
-6.362541137808067106e-08
2.588058484657797113e-07
5.214104332959648963e-07
2.487637896215519219e-08
2.733148992342577217e-08
3.834153947439065758e-08
5.155662720418975912e-08
-5.968719038083857107e-08
-2.026194194598162631e-08
3.045154063605743432e-07
5.374554441264342655e-07
-3.881707237690196675e-08
-2.302388731079712935e-09
1.400805621148478952e-07
-1.435566843118513110e-07
-2.450488441530431994e-08
-3.759436144958387380e-07
-2.610394889622270548e-07
-3.402299550402538830e-07
-9.883077980685135766e-09
-4.220557791685781216e-08
1.320840050199037638e-07
4.807257662440093184e-09
4.207436677952460760e-08
8.290910595884217163e-08
4.693793116962983260e-07
1.405679924307665091e-07
-4.383820922805543757e-09
-1.356131480922957463e-08
3.851135275111754317e-09
1.849310825062221038e-07
-1.178430829720086995e-07
-6.056649161482277784e-07
-1.286602386163943246e-07
-8.736263878426265410e-08
1.718556504487106031e-08
3.828399943209370485e-08
7.637573799722661328e-09
1.636605084561911542e-07
2.903555938382532014e-07
2.074020329808754590e-07
-2.511324045579940562e-08
3.371457504819107794e-07
6.384981963547438311e-08
7.799936276379777115e-08
8.845914107681619390e-08
7.150879870108593162e-09
1.489466578332690756e-07
9.227903783184240781e-08
-3.000061343278288585e-08
-1.511591562755953982e-07
8.486992339565806645e-08
6.241039976466932211e-08
9.943448260001692794e-08
5.662606132479517725e-08
3.136985959741761879e-08
2.164860168665129602e-07
1.134174438797905251e-07
5.177542551095405412e-07
8.996426792378748613e-08
9.279009725273370070e-08
1.061854505899791194e-07
2.025373911531080588e-07
2.182805726169986546e-07
3.160536606499407317e-07
6.950344574722793848e-07
9.958102418643560899e-07
9.051056213668510615e-08
1.105855968945273538e-07
1.152668222647349979e-07
2.185792522659076525e-07
3.317614074795196676e-07
4.291291344471833819e-07
3.896845104137134249e-07
9.331446353238433887e-07
9.422040234279387151e-08
1.139405147359120167e-07
1.570058041765548860e-07
2.030992785199991250e-07
4.099504815923189559e-07
3.612103973726997914e-07
-4.375987022672802977e-08
4.787425405314758121e-07
6.813498224940923037e-08
1.311334817533953192e-07
1.832927601463644099e-07
2.239931378102154493e-07
4.701728608933690170e-07
3.683397096507919617e-07
6.549639915820154044e-07
4.584537305378720197e-07
1.627931597595070890e-07
1.827790297878676407e-07
3.381248492260345802e-07
3.546768583227057700e-07
4.698926089634232864e-07
5.034032913267111905e-07
7.272453132144200862e-07
6.210864480263574857e-07
1.836001250573592511e-07
2.821852915886869773e-07
3.670715544796605071e-07
2.793264330814151972e-07
4.173234559017127028e-07
7.675048273877667041e-07
8.420846893932266776e-07
1.207348028658967931e-07
