5.456557367825250697e-08
-8.926818396090019959e-08
-9.254365757463199330e-08
3.590751785822944818e-07
3.119318239496829213e-08
-1.566015147915006522e-08
2.619424778895269098e-08
-1.804031054081863829e-07
-3.510672959202989755e-09
3.126851412962526774e-08
3.682921982518347308e-08
3.740727581350090178e-08
8.037539838198673067e-08
-2.906866915546595987e-07
3.770703852661912685e-07
-7.407981712546643719e-07
-1.693969313662727091e-08
-4.297646691302107893e-09
7.276805205595834182e-08
1.653679000032348090e-08
1.538060050649885756e-08
3.973139171592352293e-07
-6.679142446254529858e-08
-1.467794965699214793e-07
-2.088660191846430331e-08
1.180054580514683364e-08
-3.080141903283717464e-09
1.087366400291272336e-07
4.985871346811370573e-08
-1.453559793081387258e-07
2.724331541953936309e-07
4.808581190482593168e-07
-1.912802581932940691e-08
2.202306358453620106e-09
1.420858113836138849e-07
-1.936327201658444330e-07
5.725240950642968011e-08
3.321149101310678640e-07
6.449129429877534960e-07
-3.134030575650836963e-07
-3.418371650694700113e-08
3.600492355594633185e-08
1.110869691073516595e-07
1.077276197128810779e-07
3.183843003799600315e-07
3.164304282546362086e-07
1.711331308982753134e-07
1.698532556433765848e-07
2.195502629951876667e-08
4.478283711722543150e-08
3.656006471306759112e-09
2.583279040191630927e-09
1.146948347542860844e-07
8.809186982271811895e-08
9.712210055153203696e-08
2.350985227253689128e-07
1.283622098339469090e-08
3.840926075193055643e-08
7.429849176974152400e-08
1.196765740751998068e-07
7.725686105979189716e-08
-6.238359472362778502e-08
1.938165306418891743e-07
1.152789659253363511e-06
2.905878978981248808e-08
-1.664926597308541344e-09
1.084339671807442606e-07
1.412877848790332679e-07
2.832864326148361413e-09
4.479263985627260454e-08
-1.628435070961951336e-07
1.311869173480594290e-07
7.874861214790884825e-08
7.856302070980739590e-08
9.647228999294281101e-08
1.004834566822883480e-07
1.807311617937055600e-07
4.344153817079514293e-07
4.565241428005044790e-07
4.142044460834842267e-07
7.134852882792268713e-08
6.638508684075602563e-08
1.324870038911396979e-07
1.253735199569462689e-07
2.590853202903282616e-07
2.650137573447632530e-07
3.863448549463987357e-07
1.032564311896046824e-07
6.396493170383528290e-08
1.181953814672050827e-07
1.609794971992409474e-07
1.530950008758884303e-07
3.208307105672360242e-07
5.720797037719688406e-07
4.934267782695016943e-07
7.120005583571737121e-08
6.168764435054825979e-08
1.525748379207638490e-07
1.935498682302395233e-07
2.870421319336725683e-07
3.952527498932543855e-07
8.734732772026459901e-07
6.563645553285606278e-07
5.200180001409690115e-07
9.935131965569136082e-08
1.161477232395509395e-07
2.697011037154501017e-07
2.910959486154682989e-07
3.795885249873422797e-07
4.781146723706337630e-07
6.340195433404805025e-07
8.506893655085005884e-07
1.989393203884395174e-07
2.399492963231386375e-07
1.917930549738825761e-07
4.538261210840801885e-07
4.448344628922128176e-07
6.484055221104095032e-07
7.319440768390498111e-07
1.179820668334920348e-06
