7.585555749693152785e-08
9.003149863957689723e-08
1.145062698110656282e-07
-1.694126221967985910e-07
-5.561661562743754804e-07
2.993929240546967309e-07
-3.889638395928742657e-07
-5.381773693205791576e-07
1.062545898793573447e-08
-2.671205223109470655e-08
1.041859199350297721e-09
1.713358457440247279e-07
-1.469511180489810910e-07
1.251623536515422456e-07
-1.787230428594666483e-07
-4.427666439992318363e-07
-3.819873555691623680e-09
-1.362414044325692890e-08
2.847371327568367295e-08
5.353707935293746018e-08
2.876990149290381496e-08
6.348213648767084430e-08
2.025153997771024915e-07
-4.037228954657931431e-07
-5.710191431303963038e-08
1.243188739234206339e-08
2.170045492116237721e-08
-4.139305991770219091e-08
2.110418031756087945e-07
4.515266245824192753e-07
-9.112622743523507627e-08
-1.085491152697045340e-06
5.126218125479928379e-08
6.657603017248741010e-08
9.100468996145691758e-09
-8.314342861559255944e-08
-1.479998717328404755e-07
-8.039369841497952116e-08
2.978119879066949828e-07
-4.216737439028804916e-07
-5.200132446561056437e-09
5.839527320837804476e-08
-7.152783671749387358e-08
3.752243897667743855e-08
3.103578605012913570e-09
4.256734641323224730e-09
-6.826426498075608455e-07
-4.309904247025587986e-07
2.432437309891642792e-08
7.096616894104440841e-08
7.961364102011594272e-08
5.649096985468917826e-08
-4.321632557780029138e-09
2.636641535291068566e-07
-1.197766394728130386e-07
-4.488689565708224846e-08
3.043992816407560576e-08
6.016514136954974639e-08
1.118014159591017387e-07
1.024588491245795538e-07
1.704185675181208984e-07
4.994946790885344385e-07
-6.808014471795277493e-07
-1.594319058316966951e-07
4.150924166293568841e-08
1.198254912145404988e-08
1.905530288266247287e-08
8.017293146935730165e-08
2.862209389545041097e-07
3.693625793805551262e-07
1.465703691161431295e-07
6.396614950022037367e-07
6.728024233556079273e-08
5.114362698468638691e-08
6.673125437175514919e-08
2.122036913601062666e-07
2.799189708393904374e-07
2.876432189570407957e-07
4.526685369413737029e-07
7.900766136444506584e-07
6.072636072098382327e-08
1.428740656418059535e-07
1.123037672870418364e-07
1.015881829079470251e-07
2.558532410903453900e-07
3.914700245295809651e-07
3.110480451791293877e-07
2.422205311975748041e-07
7.939908545219920531e-08
1.009470077162757527e-07
1.306127303922446323e-07
1.718126765031574964e-07
2.748849081477311750e-07
4.367002550970882512e-07
4.232336541064798555e-07
6.950033072914518031e-07
9.028107360911589749e-08
1.023722782617478857e-07
1.308256676133878218e-07
2.429832495972780856e-07
9.675706808833513969e-08
8.535500757892947585e-07
2.848890828431113540e-07
5.284701472300273848e-07
1.747841767132153356e-07
2.487902844365538104e-07
2.666886462219548985e-07
3.391663429832639603e-07
5.205561576934241905e-07
8.334783568127696059e-07
5.703943479383506232e-07
5.436748250973876429e-07
2.244378261177183016e-07
2.026038997431685594e-07
1.350526713020751723e-07
2.410043279608273507e-07
5.209973333887605216e-07
1.502502032937200849e-06
1.074672051345381075e-06
8.904832963498803614e-07
