1.102574786126602603e-07
-5.197917026189059618e-08
7.799764179243053274e-08
5.928818561956322202e-07
1.532631345322279349e-07
1.319972956633755566e-07
4.216530562490947495e-07
1.408083225846765859e-06
-2.694822023839575688e-08
4.102088240821567969e-08
-4.264773246692345098e-08
1.155769814176677513e-07
-4.417992006727999594e-08
3.922974533293513024e-08
-6.474731548499351135e-08
-3.118133849827207740e-07
6.402943984907110850e-08
9.730835067692399473e-08
9.677198135346638417e-09
-4.288173961872811302e-11
2.261133104891797853e-07
-3.772097110334991585e-08
2.145698596798923162e-07
-4.477609519345695566e-07
2.081958042267805223e-08
-7.797922010466028131e-11
-1.976749788378345412e-08
4.467763517518634943e-08
-1.051089718223792517e-08
-1.335946872282075395e-07
8.308492165091529009e-08
-2.268985954529916178e-07
2.721158286497739468e-08
1.668995242975421994e-07
-4.100671551129057017e-08
1.271279982752438769e-07
3.138114850786818591e-07
1.339799204283566187e-07
4.262489373913510895e-07
2.171574297781547274e-07
4.887078804956373578e-08
3.381283217593756335e-08
-7.729783946348676066e-09
-1.699614436305094235e-09
-2.008810304406150118e-07
2.303978702865545559e-07
6.103673939922422389e-07
3.086597606387854390e-07
5.789493180199877743e-08
7.143047349992996967e-08
1.526744969480054094e-08
1.248238963348496998e-07
3.792189193035445532e-08
1.930470870479762830e-07
1.531036268657073360e-07
1.664259666248728744e-07
2.024794097376651755e-08
3.001848991411199922e-08
5.191738089247674429e-08
-1.600373554276450541e-08
6.368276039490567745e-08
7.657389072212584844e-09
2.955373990000447334e-07
-2.777542857637461977e-08
2.375717099996886211e-08
8.484288369802081993e-08
9.106491912890123485e-08
2.201719459482995280e-08
4.179890153756543737e-08
1.581494075452199042e-07
1.156037682313196814e-07
3.174397730937684393e-07
8.790726021230564289e-08
6.643576651052145960e-08
7.055838520993144736e-08
-1.430809005149751907e-08
-3.773562826317571926e-08
2.453349738462433281e-07
1.214585445331501345e-07
-3.677451244490107773e-08
8.555284452678838665e-08
5.405425904392323296e-08
7.059153039932908069e-08
2.483312408587484179e-07
1.769268357954590868e-07
4.077485369463553605e-07
5.962688336232113005e-07
7.293398010613107966e-07
8.414953883565006927e-08
1.598414340610574645e-07
2.233964061805676128e-07
1.055129318018324115e-07
2.052919384328441291e-07
4.767060840699471544e-07
5.721167926540689159e-07
3.521818380928733689e-07
1.477857675709356751e-07
1.064951166154960004e-07
2.796357867841762152e-07
1.338762018835979452e-07
4.131438416676983533e-07
7.049701242495450834e-07
2.976363010328099130e-07
6.909794631393152890e-07
1.007848213593455071e-07
1.089758084888648149e-07
2.402307517422101838e-07
2.051904134721648736e-07
4.006388840525346190e-07
9.684764671987287487e-07
4.239930023469350181e-07
7.144350265354989869e-07
1.403947755138185092e-07
2.115744490665616754e-07
2.468941255792078963e-07
3.903984702143157044e-07
3.060123695603962462e-07
1.145783379432565388e-06
2.814640083666727949e-07
4.981480400895673097e-07
