1.615544000572549542e-08
-6.446863850818382589e-08
-2.738132027259283683e-07
3.191230947365805541e-08
-5.570968998821632216e-07
-2.785125772833004938e-07
2.074474649783718713e-07
6.007082295308814119e-07
-2.074909060629875055e-09
3.021142809173496764e-08
1.184968331030589308e-08
2.703730970710450899e-08
-1.599027388733962407e-07
1.211479775740044398e-07
8.372297681873060555e-08
2.078322979593726141e-08
1.237474605265318603e-08
2.218712450422168540e-08
9.632854434917464385e-08
-8.769420491815147775e-09
-2.657750724910593630e-07
9.859658303313149733e-08
1.121782304438043430e-07
8.981984231942779977e-08
-1.915635569818320251e-09
8.206277840404537033e-09
1.725908597346173333e-08
2.872200012089620262e-08
7.037547777296199692e-08
1.287483073676972781e-07
-5.296379370246578214e-07
5.796040947439349061e-07
-6.585541034100398471e-08
-2.313757635907326299e-08
-1.218083644945516591e-08
2.224371979101773892e-08
-6.951803534269187058e-08
-4.307667060244924879e-07
1.009482611117576384e-08
1.553059263237946998e-08
2.734483762675978799e-08
-1.749735605139344823e-08
-6.382665787668905924e-08
1.615626887505635000e-07
2.190678611111201996e-07
2.425781457175809416e-07
-2.081284708685550289e-07
-8.412791002597719727e-07
6.094684114602856151e-08
5.003735705679888414e-08
8.912171499533987028e-08
1.844570962873475094e-07
1.245315851801929417e-07
3.087686578071052205e-07
6.264418701027111328e-08
-1.194362341986184927e-07
5.995121249215298937e-08
8.288280215222485518e-08
-7.978120929331520975e-09
9.246858314728639198e-08
2.605411497370537275e-07
1.609814200938475106e-07
1.320949626510621212e-07
5.058357044735140911e-07
5.768599705100839048e-08
5.458071402980371352e-08
9.278550123171291452e-09
9.175037184227403177e-08
1.746113032175180228e-07
7.620731124391067305e-08
4.818127343281330620e-07
3.235724098054228063e-07
6.643614189638375565e-08
1.387299007092638127e-07
1.423998658838692897e-07
1.226275440099991097e-07
3.069006811953503721e-07
2.306461560390346626e-07
3.689026750334971258e-07
1.056759736750199972e-06
5.905234216962762681e-08
1.513087343742482031e-07
1.131339555600130088e-07
2.188131533155801383e-07
3.039712758340264462e-07
4.108754713449146942e-07
4.510225821392863829e-07
3.621679827309129409e-07
9.801978540339827765e-08
1.011670586243299799e-07
1.533196047188039566e-07
2.107465098699824514e-07
3.932188378496734002e-07
3.369830176001471187e-07
5.872097406264352186e-07
4.362368581416212403e-07
7.356228272013428053e-08
1.597664761441798131e-07
2.213933423362589237e-07
3.841559011606140439e-07
4.302989158610711585e-07
3.936184264726195639e-07
8.825450385646427751e-07
3.145165117034721747e-07
1.592865303898460715e-07
2.398818410766309740e-07
2.208227738705472323e-07
3.533481906494389770e-07
4.209746681438232127e-07
4.967459495977146956e-07
6.115458431635664579e-07
4.421652299215772458e-07
1.871023666353728945e-07
2.440682520992779257e-07
1.939614616431706493e-07
3.388903865588501666e-07
7.303964159980579103e-07
6.881810035355857593e-07
3.947353647548979087e-07
8.899628965546511828e-07
