2.302225143506487109e-08
1.351487153416409056e-07
-4.491561688072558856e-08
-2.286111875996174009e-07
-1.187735098148067393e-08
2.362237522635020091e-07
-6.740448939067323395e-08
3.618075537491919592e-07
8.857460982706167239e-09
5.974207806860780087e-08
1.211846610964266251e-07
1.171757530894262385e-07
-5.470274355146955289e-09
-6.184794541171015585e-07
-3.620524691270107365e-07
-1.241845563095429502e-07
3.142735070130859814e-08
5.235232998716374890e-08
3.279515519234850656e-08
2.130888096024536976e-08
4.730618673176412447e-09
2.006324715095519733e-07
1.504774977689157119e-07
-3.122225484667936674e-07
1.021388576830618076e-08
5.456304462994616952e-08
6.033332504624935157e-08
1.329985331551707569e-07
3.401704130821624315e-07
-8.550924821428794163e-08
5.172236111624351822e-07
5.417029002412246847e-07
-9.031217969368277635e-09
4.488256474986399333e-08
1.072650069961751700e-07
1.656246291762693629e-07
-4.388539869741975758e-09
1.631903028494318813e-07
3.602147686140213886e-07
1.425628553582189336e-06
3.287090967924548554e-08
4.612038235412077294e-08
2.886405744291108088e-08
7.940458592545053493e-08
2.380490612364317235e-07
-4.316234144244969070e-08
7.638577937874378267e-07
1.069573091821790522e-06
4.140930333196715196e-08
2.228867976833918140e-08
5.776071558460459934e-08
4.191162072479100154e-08
2.722220778920659324e-07
1.636361969985209715e-07
2.093524695980064136e-07
6.096462829668766965e-07
2.004669468413012080e-08
6.985402197720190814e-08
1.004755341768130286e-07
7.429220417996239342e-08
9.409332460535187358e-08
1.940530037636944690e-07
1.292877817269391195e-07
6.178517434520900846e-07
1.845600169972247313e-08
3.305535441860895089e-08
2.703296932299388038e-08
1.465203467583751226e-07
-4.789540028386553108e-08
3.208821999468491443e-08
2.957145870952778215e-07
3.722687577075301960e-07
5.015070946028183292e-08
5.147982853147445557e-08
1.355675244380534190e-09
7.369745338864905411e-08
1.587077357006903890e-07
1.228505081661218566e-07
3.903886711504051923e-07
1.717855199039262472e-07
2.533750212340199178e-08
1.015083229395489445e-07
1.242070657140605198e-07
2.308926867678006391e-07
4.357556250048960530e-07
1.820236431526369431e-08
3.604972953765918146e-07
6.385707988656554591e-07
6.860609322252753834e-08
1.242242958897881786e-07
1.896606215398657084e-07
2.533045323031684977e-07
2.612546236802833692e-07
2.430615364210495106e-07
2.753025648968917618e-07
2.754945224481863937e-07
1.072265816344492371e-07
2.309871156500025447e-07
1.712356228681046826e-07
2.476462161896690028e-07
3.139790538612451169e-07
1.560107095931610361e-07
4.417097167506363940e-08
3.960272211066545349e-07
1.433238000722534019e-07
2.319198187809983411e-07
2.859089463853597954e-07
4.485123824802664592e-07
4.729121172241943421e-07
4.948565298653954378e-07
1.022077160788982681e-06
7.109605127082169124e-07
2.009851159511350333e-07
2.925682489940427971e-07
3.674779549820983282e-07
3.137193595441012853e-07
5.892753699911381624e-07
8.558083079121270964e-07
9.232415494353503260e-07
7.309112184093859485e-07
