-3.244708915992695195e-08
3.330682014029167544e-08
5.019656037774006175e-08
9.250451680635301675e-09
-2.243080062110501383e-07
4.288326986677724552e-07
-9.395031879180463719e-07
-1.354964511593130331e-07
1.573396234058652007e-08
8.286415092233652701e-08
-3.666494617725716253e-08
1.462243292364047535e-07
8.924651585197013616e-08
-6.046966692254067123e-08
1.404566318393953933e-07
-4.377530180653031183e-07
1.680147803151184864e-08
2.077287025840556715e-08
5.612200526387951867e-08
6.507884589081273535e-08
-1.297712420511442552e-07
2.116804151491752309e-07
-9.715846136360229318e-08
1.184717249905791262e-07
3.099734205685706613e-08
2.704966145985349073e-08
-2.176560250582837928e-10
-1.436171097374828210e-08
2.135043884873962924e-08
6.114874832381544106e-08
-1.753991296059691829e-07
-5.590188142055509922e-07
-1.246287884641902835e-08
1.430072988321152151e-07
7.307937271203670228e-08
6.103501970495770858e-08
-4.588424572055814776e-10
2.707002600380646536e-08
4.098167062568813381e-07
1.206168007503772399e-07
5.132791905934276309e-08
7.911279865001240565e-08
1.081654480098959256e-07
5.316740711340882732e-08
2.151979334890213837e-07
-2.268680284177727822e-07
3.931360366678412799e-07
3.663287997676338883e-07
4.985307896638762020e-08
6.318936579859050909e-08
1.260485795260469804e-07
1.153155387470896273e-07
2.084858963415222796e-07
3.343514883642482787e-08
-1.431247144557299846e-07
-1.166025496472613454e-07
4.073644517220856239e-08
9.186108729214272471e-08
1.207544490611104209e-07
8.964040910301653284e-08
-1.474807266048533708e-07
1.641691054757894473e-07
3.782740366866854690e-07
1.227526714095057663e-07
2.426821397231984478e-08
2.153807017969888002e-08
4.360688927069661802e-08
7.103117830725890510e-08
8.515740980530801244e-08
4.328564140591687863e-07
1.631122412861349417e-07
5.626730261249867659e-08
8.649713303907683562e-08
4.757009788567233007e-08
7.167660846017559105e-08
2.224251037407098359e-07
9.326884953077274296e-08
3.029555313863182235e-07
4.068606999216556759e-08
2.038131414313627601e-07
1.097921609616461858e-07
9.274741333461074991e-08
1.290653748745249150e-07
2.402368211571834226e-07
4.015595936444641277e-07
3.128862073290485267e-07
5.170585566029762874e-07
5.331038513454048117e-07
1.069258962344651328e-07
8.866686673216033686e-08
1.669578534198418343e-07
2.130297041321148595e-07
3.185981601648196445e-07
2.647339625500496843e-07
4.217252773686512099e-07
7.753796115632663920e-07
1.688240484426815922e-07
1.119138719672715909e-07
2.039303135053540681e-07
2.325633193047192906e-07
5.308923253608387631e-07
3.346688467467643248e-07
2.919614801808846771e-07
6.595136746343334921e-07
1.646089843149104485e-07
1.554728929661045084e-07
2.918154702886470244e-07
3.208328489862665319e-07
4.957081192099327641e-07
3.770825084015489168e-07
4.935936174302117989e-07
4.224594044427617977e-07
1.800614052277934972e-07
2.203805264039091640e-07
3.540568683083508594e-07
4.059328170933000279e-07
4.495474775526686744e-07
1.910710357206426336e-07
8.344153332912189679e-07
3.116664722386269140e-07
