8.799626468728179959e-08
1.472791608312574909e-07
6.396241165393586131e-08
-2.628307747958009869e-07
2.175892165210852920e-07
-3.842579201637587588e-08
-2.960247373289328615e-07
1.142579318579207924e-06
2.397148282805321680e-08
5.630631986109343661e-08
2.490519035029196891e-08
5.726896100780931850e-08
2.486861926774709165e-07
6.871314080591737860e-08
-2.721375401393757480e-07
-5.224541342537202861e-07
1.151694239450917476e-08
2.324724093836937028e-08
9.474243890290413011e-08
1.482158414833725473e-07
6.587381284501010461e-08
-1.958682501315052773e-07
-5.366790050947509609e-07
-3.248369217204282465e-07
-2.525876905842860125e-08
9.020101910981627738e-08
4.069260706751704548e-08
2.871684662825867917e-08
2.018655987714089326e-07
3.754810594789562636e-07
-6.454891353062436542e-08
-3.010875641836033472e-07
4.370857000497179198e-09
4.639144126782600111e-08
1.101000066233668120e-07
5.991606635559371537e-08
3.597559978629129336e-07
4.464461891576506955e-07
2.868434026834583770e-08
6.707526674961744378e-08
4.277839900936191679e-08
9.674130220453863370e-09
1.074111590491446555e-07
2.421435342313138896e-08
9.975697086347528105e-08
-1.899155888862215146e-07
6.285057134856865953e-08
1.882326913826961621e-07
4.795787419926737073e-08
4.892940621167039484e-08
8.443781814694840389e-08
-1.171518813446006449e-08
-2.811511195614650359e-08
1.115111590623216066e-07
8.300410080756920456e-08
8.016799035655201789e-08
5.730270509773056444e-08
4.281667055225463517e-08
1.333919397019102610e-07
2.248570489107421881e-08
8.341262994628269420e-08
7.974633326590656014e-08
-1.522364338406714881e-07
-1.291229734164485848e-08
4.195825652325130747e-08
7.104850103289059992e-08
9.521651951563398051e-08
1.169291755542119242e-07
1.372546797068634411e-07
7.188874741704658266e-08
-8.293606011830858732e-08
2.879539862104520469e-07
5.946158137478432770e-08
1.032901517045928682e-07
1.764873171461523016e-07
1.614787940914687653e-07
1.695035980094481806e-07
1.161222322809412876e-07
1.110562781016848640e-07
4.896330315445841710e-08
6.115854298520562509e-08
1.174684479577647541e-07
1.438266863617936664e-07
1.814741538721940346e-07
3.216171577363699995e-07
2.764157362640109849e-07
4.713894604517590810e-07
4.941523795895194879e-07
8.566843296564445510e-08
7.594104547703993895e-08
9.436970231155164348e-08
2.274076761962110362e-07
3.894441412444261387e-07
3.927193198640971176e-07
7.652805237400364590e-07
6.337151727371443412e-07
6.160622158070745520e-08
1.603439539164338089e-07
2.106782028355217369e-07
3.422625885648588631e-07
4.356831126341781274e-07
8.223361453675899411e-07
3.503150007750261443e-07
6.534209049790791179e-07
1.269072280354721444e-07
1.722239753817615439e-07
2.778027479178052217e-07
3.268075619378699711e-07
4.367340805879750646e-07
4.922680639419881081e-07
3.666238839785348523e-07
1.093168167814119585e-06
1.928008119007724858e-07
2.153927206968928288e-07
2.499150778596812531e-07
3.858506771477572726e-07
6.250981806176252119e-07
6.064960684162511166e-07
9.519948661397877127e-07
1.340119397943419839e-06
