3.872916293073911969e-08
3.215924853896311698e-08
-2.990351385966188812e-07
9.588719308168223484e-08
1.188205784815770685e-07
4.142496125414448101e-07
-2.265962195469571525e-07
1.967100707879633924e-07
7.095962763701704896e-08
1.561662091285236185e-10
-2.912730315870805113e-08
-7.672386460350089224e-08
1.123118145642628500e-07
2.966974307942241599e-08
2.909860879076349588e-07
2.568721311129715346e-07
-1.021281407865012974e-08
3.294219756314232900e-08
1.929661056792058155e-08
-3.232677782534169801e-08
-9.879202004439892126e-08
-1.553745798569043037e-07
5.184611528937282540e-09
-8.998399925459327857e-09
-2.551756812429273972e-08
1.470763342390545090e-08
1.143697835214939043e-07
5.558259950633133822e-08
-2.160733415573489877e-08
-1.098770429724443860e-07
3.293201950351063189e-08
5.677159780235455299e-07
-4.564093054919421530e-08
-1.931777941836225203e-09
2.187957695673515405e-10
3.108384909422083199e-08
-6.747927287284976929e-09
8.326209753145122439e-08
5.003315323612843603e-07
4.325242118715732786e-07
7.101081961553659774e-08
5.103700808244733984e-08
1.264027923878868369e-07
1.943440381754233708e-08
3.962625137893910711e-07
-6.281474530207651139e-08
1.077296083305180595e-07
-1.086799102256576063e-08
3.064211006367163805e-08
7.094286832841554473e-08
1.152791936013730454e-07
4.933995811797725387e-08
8.794140099081612987e-08
2.652871243572016404e-07
-1.053323604864867711e-07
2.346094136464025488e-07
2.628476304325378113e-08
6.506895920898795801e-08
1.077522718590399847e-07
1.495815155704875524e-07
1.037267832685160021e-07
2.815581591679378146e-08
-4.264272848761610689e-07
-5.322569130709714628e-07
4.963502636406562238e-08
6.278512997937659844e-08
6.383627494142797112e-08
9.540443101631572094e-08
3.236247371199208203e-07
1.951923299406764307e-07
-4.059555576796631478e-08
3.037062605057745927e-07
7.949291153005941830e-08
5.496559133026502428e-08
2.137706656053364282e-08
2.787507110075640469e-08
2.123699678369034932e-07
2.399174260217136106e-07
2.351772066727472048e-07
3.429600104842159449e-07
1.037301413153918957e-07
1.331016844750935686e-07
1.024354033904291001e-07
2.295042862224792057e-07
3.833670157651992372e-07
3.500813170065544816e-07
4.088729647427826596e-07
5.383149956669864278e-07
6.539835831739255211e-08
1.499416695259495681e-07
1.688846482728780301e-07
1.556500066192213344e-07
2.382686683291054544e-07
2.759360373267174875e-07
2.143049189193187449e-07
-2.754937260046960074e-09
1.239855013489125900e-07
1.419020340523889480e-07
1.075816594083452109e-07
3.304628515664071480e-07
5.448772917520389031e-07
6.035647832131976358e-07
9.464344973322041441e-07
9.497864007484597005e-07
1.375387142109423255e-07
2.489167692022763521e-07
2.295933848424008945e-07
3.326898219106019054e-07
4.738178128022560272e-07
7.235531794268848405e-07
8.591125623076255292e-07
7.534266195573634106e-07
1.567512951434419425e-07
2.568427961887272458e-07
1.845543578270886275e-07
2.579512622012671272e-07
5.352501312790522820e-07
7.227034730758916952e-07
4.627315309220910312e-07
8.528645432373063824e-07
