5.039910031888342569e-08
4.032512787601019210e-08
-1.919948458215150076e-07
-2.840296884031214714e-07
4.412842745992784612e-09
-7.957310452457348703e-09
-2.239702299427047330e-07
-1.008338839419244793e-06
1.085569524214641080e-08
5.345770056413391368e-08
7.422229543629993381e-08
-4.595733142220023288e-08
2.548024397423004320e-07
4.327611531170386639e-08
1.607065628347030166e-07
7.463487899047745586e-07
2.791113069267333828e-08
1.476286015403816555e-08
1.884840021249649507e-08
-3.046731305626015464e-08
1.707366269613957578e-07
9.823381409387138576e-08
-1.569979903247386718e-07
3.192558354323397450e-07
2.955889641670012169e-08
-4.398541548949067517e-08
-1.291936291257610889e-07
1.669341907220060920e-08
-9.306384413247098521e-08
-1.364315056396511888e-07
-3.715273160518790180e-07
-2.932520140026181347e-07
3.616154686641583779e-08
4.948123119526243794e-08
-2.537824355948780601e-08
2.088534915546144150e-07
-8.487055733028705163e-08
1.895868027965603569e-07
-3.915645405130990999e-10
1.308550353367586846e-07
3.160949693932189977e-08
-2.633133666834304932e-08
1.236970485366520319e-07
1.947073413970893275e-07
5.680639221824866496e-08
3.672240879261665549e-07
-6.231662617658946325e-08
1.139866121483432580e-07
5.263146430627325574e-08
5.679425143313441642e-08
9.231907392930999001e-08
1.079891413506072097e-07
2.694466192171957499e-07
4.192187133888457818e-07
3.128395528829326424e-07
2.249721916177486880e-07
2.416689959808274923e-08
-6.131984788350014758e-10
3.952409841613396794e-08
1.108256001253927400e-07
9.559537111077433275e-08
2.695618173304593825e-07
3.218679936773010790e-07
3.706188080739155194e-07
4.509445209278689922e-08
4.544251843115575514e-08
2.161317093598200419e-07
-1.469576241611323190e-08
1.923886573837304258e-07
4.928195905093377295e-07
-1.859316106507511819e-07
2.424651222803246144e-08
7.756510476021839656e-08
2.092194507935888675e-08
1.651628624175725890e-07
-2.706410643780504335e-08
3.860985610081150695e-07
2.325899578088110849e-07
3.518987204458249757e-07
1.289322917276474943e-07
7.236649205325949839e-08
1.151568800542446963e-07
1.472049885064806076e-07
1.130245824527120850e-07
1.852537630818721264e-07
2.147344294888738966e-07
5.266358359908496542e-07
4.277957217551479729e-07
8.192226413681969878e-08
9.360901729459536918e-08
1.254395656002296493e-07
1.959913756673045019e-07
3.193365642870045437e-07
2.984246907819704549e-07
5.441923102078170650e-07
5.266480755467206710e-07
1.100502984942051501e-07
1.743141343576203988e-07
2.550898633875804879e-07
2.476433796804322482e-07
5.276859420335545542e-07
3.629104466463051325e-07
2.735178347744133265e-07
1.155530333032913174e-06
1.131059725606856093e-07
1.848861299686369909e-07
2.036843938733417729e-07
2.545566617800595167e-07
3.483064439174534015e-07
2.366233883495564339e-07
1.077784672192892656e-06
5.583961638226776549e-07
1.668593094332246438e-07
2.150058196762051605e-07
1.203180973305601004e-07
2.030614144494585126e-07
5.601027089370696071e-07
8.011967484465476270e-07
7.627187054417396503e-07
6.259343358812848911e-07
