-3.964673898361131911e-08
7.977203235630316999e-08
-6.912350083137001455e-08
-4.207078199576031222e-09
-3.059485776681064847e-07
4.803687084300626399e-07
-2.515589907558146983e-07
-9.366760956568718964e-07
4.434877186022080562e-09
7.099339942055640844e-08
-3.055239176856497649e-08
1.144815622788547391e-07
-8.503503624717749357e-08
8.968591091865232683e-08
5.721263446789636651e-07
1.952891635740407845e-08
-1.933494976149074022e-08
2.444969140556907764e-08
9.188047048654711729e-08
5.567341825530253886e-08
1.696908317417268761e-07
9.619075738970168373e-08
-2.187307625419019130e-07
-2.332160134494002747e-07
-4.351209147808923678e-08
5.522036677461352783e-08
1.343964502959694309e-07
3.019802391647876410e-08
5.889748563353160299e-08
6.204995078695151762e-08
3.735278536585286012e-07
3.125051485718190112e-08
5.576653795647888202e-09
-6.083548839836619783e-09
1.189912159027745136e-07
7.454273078594433005e-10
9.792506016299762483e-08
-3.508778070345293660e-07
1.517926725939105077e-07
-2.718922542421743481e-07
1.586213388799007008e-08
5.503828089041158516e-08
7.825490525669663786e-08
1.419451112865290880e-07
4.350856558006303135e-08
-1.189973722423986110e-07
6.726120600434011681e-07
6.247714998554413244e-07
3.511044778033568200e-08
6.090194260868581654e-08
3.804275810204153063e-08
1.700512132568712350e-07
2.109619419211637929e-07
-4.297353167310557514e-08
2.768594977726511534e-07
4.402496184748686721e-07
2.006624987523294628e-08
7.766862220466659653e-08
4.887415599026678562e-08
3.109139113728150091e-08
1.451684381539534203e-07
1.193499015572888947e-07
2.090325752432315029e-07
-5.365845378162505506e-08
3.347038351997685128e-08
6.039344229559842365e-08
6.602315384524902387e-08
1.576293174678188643e-07
1.367851534393561381e-07
-1.184945110858407570e-09
-3.992891611328612979e-08
1.599848371060194650e-08
2.818896383709257881e-08
6.069869376894115944e-08
2.148759177308454788e-08
2.074239703100587285e-07
2.578140135991695100e-07
1.099222606359513972e-07
3.656007495993549634e-07
4.258898943122749980e-07
8.382194491408050503e-08
9.790138316127603663e-08
1.249727054402512824e-07
1.568266073448141782e-07
2.306644633784558747e-07
2.251068072414581170e-07
3.501624438975007333e-07
2.603708526785439742e-07
9.746509186516709428e-08
9.433946778104587307e-08
1.326789450864778342e-07
1.635242299203359057e-07
3.170593039674544776e-07
4.269577078200550008e-07
2.777999107037420285e-07
2.658157320251301540e-07
1.224198139263682140e-07
1.835629742067579356e-07
2.456514070142095612e-07
2.666258385134879321e-07
2.840351739650869012e-07
4.422582445479799453e-07
4.023733645005764039e-07
5.590105210154382457e-07
1.736289127778589669e-07
1.429381833400985858e-07
2.303676660395962174e-07
3.418477263589287459e-07
3.101604360394926061e-07
5.019227725371527536e-07
3.083687410954135368e-07
5.636128303245307719e-07
2.243207522376286491e-07
2.236594598057530896e-07
2.581306666986583214e-07
4.858915441120652195e-07
3.132330767867156194e-07
5.818796523295846240e-07
1.176527763493426019e-06
2.492853305938917820e-07
