-9.990126033681034883e-08
1.500968568388004531e-07
3.995823723822689970e-07
-4.272953541625810947e-09
-4.090521344208552404e-07
-2.446900959423198888e-08
6.417947337162046272e-08
1.518779059607342025e-06
3.669792706962796315e-08
8.611641083805359730e-08
3.875249487896863757e-09
-7.360496452983282459e-08
1.534314486443730716e-08
3.021558640115998306e-08
3.143451028856582050e-07
-3.866632076484323442e-07
2.931380142572824183e-09
-4.201981446208667673e-08
2.700266624373415383e-08
3.535237857801560671e-08
-4.559111447081424186e-08
-9.419448271557215441e-08
5.152414636488990367e-07
-2.444351497791269140e-07
3.430704616162690833e-08
-4.131996101988923314e-09
9.754779335320022996e-08
1.063691139190685440e-08
-3.335005477126303923e-08
-2.148209632337768184e-07
3.358354214163813140e-07
-1.881801069780386584e-07
5.331743775897036345e-08
3.568026574601266226e-08
1.325446934890942257e-08
8.396862345121263579e-08
1.288780046107022969e-07
-3.547632953194015890e-07
7.171267620607070334e-07
-1.015888023469039387e-07
-3.534623817224002129e-09
9.616738243674813359e-08
1.453302276580972601e-08
1.815476445204179538e-07
1.277875420808323662e-07
4.277715160858991648e-07
2.053433081108051378e-07
1.063015133887585469e-06
2.222115926439519878e-08
3.688142902825280276e-08
-2.278250921876904108e-08
1.671777599016699232e-10
5.681092778969786097e-09
-1.128865173587141570e-07
-1.676368295386631608e-08
-1.917445626729142342e-07
5.102081270638089995e-08
1.353496242931716724e-07
7.103974162722766552e-08
-1.867147233966563863e-08
1.736492126086104012e-07
4.741317037655737438e-09
3.969136903242402585e-07
-5.212876598618882205e-07
2.141449031091200600e-08
4.699614169244023749e-08
6.155164683280090828e-08
1.926828303599643040e-07
7.590135993416243994e-08
1.460213947620864822e-07
2.296589232109064564e-07
3.515378105871043504e-07
5.222130302519486485e-08
9.601401379990725960e-08
1.590915408185709776e-07
1.063971551103748016e-07
1.993038633568063575e-07
2.437945356857869653e-07
3.617080502249602460e-07
1.623068220114799318e-07
4.871814099578161231e-08
1.004895538453914652e-07
1.129919248139446896e-07
1.695600056413605984e-07
1.219850281786380433e-07
3.612521965292331808e-07
2.470910350136000339e-07
-6.668396033768183794e-09
5.020179551684577915e-08
5.762705027610056002e-08
1.377266030635333892e-07
3.248368507564056604e-07
3.436036736957279441e-07
3.309958729094774274e-07
4.808343837668935876e-07
3.535433368453458753e-07
5.868895598779405953e-08
1.643022476363337469e-07
1.491665294397953487e-07
1.987769774084368285e-07
5.694127838541325641e-07
4.307032874403936292e-07
3.667787387979667977e-07
2.003068145623476703e-07
1.220424386072489868e-07
2.007660856045060301e-07
2.494570950438838858e-07
2.308856623801192287e-07
3.204943410852874866e-07
3.586540289971629187e-07
7.582799182467815717e-07
8.837316017499170964e-07
1.694456777376413821e-07
2.247122026796620946e-07
3.196771091787481017e-07
4.079397417877767976e-07
5.412802955891942106e-07
7.250708117858616546e-07
9.831098194648168458e-07
2.706172878679418788e-07
