-3.558089591571629699e-08
5.232268399783831560e-08
4.329188527506340923e-08
-1.756981385192131049e-07
1.282686927182247890e-08
-2.329395791271563758e-07
2.328946010759101966e-07
-6.864928986136824432e-07
9.591456524541864377e-09
8.765045878073530900e-08
-5.385313802392689094e-08
-1.032198294242146758e-07
3.116934247802026036e-08
5.078877482234162297e-07
4.417287864973604510e-07
-2.351623399042582389e-07
1.620661320898484235e-08
3.962708526035336937e-08
3.480628441552973908e-08
-5.162636435366826944e-08
2.275772714198048652e-08
-5.768523077547202110e-08
3.377305651014484268e-07
1.851879578602317123e-07
7.801926851644160425e-09
3.008812358972564671e-08
-6.704931884375746672e-08
-1.629800926178783846e-08
8.209060110185380497e-08
1.635250119383895439e-07
-3.658813286471249572e-08
-6.264164864295921667e-07
5.085142452847865177e-08
1.062538654003677048e-07
9.402937482301638142e-08
4.628853575208333893e-08
-8.118684531244175228e-08
1.150775295003219325e-07
-4.528077935611415174e-07
3.126309582952016183e-07
6.072652657259909600e-09
4.628325316460643670e-08
4.361641784127423049e-08
-4.492248023146106126e-08
-1.854084565211945940e-07
3.419538486096277676e-07
8.749462051571946583e-08
1.027397167657841040e-06
7.930507452747211737e-09
2.129075778417587681e-08
4.782134385915740533e-08
3.967696074723617294e-08
1.692494040920223133e-07
-4.812249940764881613e-08
-2.026082408205844300e-07
-4.538087556589764347e-07
1.925572297479503735e-08
6.497504231795453395e-09
1.310169720708292049e-07
3.480970009911985076e-08
1.522508654502763798e-07
1.052517416347629919e-07
-1.635696577796683654e-07
2.833064097354491253e-07
3.401199397015859764e-08
7.492630192475298345e-08
7.968871031808403270e-08
1.847362148621755432e-07
5.384819272016156167e-08
3.054970049584560688e-07
2.699925163509607089e-07
6.231999488961228925e-07
8.375293255873635054e-08
5.575635442619152292e-08
2.142862987544825404e-07
2.010534165540626943e-07
3.121761227129855842e-07
3.364903315688683337e-07
1.325118393218711309e-07
4.146541697637385391e-08
8.865096736841793689e-08
7.216905439221811645e-08
1.466659358911831635e-07
2.682930395431990939e-07
2.387248440154479802e-07
1.824918393557219042e-07
3.906319121030230278e-07
3.535014208717358674e-07
8.222935195523038562e-08
6.322605163767391758e-08
1.396984929680449405e-07
1.877599110924124889e-07
3.310307921437104500e-07
4.739177213999633885e-07
5.857360543298245534e-07
2.182881210140215099e-07
1.711607973653440091e-07
1.105865019795914058e-07
2.806404087446072365e-07
3.639185827010300206e-07
3.995637253953888110e-07
3.542504684199026499e-07
9.160307292952477085e-08
1.058554387930470078e-06
1.533226350214059804e-07
2.177512662238386348e-07
2.690834872134025076e-07
2.754894549436682547e-07
5.329661535394839217e-07
6.822547224713661997e-07
5.523212029610258252e-07
6.695123192111293272e-07
1.228369688894345892e-07
2.364884238740753664e-07
2.609241750104065812e-07
3.456647313473010270e-07
6.194655672505755207e-07
9.923862756479565885e-07
1.137246365760741299e-06
1.783307944291962045e-07
