-4.657504834825054429e-09
-9.117554005650254465e-08
1.254792760175533617e-08
-2.203796113219789389e-07
-9.824149891938964420e-08
-3.726189956046220353e-07
1.640814236813409128e-07
-1.328876460364595639e-06
1.480127854591163660e-08
4.117909525806150614e-08
2.329634748223259278e-09
2.966279895534233632e-09
-1.720623187049142765e-07
9.801228781844090008e-09
5.588949249774378700e-07
-5.319021367936669708e-07
-5.005950397233376020e-08
-6.647448275814172807e-08
1.258908191067335536e-08
2.401390691382607671e-09
6.677969160845037859e-08
-1.050809997618759037e-08
6.175176464983999805e-08
-6.292726571819785959e-08
1.165773688626732092e-08
-1.844911309419327477e-08
-7.702324042797359869e-08
3.892673236365654509e-10
1.533912389619977282e-07
7.171592833779204955e-08
4.167093027848515039e-07
1.096906072021736809e-06
4.461923251844570452e-08
6.127446855791067852e-08
-1.690118033476451832e-08
-2.998146367176418004e-07
1.051442002658398240e-07
-1.171221727976683535e-07
1.466930830654940818e-07
5.185235088382694718e-07
-1.738651572669203468e-08
8.507711050235140837e-08
3.798104245815637032e-09
-3.652954212014995907e-08
4.688718296930303995e-07
4.122006003292367348e-07
6.152756841814820517e-08
2.276406103364740790e-07
3.753067589122653327e-09
5.486506009963209280e-08
5.604809475709852614e-08
1.500212938172772038e-07
2.275649440993115378e-07
7.411868938246236191e-08
1.702429902032433203e-07
5.611128427249584654e-07
3.017482602195244172e-08
1.888297398684616999e-08
9.087428220951948990e-08
1.806141318336386603e-07
3.809966118831931795e-08
5.176534875755395411e-08
4.703210184114898555e-07
5.261250480208447893e-07
3.278221605177471489e-09
1.042947364749318008e-07
9.518747225727566538e-08
2.069214317993935963e-07
1.496855612663937183e-07
-1.280140706328216367e-07
8.291600235640017041e-08
-2.813593015415535638e-07
3.377216375577357312e-08
4.982912301867240313e-08
1.547836250949830531e-07
9.286766450746509535e-08
1.526965579044387674e-07
4.209991056119454184e-07
3.828580031268890135e-07
6.246974134635562121e-07
7.249887802571601329e-08
1.110113287255994842e-07
1.489531469861150663e-07
1.899653473552128837e-07
3.357269908664019861e-07
3.112157280159004677e-07
2.749313390631494570e-07
-2.986019346427082863e-07
8.291030592922620597e-08
1.299897125657963322e-07
1.947279514236301904e-07
1.029278066232079763e-07
1.532785295285238539e-07
5.329307323580016549e-07
6.030157555677795941e-07
4.261651288257797450e-07
1.321299990992827722e-07
5.950463920255369177e-08
2.460252439132849419e-07
3.657882468099141489e-07
4.348250772340596273e-07
5.544177719575251378e-07
6.930735593348604909e-07
1.062583393235931501e-06
1.401510220683965564e-07
1.587235955442752865e-07
2.128095833425154347e-07
4.441388204396845456e-07
3.776434283045464937e-07
8.041900971923987011e-07
7.557350103886110602e-07
7.085417479045758144e-07
1.539696467313866204e-07
2.077917610652801861e-07
3.766387198148938984e-07
4.914519116513800034e-07
3.884194001751341474e-07
8.320399591734458130e-07
9.240734208654596267e-07
1.305102069443447789e-06
