-9.533019195550444836e-08
1.230456367843542349e-07
2.473489522576700809e-07
3.076761110702801243e-08
3.600621601489420185e-07
-7.202530074012109295e-07
1.600246653418660944e-06
-1.678890878784735662e-06
1.311688937366988694e-08
7.702464231652819358e-08
8.325767362853495709e-08
2.101692159535024409e-07
2.582654915545037640e-07
1.105923293499947393e-08
6.365701186890623545e-08
-4.363700120982530423e-07
-1.782082883144703743e-08
3.349933283704675407e-08
-2.810948587429507277e-08
-6.798032307573178411e-08
1.135428546850104596e-07
1.124966702796195640e-07
6.994508829003107933e-08
4.329692294324615130e-07
3.218816747021490257e-08
1.545469845039462049e-07
-4.715612180039020225e-08
-6.764463507777834445e-08
-5.288957886507868337e-08
-7.012986607311377663e-08
6.124545035449022087e-07
1.873173028509843223e-07
1.852161670221605716e-08
5.440393777206345580e-08
1.316878769384161369e-07
3.930202877476947532e-08
5.966633698503193978e-08
-1.306839374318551330e-07
4.565447528037453979e-07
6.766054850734784159e-07
1.135568331171581979e-08
6.606915455838570196e-08
6.016191303623020152e-09
-2.334731540346743707e-08
6.218105913949549533e-09
-1.070961729572299850e-07
6.957772882660170066e-08
-2.078837427479086000e-07
9.539217204583851147e-09
4.787033041726739258e-08
3.247878692016840613e-08
5.088799923358561592e-08
1.494982189981317696e-07
-1.031655596546725066e-07
-1.464577665155536428e-08
-1.104696900979096994e-07
1.935808211173654317e-08
4.359956427729146199e-08
1.771334947966988554e-07
1.087516319647655025e-07
7.893288585159415601e-08
1.203872596801553776e-07
7.324317583260247541e-07
1.462709359786924952e-07
3.502855087922011754e-09
5.668003673219394763e-08
6.945413720456330247e-08
7.430983952898036720e-08
1.295111977033705485e-07
-8.263279768290673570e-08
-1.626143216810328886e-07
3.272129673139347022e-07
1.397362454531131714e-08
5.090701416011642969e-08
5.594272970611309130e-08
2.759848565858319148e-07
2.080946066398503411e-07
2.943656436305706921e-07
-1.418554089997532984e-09
2.154784601034343100e-07
5.808646718005588614e-08
9.375135963037344246e-08
1.614998170268089979e-07
1.593627869685114615e-07
2.612862401773482628e-07
4.212659614627902936e-07
4.698917788862776499e-07
-5.106011130870096003e-08
8.935989857581109308e-09
1.371315066205124826e-07
1.864287196751871356e-07
1.570373096202049234e-07
1.651774825625070881e-07
4.473261073768123301e-07
3.280030928299739868e-07
3.925278672373714279e-07
6.610774640467535451e-08
1.874202125082792937e-07
2.608534055955093458e-07
3.569036405400973721e-07
4.808652183899899119e-07
5.327961326698754282e-07
2.256853083686442809e-07
3.536466708350114694e-07
9.643682261866539497e-08
2.400118981962275628e-07
3.517561659509341706e-07
4.637804555466143398e-07
4.640888249338908730e-07
2.497373750545560342e-07
5.005816574866993894e-07
5.046952893496744409e-09
8.993744228248225384e-08
2.349265033293765903e-07
3.155458777442948016e-07
1.138514546652600050e-07
3.890766381007504076e-07
8.646745889219861446e-07
6.730315830841832798e-07
5.570104778606141869e-07
