-3.772464053222102896e-08
-3.524816897529166841e-08
2.509727480829627934e-07
2.896051237178275484e-07
8.269138152052282740e-09
8.587456763292252109e-07
-2.043797589155280846e-07
1.422714981695087070e-07
-2.968175945873292055e-08
-2.946767439231075898e-08
6.751906871689298458e-08
-1.979528720529141330e-08
3.624661354054404709e-08
5.988834452745050375e-08
7.071552932230479278e-08
-3.741600222119058161e-07
-1.031613591640482442e-08
-9.725267021189636084e-09
5.269520238999056670e-08
3.231207728473926373e-08
-2.440653864189053381e-08
5.330444509894324037e-08
3.009060466452825795e-08
-3.759110401571134379e-07
-2.468594922537276326e-08
6.037725702142142796e-08
1.349659611531603484e-07
1.163491559447258743e-07
-4.247665395217546035e-08
-2.642900849574197432e-08
-1.714685760954423049e-10
4.092302567440142008e-07
-6.884267482223741934e-08
-9.140048923906786106e-08
4.253735379552340700e-08
1.196433388399200045e-07
-2.479096747571039718e-07
-1.242354353107449060e-07
2.557228675382275916e-07
2.072069302035946339e-07
6.018152803009581938e-08
-1.297730476266549642e-08
2.278635871652669464e-08
2.118365196593856043e-07
1.540356297228579118e-07
2.163612477739578634e-07
-7.325156822882194815e-08
-9.829560311923141827e-07
6.964787237288102429e-09
2.306506422825528107e-08
8.987335452270486605e-08
1.344443152294355635e-08
6.919737155188109075e-08
2.568714409288698617e-07
2.260292000334469516e-07
-1.626890893124097462e-07
3.231700573743895649e-08
5.120272100687136854e-08
7.086562770279454320e-08
1.519314393972919266e-07
7.785447821699682163e-08
1.398815795521028939e-07
3.163512260972228098e-07
-1.017857191039537021e-07
1.485533379257694425e-08
-1.212472395734523635e-08
9.666991736190600498e-08
5.742643727449648939e-08
2.101942129151253278e-07
1.393481043738470091e-07
-1.355668500455027662e-08
5.825150697271920366e-07
2.984274705327566588e-08
6.620316226213992127e-08
5.943651364005492605e-08
1.962153733766445193e-07
8.951409193468998080e-08
2.616597594466875903e-07
-6.299918836874074640e-08
6.059516358735984397e-07
5.191902151426328885e-08
9.179470631217735570e-08
1.758162945787927522e-07
1.541265941683088850e-07
2.410977898488332446e-07
3.159120707385589626e-07
4.280373261083214863e-07
8.180706048544016440e-07
7.333949713647768937e-08
6.194911834107221472e-08
1.175568744923697219e-07
1.793635057239612785e-07
3.810268917654212859e-07
5.394230250190831860e-07
6.964166055782363636e-07
4.817896599933863261e-07
9.572024624617014656e-08
2.016749065878333091e-07
2.052375830101677014e-07
3.580317196220423345e-07
2.217290340108970034e-07
1.065650382980339759e-07
4.928015117249164662e-07
1.064641682749857248e-06
1.564729470482535287e-07
1.812875811048160298e-07
1.641438430392281110e-07
2.010332705384349665e-07
5.344337424782991999e-07
6.190842586085194770e-07
6.648768601373696860e-07
8.635534614475421744e-07
2.205131645575226942e-07
2.435478923929383825e-07
1.845875565578905106e-07
5.305381853023003068e-07
7.511165605934455042e-07
4.270364003804889022e-07
7.018306760183809283e-07
1.420201319264210956e-06
