-1.007926297688396422e-07
1.057273060390422790e-07
1.938113156096643967e-07
1.015876796264772771e-07
-3.068756995704608820e-07
-2.915879926633128254e-07
5.597552724475780121e-07
5.370000423000501433e-07
-2.685218320822825672e-08
5.095888105080602054e-08
8.041013532050874735e-08
-2.065108313164058730e-09
5.712885038149170825e-08
2.521861201944350277e-07
4.937265721992256105e-07
-1.880643872052433193e-07
3.992011050013797036e-09
2.435001253656067700e-08
-1.800225943901433223e-08
3.789709113049106130e-09
-9.709534971838053310e-08
5.235362064176155158e-08
-1.634992888411159321e-07
-1.368384506336905888e-07
1.885618139027072330e-08
8.104950671818942480e-08
4.040249491855539557e-08
6.822277630947139801e-08
9.813941747423114870e-08
5.838788313823433725e-07
1.087537917648950955e-07
4.790680445997908190e-07
5.190949090044547096e-08
1.059425250976364905e-07
1.134962323894411791e-07
-1.469145404300133102e-07
-5.650603193945583871e-08
1.964138856439824812e-07
2.954272753928412356e-07
6.637031310772495068e-08
3.032448883164669714e-08
6.192180324324095950e-08
3.100122521944077574e-08
9.137701807376963201e-08
5.104581273670257699e-08
-3.324069584410436233e-08
-9.835843913522377152e-08
-8.963309146758040856e-07
2.528598927659087847e-08
2.059704809218929034e-08
2.578880017247935627e-08
1.810927300346098116e-08
1.551283684439563805e-07
3.309635525209142918e-08
3.731431027195515714e-07
1.864345696973673736e-07
4.704571270462269813e-08
9.056702696014719077e-08
4.111930655113119604e-08
6.217328755596522137e-08
3.173304284716733282e-07
5.049269937028591318e-08
-4.008379985510807192e-08
4.017335088015256832e-08
4.211899476983451621e-08
3.601118942342048232e-08
3.113763005612248251e-08
1.666931543564435066e-07
1.402799065706419798e-07
2.784001385512263599e-07
1.868882087004319911e-07
1.751708510966700599e-07
3.077741590756833547e-08
6.602146613817927960e-08
1.699187024106258286e-07
1.728083113325946976e-07
2.298854973304217027e-07
2.357376496027671347e-07
3.796277883436467608e-07
1.142861598245364829e-07
7.456676171429650704e-08
7.551336457321727120e-08
1.061239832128034713e-07
2.737352637084293828e-07
2.242710330415862448e-07
2.087940273044274020e-07
1.639267659193070168e-07
1.844192966246262294e-08
8.068760766338079036e-08
6.268390673402113363e-08
1.273288460213040023e-07
1.942065523915488970e-07
2.480205276167461023e-07
4.312873530249833155e-07
3.451338247411921261e-07
5.389200222259145245e-07
1.910094143982658453e-07
1.953771321848083935e-07
2.551594950039653692e-07
5.460715459278111558e-07
3.753339787719818484e-07
5.378148271641689180e-08
5.567494887685852569e-07
5.680995756715985058e-07
2.260514063931660199e-07
1.577353452391706682e-07
1.853970092293028124e-07
5.774665936549227229e-07
4.761835628655136943e-07
3.386966860362164599e-07
7.408475345739420288e-07
9.004825743829886939e-07
2.346982638276087110e-07
2.037850273549867304e-07
2.276569932346693789e-07
5.377434009866228601e-07
4.849642431478888908e-07
7.555617217196224300e-07
1.205704772720074252e-06
1.050406672804025053e-06
