5.101364102306553842e-08
9.955933160526690859e-08
-1.572279256963411829e-07
-3.660108634529115744e-07
5.533145739440179167e-08
1.147224224928454805e-07
1.478457097984405409e-06
1.146861047576132779e-06
1.500568875556561002e-08
5.605590216218514820e-08
8.095123276854235058e-08
4.308564859943332500e-08
1.323850208011304488e-08
-2.684843570880967289e-07
2.762441743510548079e-07
3.470999932440972192e-07
4.348536908095194838e-08
6.796427879939940253e-08
8.597241585613362187e-08
2.313864592240282458e-08
-1.180016027599956919e-07
-5.461278174945342864e-08
-1.248861264288290820e-08
-7.183843357310312095e-08
-1.308356540934426101e-08
8.292095930601225683e-09
1.402184906855299918e-07
4.967673401065748433e-08
1.884902911957869004e-08
-9.341266960819003235e-08
3.963018910616654799e-07
3.018477688775948187e-07
-4.136736871059986875e-08
-4.163495527271729631e-08
-2.357597892856834380e-08
1.169816902779772960e-07
5.824727680546524280e-08
2.232333342570528920e-07
1.047265965474353016e-07
3.891232334622494055e-08
6.833472201655979208e-08
2.685327665848283180e-08
3.219396428255420881e-08
5.858634068843356697e-08
-7.877341230664119897e-08
1.212918835252650864e-07
-5.256265545955883274e-07
-3.439543715925100616e-07
1.927643873802735482e-08
4.183645968328416957e-08
1.980491237355753344e-08
4.217829508761532150e-09
3.110387139545091740e-08
1.657545095967450180e-07
-3.236914209072072512e-08
6.576153213897969944e-07
4.458123981233900785e-08
1.111531346196843535e-07
1.515880183167487181e-07
2.968483887127890680e-08
1.334571302391361121e-07
3.265904587633486152e-07
1.135583841010428847e-07
3.152926479776481604e-07
4.307293564796999435e-08
6.504561001888572486e-08
9.776294324912544437e-08
1.876516861249656204e-07
3.554406671904088203e-07
1.676026123818003036e-07
4.081563669423422820e-08
2.418058630167241833e-07
1.857328700363872032e-08
8.542921927300144912e-08
4.259796852707718848e-08
9.731176765040334750e-08
2.107740289645281176e-07
3.012148430585941664e-07
4.712221089554446716e-07
-9.838950812405235414e-08
6.180773958546386545e-08
6.714179558547362416e-08
1.181251991677004413e-07
1.729901550434716588e-07
1.691023229413103922e-07
4.732343429075380302e-07
3.936835660644782992e-07
6.120706615262375519e-07
7.421175701844502424e-08
7.387056210173639891e-08
1.577426600832263828e-07
2.805005259329359606e-07
2.528465488121521461e-07
6.093405367231828745e-07
3.131186693897033186e-07
1.395332601578652887e-07
8.030216973444032937e-08
1.253739954439486056e-07
3.386661276765806236e-07
2.953151974679673012e-07
5.288735711539574302e-07
-1.226341525658589909e-08
2.984199550976496013e-07
5.293525245467925991e-07
9.655632398517620069e-08
1.620688613168146933e-07
2.373466517777368566e-07
2.319004627008282714e-07
5.624801539560387991e-07
1.030530927927360448e-06
5.092931383801628168e-07
1.238265550072441475e-06
1.144075890278681838e-07
1.174606548005888049e-07
3.156229155613840057e-07
4.635072252724896966e-07
3.322741173596568620e-07
7.775714174759932871e-07
8.468647469586223499e-07
1.487812615404284262e-06
