-2.633311773218784864e-08
8.435280465783097754e-08
5.474063159054483787e-08
2.415070023420153081e-07
3.211640032189648071e-07
-6.682174852629077968e-08
-7.528714644642954004e-08
2.990005631762247230e-07
-1.585011138232401265e-09
1.718864207676708004e-08
-6.766236140114418274e-09
-1.532025049532844420e-07
2.069429225930466609e-07
1.256110610059871550e-07
-8.310038426708781823e-08
8.153092908503814587e-07
4.415039617935291895e-09
-2.305272168625797601e-08
7.472611162338855771e-09
3.765532820156751132e-08
-7.515000457812589633e-08
2.779455570376976254e-07
6.224961944148820911e-08
-7.651218372535770258e-08
-2.769327989723964877e-08
6.889558877541789777e-08
-1.182406744616129601e-08
-5.044447301742802069e-08
1.897676309414544530e-07
3.180026925501955315e-07
5.017044049870679151e-07
1.265610228266032980e-07
3.770907669537578245e-08
8.344553224315866264e-08
-3.325235520188069733e-09
-8.070112409486227930e-09
-8.532203857510356129e-08
2.144444210415065761e-07
4.509446671175916009e-07
1.754887295208627280e-07
4.582850963037339262e-08
1.830787856489975727e-08
-2.521790833441853872e-08
1.411706208562851000e-07
9.012474817936982154e-09
-2.252556564362193590e-07
1.294084251906152055e-07
4.077644397716187472e-07
5.962547389240733901e-08
1.912938319997023985e-08
1.477951754880853258e-07
1.859265598321217093e-07
8.487594411784952747e-08
1.335737432582141787e-07
-9.190600765015763665e-08
-2.849608089390668868e-07
6.069096655275999636e-08
1.034710900045432691e-07
9.235597674836051974e-08
5.056372253781965835e-08
9.696019625715450337e-08
-5.233209408331285561e-09
3.064809218593176592e-07
-3.790036064648606253e-09
6.135676874451626206e-08
8.534578840536111712e-08
4.713232333188061972e-08
1.942990242031972146e-07
1.061200169546962398e-07
2.697462688635583532e-07
2.701484194565663784e-07
2.087378308045333519e-07
2.982121602748761097e-08
4.918346133423801229e-08
2.175055065670932668e-07
1.470940777547854956e-07
9.375002552568598519e-08
4.495530941132310458e-07
1.854104633467263221e-07
1.104728968630786688e-07
6.087607313475665078e-08
3.640509431837940664e-08
1.948534066607174046e-07
2.078280994278416241e-07
4.385506319761835337e-08
4.828230112661485469e-07
4.870055001370791531e-07
4.956931221851584472e-09
1.198531769838628724e-07
6.395870084171958320e-08
2.427700322619325574e-07
1.898200503215728931e-07
1.091523339032301560e-07
4.612729293780962752e-07
3.264587601271906541e-07
-1.111547588657054584e-08
9.701036922652831590e-08
2.143183022339064121e-07
1.930729672759466952e-07
7.356336602299033954e-08
2.184815445288181512e-07
1.703832185550605789e-07
6.783683864750350563e-07
2.829622523504413569e-07
1.193518835332287285e-07
1.352678563428010607e-07
1.965955750210216265e-07
2.279349189284370515e-07
3.912707271237879087e-07
4.539936731465651155e-07
6.226114524076873478e-07
2.380555397180169845e-07
1.957811833426832990e-07
2.107471746200533401e-07
2.819041016858457571e-07
4.910775209798486970e-07
6.364676675713333464e-07
7.229704121041730157e-07
3.401795049554257618e-07
9.433809681259095800e-07
