-6.631118005292106523e-08
9.854181770070155472e-10
-1.386493015263233072e-08
1.730179732262039627e-07
-7.331922340890963983e-08
5.835494777076608917e-07
8.630912771182403547e-07
7.496319636472678468e-07
4.477797613408634586e-08
-1.239439902856381195e-08
1.935101396398069902e-07
5.303133577628144102e-08
3.833476243619176157e-08
-8.462790603883955592e-08
7.460638027216411801e-07
-3.052352012312389435e-07
-1.798018785649291851e-08
6.366844028744273108e-09
2.093021511917351081e-08
-1.901743411666767468e-09
-1.114985740806685869e-07
1.425359419027049001e-07
8.598346202743168288e-08
2.457719044310180435e-07
-1.005568191552262854e-08
5.244830073055466458e-08
-3.720137011854751742e-08
8.586011922729917126e-08
1.302734401337753801e-07
5.545294304906794896e-07
1.251271844691541441e-07
1.069112307349778841e-07
-3.664088770580170844e-09
5.961377479766567778e-08
5.857935387866709469e-08
8.418621141689347802e-10
-1.433810935602548536e-07
1.231909865285469808e-07
1.102072630029833988e-07
2.318420269011890384e-07
3.583338764058601889e-08
1.711085928685233472e-08
-3.143003821407728372e-08
2.685553806219733157e-07
3.336227494162951589e-07
2.642368901468438390e-07
1.117701613021517162e-07
-4.952308209724923223e-07
1.001412532883618595e-08
2.282013918104076549e-08
1.991210060375920058e-08
-2.694284554913092900e-08
8.884845317378670738e-08
-5.044519743038771011e-08
8.987889294869800957e-08
2.097758582784455109e-07
5.774060814327317603e-08
4.366343968085369521e-08
-1.051816835945968895e-08
7.545178939670612904e-08
7.040335282762487295e-08
4.804462970361642090e-08
1.483624197161361283e-07
-3.452705416819256037e-07
4.707162128255286792e-08
1.527930634025601248e-08
3.950459105140314801e-08
3.401636901223714471e-08
3.281004195627125918e-07
2.291714278816749487e-07
6.609808774836906323e-07
1.187901977739522484e-07
7.677522181990246068e-08
9.689317484580158835e-08
1.117030515154579999e-07
1.347169336794777035e-07
1.763832076212621998e-07
3.381631141355194733e-07
6.266101439882374820e-09
5.100272988143912759e-07
8.316946978472721776e-08
9.214386979847327204e-08
1.196879340767844415e-07
1.943245182293772235e-07
3.535183055238520765e-07
2.694886640033629167e-07
2.707339358527882946e-07
1.004160827878008461e-06
9.621044172638616431e-08
1.107673492463956215e-07
1.279989688817173814e-07
1.980518105038172133e-07
2.865024522522086975e-07
4.167773339047558775e-07
3.773651597963834068e-07
3.211335970001398029e-07
5.970312304829788299e-08
1.810817786897602853e-07
1.087556544821534942e-07
1.035108057693386519e-07
3.643546632312927002e-07
3.837981696716258285e-07
6.711159917385157508e-07
1.010619809695228207e-06
1.363720870336214870e-07
2.171324703356136701e-07
2.337037216250433530e-07
4.323116494016683018e-07
5.563769826588892683e-07
5.796395061508786725e-07
3.655998736030896892e-07
4.989832582502250188e-07
2.025653804711764133e-07
2.312154708343864347e-07
2.523158583956591303e-07
4.209183632648822680e-07
6.673325626069499387e-07
5.886940560571346042e-07
4.863306902157924987e-07
-6.664010434079250951e-08
