1.511841800678442721e-08
7.991008779534459152e-08
-5.378196988687013577e-08
-1.624696302340547441e-07
-1.656480665898367297e-08
-2.186935198480115233e-07
-2.051571946640445593e-07
-1.104109335622127940e-06
4.760146486225162086e-08
-3.982847345607216139e-09
-1.628433774263912394e-07
-4.253317222984003078e-08
1.810651010260159911e-07
-4.157832502905445483e-07
2.849797848416014929e-08
4.668884818676641050e-08
7.991115384474520307e-09
-6.595519225588180991e-09
-4.317973525910884608e-08
1.666883241377903179e-07
2.504695361937759422e-07
-1.659895144412419119e-07
1.616587341890294243e-07
8.121348714321884974e-07
3.396905543022657497e-08
7.650134176358519103e-08
1.207025664816580124e-07
1.358806465132147057e-07
8.375545453698826669e-08
5.625272200946435134e-07
2.096686488093027281e-07
4.818497336727873390e-07
3.856004136636889347e-08
1.195776940219805204e-07
5.289884839051378757e-08
-6.260531715962557797e-08
-2.317832146672797052e-07
-1.371065546526124507e-07
8.932143990958524570e-08
1.001879850874380684e-07
4.071469938506419302e-08
6.172274987003463542e-08
-9.519448319015760334e-08
6.604471890361914499e-08
-3.089094980842541921e-08
2.197831313852985345e-07
8.780999183120834413e-09
-1.699977599621826135e-07
8.624048717210543796e-09
2.629156496460088022e-08
1.029850426761901329e-08
6.163524437714549019e-08
1.594336392684581831e-07
2.392006719572781731e-07
-5.227641553041124508e-08
-2.317840442131662507e-07
3.159189311743076670e-08
3.508265547126825027e-08
9.478537557392342105e-08
7.998310702417810546e-08
3.686345501374260671e-08
3.014945583483932263e-08
4.009528787652626212e-07
-6.898969125179285380e-08
4.148510391914707615e-08
8.115274113330035322e-08
6.168792675271520567e-09
1.138657225895006854e-07
2.509944185960502938e-07
-1.105137872665437731e-08
5.894666337366117328e-07
-5.151039957332556037e-08
-1.321145825729751274e-08
4.603362269167370349e-08
7.117566195415605532e-08
1.676265968918879605e-07
2.816470977234657049e-07
4.754835827004014760e-07
3.046549066795467143e-07
5.006981396058556176e-07
5.775553312677426764e-08
6.979486041590689407e-08
1.903842767967909113e-07
1.362850832305515048e-07
2.724715993559250783e-07
1.769202460682720378e-07
4.924825091989895551e-07
1.436031737675581597e-07
4.465000985693188284e-08
1.272383316239363279e-07
8.344315014424062151e-08
1.529156524317950817e-07
2.442222879883934125e-07
2.181415204481370493e-07
5.003455897030001732e-07
6.613946281021504013e-07
1.388773953868919703e-07
1.012242207686339444e-07
2.428378088848463629e-07
2.948230912571671751e-07
5.205448459370780292e-07
5.762083614719752613e-07
5.385329375011262433e-07
-2.244018555101481216e-07
1.368687292475739423e-07
1.425634486011853811e-07
1.950529023613875945e-07
3.304872158963306873e-07
3.135557955655590843e-07
4.887985470937281193e-07
8.429082581224757786e-07
4.618486537036122240e-07
1.672709349032094047e-07
2.925456906822043508e-07
1.945846649175511041e-07
2.937804331066964092e-07
5.132590984970099111e-07
8.049591765736640270e-07
1.688011569777234163e-06
6.594848835034668594e-07
