3.626854112547627250e-08
-6.176963307534685170e-09
-1.694993226819885292e-07
2.979888557272393200e-08
1.789605095818168755e-07
-2.843689749919936714e-07
-4.739741288886653519e-07
-2.139995533014705174e-07
6.346726908070551580e-08
5.678473110562974550e-08
5.407870384616302986e-08
1.230105097248599270e-09
6.591162876744063815e-08
1.453368346231767040e-07
1.958224359330345660e-07
-6.809815167876171800e-07
-1.246917993460929651e-08
6.544420114809665146e-09
2.263965504380790423e-08
-1.216856477478812542e-08
2.001880819077189619e-07
4.643627468811099882e-08
2.036654892196972827e-07
-7.066094420219871090e-08
1.829667460754329211e-08
1.131352616898079232e-08
6.948310941263891545e-08
-1.112318300011828204e-07
2.822199680235124021e-07
3.130613335695358384e-07
2.964547792831554470e-07
1.379753954803237479e-06
3.089787507580333392e-08
2.808944773095274750e-08
1.606509368880235713e-08
5.651215189517372920e-08
2.321331502881425228e-07
1.065832345958192779e-07
5.030576865085209180e-07
6.299870919036311339e-07
4.261731350969250808e-08
9.745426351304484667e-08
2.791249725261625242e-08
2.010379586640975573e-08
-2.586034884751717188e-08
2.823014965064078131e-07
7.775365962716046612e-07
-4.478776426939280698e-07
6.767964042292307305e-08
5.841982030296666371e-08
1.098576371772605008e-07
6.163258202978855973e-08
2.565948465495673107e-07
3.649647557114043351e-07
3.136948616862687967e-07
-1.184842820850891791e-07
3.639143990012915700e-08
8.797232102418880089e-08
3.472616989381940800e-08
1.625090409761132004e-07
2.114594983474981992e-07
2.585427009823621685e-07
1.748336596387764468e-07
2.227231557449158811e-07
8.197965056844298817e-08
5.372139530111297188e-08
3.808374268040495929e-08
9.408692541430642626e-08
2.261149171879570347e-08
1.723291666174258212e-07
5.846807752557748571e-07
-3.140279113012352034e-08
7.960273416711080202e-08
9.390008020886977450e-08
1.234659551136465668e-07
2.625510465016545362e-07
4.165535918836252579e-07
3.487174709214217061e-07
3.254078581383840729e-07
1.293469379452124401e-07
6.054705246099943798e-08
8.070960596381534763e-08
8.752197739174898313e-08
1.935844787970780228e-07
2.971572118717371823e-07
3.398842997777918426e-07
5.600045284633312036e-07
4.033346494723923679e-07
8.978414896636934066e-08
9.188076161888347867e-08
1.069820602155092997e-07
2.177120874396258579e-07
1.542181148517953915e-07
4.536154181408548128e-07
2.620930754008676304e-07
1.339378174892363994e-07
1.709632013155005375e-07
1.609367726126150179e-07
1.713062320026001860e-07
4.584505050475766342e-07
3.497830372843170954e-07
4.505588020305605528e-07
6.205130227989990252e-07
1.257417872822234843e-06
1.511015295094104956e-07
1.494571283556111134e-07
2.919256718735874970e-07
3.626753885806921336e-07
3.337308801774318831e-07
7.765881327630906532e-07
8.246762878846359967e-07
3.878287249478214799e-07
2.037607216237283421e-07
1.771085536985654302e-07
2.685061689188222019e-07
3.430330338006769111e-07
3.446350077068933455e-07
6.014614917213647529e-07
1.060987778202294351e-06
-5.948017687922402522e-07
