4.479279822178783940e-08
1.275164523995470959e-07
2.208537636339622204e-07
-2.478659986344365153e-07
-6.029106662295156712e-08
4.129732659640362122e-07
4.123090283746492225e-07
-1.251901484184891745e-06
5.937422671729122201e-08
7.606453549505829301e-09
1.196506708137538544e-07
9.938071822771688457e-08
5.161133809476160577e-08
-5.858595719452086835e-07
-1.903312222627618725e-07
-8.977569199441080125e-07
1.986309611294463522e-08
-1.070426950574129782e-08
5.519041715618739337e-08
-3.662604480748879126e-08
-4.357115940823449834e-08
2.134162945646120633e-07
2.627023442108669490e-08
7.824683533304971144e-08
6.381683956773015249e-08
-6.356655826486274982e-09
-2.113269887720355051e-08
1.711669179247661436e-07
-1.480324741453237856e-07
6.922037129444418783e-07
-5.197520501715344458e-07
-5.412013307086934709e-07
5.258776907136481870e-09
4.109479566850695878e-08
2.355112291038253420e-08
-8.819843711644810804e-08
6.450790468166395889e-08
2.616613906881079817e-08
6.546817501096793634e-07
3.163519623801837708e-08
6.623525606987035755e-08
1.175172790098592905e-07
4.349719682831541694e-08
3.662351446460685470e-07
1.175378814642029818e-07
-3.273638783337351898e-08
9.626174769190181508e-08
4.875367724938546985e-07
2.550080699271402032e-08
5.987770134487330512e-08
6.530213783197860953e-08
6.836043506644703583e-08
1.956327109778614698e-08
1.734883645157495157e-07
3.545314480691051803e-08
7.834365878259790038e-08
6.057705370309418421e-08
9.908177839963226421e-08
2.890430543820767104e-08
1.343126922387450911e-07
1.568645383016350371e-07
8.189937170239526232e-08
-1.828277708360753722e-07
3.100845617410872931e-07
2.987938055349484515e-08
9.637769974905152220e-08
9.147656666852017768e-08
1.545077919529925395e-07
2.547834928237570878e-07
1.887168812042525986e-07
-1.835223037401006041e-07
-2.147368608869151966e-08
6.217986366768944134e-08
2.454034497652686498e-08
7.107764213078945208e-08
4.847549066778738818e-08
1.263862242463044453e-07
2.504462874541908721e-07
4.018408692327210642e-07
3.313028760290555187e-07
5.242386618671160202e-08
9.811877877582546360e-08
1.595236462001455533e-07
2.393043075141038269e-07
2.266190202859700944e-07
1.967504609727834447e-07
2.390472240412200659e-07
3.847470018168194684e-07
5.714415876847822774e-08
1.416664525179912641e-07
2.022957111044756751e-07
2.469177618707581493e-07
3.444714780163292350e-07
2.947160559939046134e-07
5.315549919848423669e-07
3.215664563360396709e-07
1.550629403000045489e-07
1.349368246033669621e-07
6.593412768134382406e-08
1.493643738685882050e-07
3.113748193736781924e-07
2.764364593562851114e-07
6.335771022208806846e-07
6.036424245362690288e-07
1.215680470800668007e-07
1.391586712208668651e-07
2.363842725886382824e-07
3.258820817052787364e-07
4.033896325825937109e-07
6.921216879706262888e-07
7.441562495814940606e-07
5.838093475344542298e-07
1.493320570257309270e-07
2.580253630300260500e-07
2.579066810996325569e-07
3.959525985903109156e-07
5.642092918817173220e-07
9.944878654537353181e-07
4.517960221042426821e-07
6.399616155438143193e-07
