-1.453994121126187969e-08
-2.459838613209020580e-08
1.058789409327134918e-07
1.084773711528565864e-08
-3.866223560887565330e-07
-1.450590332797144620e-07
2.634023156162399971e-07
-2.628282005390343111e-07
-7.841437259883140843e-09
3.778928553031695539e-08
-6.080477519387799195e-08
7.209273582629101685e-08
-8.357515180600584511e-08
1.651588665058853923e-07
3.739091998739891327e-07
-6.325422976062046381e-07
5.145664908029944412e-09
2.649787460862557126e-08
9.713780622104779642e-08
-2.415803738520149301e-08
1.050337999453439436e-08
8.987840784148134764e-08
5.453182624753392833e-07
-6.619875048630224533e-07
2.070586503845278141e-08
-2.818150165341585024e-08
6.712345432003775797e-08
6.484493402738057306e-08
-1.713554778645995351e-07
1.471518116497124489e-08
5.086533562284227528e-07
3.062845276154184822e-07
8.770694936191757031e-08
1.025231648297453326e-08
1.861700642851375739e-07
7.597601079165737562e-08
-2.805266434954312483e-07
2.072363174503947105e-07
3.594548906729855268e-07
-2.383948288695506793e-07
4.124490104965562036e-08
-9.148176838205222929e-09
-1.018809345716313511e-08
-5.804350796982675626e-08
1.056027940422904657e-07
6.862179801603035175e-07
2.964743213068078916e-07
4.659226703037152867e-07
7.678578555544434112e-08
4.485356169018598518e-08
9.444133233589814649e-08
4.999550187387801827e-08
1.960760469226449544e-08
3.299699917164001411e-07
-8.300806167632116686e-08
-9.308885997384660276e-08
5.008688081556892101e-08
3.792148112948375317e-08
5.199594178955991775e-08
2.570233412535017716e-08
9.368828543714680846e-08
-8.047546641884917051e-09
1.651365841582909808e-07
1.743740715460315736e-07
9.489629887497420893e-08
3.749429394434666554e-08
4.075154958686999860e-08
1.482856992692078777e-07
1.690723360842054459e-07
3.159011200959268546e-07
2.289154908267223274e-07
-2.483324977419017650e-08
6.038137059899746257e-08
9.306076886301788252e-08
1.251052494659970131e-07
2.663123200281706272e-07
2.316845296657082454e-07
2.942194438735300847e-07
3.931416574104865797e-07
-9.128973729143583797e-08
8.411798688543707837e-08
1.163180441929198772e-07
1.520283795023150635e-07
1.616952503206275403e-07
9.180930874019668558e-08
4.556292895238156824e-07
3.919773098854876335e-07
5.752473183494113922e-07
9.811522988994874402e-08
8.350091653071439662e-08
1.471846755307544609e-07
2.662818471517571253e-07
1.790048592551515744e-07
4.034555010923419167e-07
5.617449363787482525e-07
2.252426005484886466e-07
9.649414781025091960e-08
9.409825841904655780e-08
2.865180610296717309e-07
9.915006141168691144e-08
3.104463747849477147e-07
5.703087584925527002e-07
4.511527866720182134e-07
7.450655036175901248e-07
1.628312196640059731e-07
1.673081719788852622e-07
2.899084311358706024e-07
3.839388046260115960e-07
3.641274301759188569e-07
3.992239357663176204e-07
9.209389034607284616e-07
2.765889226782146463e-07
1.585627254600265287e-07
2.733826903582520497e-07
2.783978546466701646e-07
3.260555059346564369e-07
3.954770272821855922e-07
6.567937372746438128e-07
5.953258287895542755e-07
1.051816853439665233e-06
