-7.280039720907641228e-08
-1.743847269794058217e-08
3.831898278105745315e-08
-4.007585201804517681e-07
4.698634152908927134e-08
2.745585301350903129e-08
4.244316682509350047e-07
-6.834834068234292593e-07
2.034015781531612866e-08
9.722521016537191296e-08
-6.150959633644831897e-08
-4.830377603646389655e-09
-3.497230893918605821e-08
-1.183251374808930856e-07
-3.465069235940200294e-07
5.440972493923959355e-07
-2.434788778988448903e-08
1.241428945215155300e-08
1.561888996818130373e-08
-4.088412555983591881e-08
2.610740346283923990e-08
-1.622054248626071221e-07
2.782388892567419615e-07
1.363506488767780393e-07
3.709277808846902658e-08
-4.986221601557656146e-08
-9.700681541682231298e-09
-4.409421532613349606e-08
1.255117137576487205e-07
2.334820953023934353e-07
-3.419409393556188104e-07
-3.070942766908426977e-08
-2.296069755970675435e-08
-1.776178887062948100e-08
5.286109526058774715e-08
-7.066012253261559236e-08
2.170323097023875826e-07
2.723446918039443666e-07
9.276320113359348465e-07
-1.789828377187922117e-07
4.392237111987395919e-08
6.130035663161623682e-08
-2.390209629228464206e-08
1.563971451883417635e-07
3.229708090390174041e-08
-8.220532157420965715e-08
-5.294292769119177530e-08
4.850437694966618661e-07
2.232184701645673562e-08
3.816108132235670126e-08
5.992906175362975372e-08
3.648149091614829292e-08
1.037327381120932125e-07
2.146795639406006439e-07
2.463829557454951231e-08
5.905851534191213684e-07
3.046725338848182975e-08
1.548769844773531194e-08
1.323166209012700328e-07
1.064123951067702140e-07
4.672126810854054027e-08
-3.344069302307435494e-08
1.595236198215259932e-07
4.082377882136054347e-07
5.042161236461054192e-08
8.085231443965487572e-08
7.585296748144178497e-08
2.696689492785587006e-07
1.433853150480801189e-07
-1.238937491877894016e-08
4.481011020532945417e-07
-2.180056783675725647e-07
7.944802298007095769e-08
9.565982397929001245e-08
1.235505089809790923e-07
1.268750791063774103e-07
-1.138968219365238740e-09
8.014261881250462427e-08
-1.012446194652732378e-07
2.213857547892559322e-07
5.758581021483059333e-08
1.285704051756900975e-07
1.310607308231235478e-07
1.533919954859028686e-07
3.536926647758076555e-07
3.227145673785358006e-07
4.963079768268699023e-07
5.345825120269532434e-07
1.053208563431031635e-07
1.163740417394991733e-07
2.035476600707906476e-07
3.098228095141609928e-07
2.175730019941676681e-07
3.736623739236376583e-07
1.955015497409765916e-07
1.509394681366552957e-07
9.133386474587184087e-08
1.620818275067613790e-07
2.216176232108553545e-07
2.975201494792797142e-07
4.507641007242317957e-07
1.339310786186534640e-07
6.777994062093241391e-07
9.416748588421047848e-07
1.450720446988761027e-07
2.079743022284923425e-07
2.745213698759384119e-07
2.330684868226445086e-07
4.471424377682378843e-07
4.841469529272313092e-07
6.444920236629819016e-07
1.611219698024499171e-06
2.018764960683898636e-07
2.122701997957763778e-07
4.154870592685819143e-07
5.679148915323572578e-07
5.449912087358573844e-07
5.292486786990899873e-07
4.728228871372844648e-07
1.734982399362216391e-06
