7.389854212737424383e-09
6.216348612520449431e-08
7.109595916592859309e-08
-1.924525785385922926e-07
-2.091302946773923931e-08
-2.866909288928287493e-07
1.127566220425468544e-06
-1.268921779958046519e-06
-3.790997357288361481e-08
-2.548315086011460892e-08
4.990776081575253887e-08
1.932474893362981895e-09
-2.387589801712823515e-07
-2.510044305324028637e-07
9.951751307981625717e-08
1.320422335914295954e-07
3.324567401220334332e-08
6.514829102534464743e-08
8.961260954476049928e-08
1.521240799612233795e-08
-1.964064011616497701e-07
-2.454019834252971823e-08
1.807473524899950109e-07
-1.096158198911389178e-07
3.324519268080657533e-09
4.701250418055022064e-08
1.159427773152506080e-07
6.610093725236506301e-08
2.136017296957596181e-07
6.751855993797352692e-08
-1.669359126698380803e-07
4.955500323113826231e-07
-1.562354646411864956e-08
5.165047799897146653e-08
1.000279767306128675e-07
1.709550804326204733e-07
-1.715223000569493555e-07
-3.336808493978397982e-07
3.649928171897881900e-08
-9.264788332258466418e-07
-3.052856851684393642e-08
2.468986529353585794e-08
1.421915905538563967e-07
1.248660727278307659e-07
3.380601835374563544e-07
2.363095533268823455e-08
7.953442918877398170e-08
-1.199604191020086094e-07
3.862874445453094809e-08
8.702758288686448226e-08
9.065885582278054917e-08
1.430197827242496944e-07
2.426015805256614763e-07
1.114582764134141630e-07
-2.297183163840330395e-08
4.210549515518822405e-07
2.586716109775096806e-08
1.097576687754883318e-07
1.133114761818967065e-07
8.155627758154210818e-11
1.174204237978582388e-08
3.872934401159604587e-08
2.173796684988925774e-07
1.135142851188622013e-06
2.360998845262620062e-08
6.025318547857771771e-08
1.166029613199546317e-07
1.643809473641162378e-07
7.331468234853115110e-08
4.312482925684792260e-07
4.682829104166576008e-07
2.345508370699439157e-07
6.216061265700031669e-08
9.081233673088795568e-08
1.712408882739017969e-07
8.331221455197316977e-08
1.998012639815364106e-07
3.105627394341662512e-07
8.094866791069662865e-07
1.293318225333674346e-07
1.966817955508904143e-08
1.106147421674541441e-07
9.772046301482978954e-08
2.612861463902101602e-07
3.153976972945118625e-07
3.057520687396906115e-07
5.243450704941742849e-07
2.506388236338613219e-07
8.328542729142686840e-08
1.216813287969201899e-07
1.987226680782966407e-07
1.848438092296138561e-07
1.499432450226590016e-07
5.739527093948715210e-07
5.453968166529820311e-07
9.268766574337965901e-07
7.974919285098120931e-08
7.975993517315761859e-08
1.476556735533830494e-07
3.982540950904663888e-07
4.590026128438388583e-07
4.483839424640976648e-07
7.352664470633753438e-07
6.949893462223979383e-07
1.305991353987874563e-07
1.927192156358760831e-07
1.900110554678381683e-07
2.752058559434433883e-07
3.513003830697148768e-07
2.603347430212375535e-07
6.035257107481885508e-07
5.727099049910024692e-07
1.405411697829251977e-07
2.095607856517571185e-07
1.544327804956271809e-07
3.535033172207765412e-07
4.730933167823409859e-07
4.568608363970108981e-07
6.803452630192113917e-07
9.430038039126125060e-07
