3.651443311030757307e-08
4.697299837225531600e-08
-2.034009053814408354e-07
1.077495170381132569e-07
-2.114632005252933882e-07
3.965260225728877563e-08
-2.844388255003165777e-07
9.615804998735452063e-07
-1.511778404683245240e-08
4.329917031329953810e-08
4.045976676480197413e-08
8.836820959721580424e-08
-4.382924523607463062e-08
-2.354108225346181116e-07
2.149137779132949050e-07
-2.220628625542833493e-07
-2.702267526636290279e-09
5.039308728444240990e-08
3.834704295182835915e-08
-4.302569270638766464e-09
-1.000783392903620110e-07
-2.596088818686190498e-07
-3.843604368654931588e-07
1.696178757772798109e-07
3.147112680445618583e-08
2.652483075297979153e-08
1.051508070467150063e-07
1.290645896972802909e-08
-4.000690406384590052e-08
-2.129947918433168734e-07
2.287429526570926217e-07
5.665177800387221248e-07
7.736386325781662586e-09
1.290358944420911162e-07
5.820131482291384986e-08
1.104357684718041701e-07
1.147357912432619981e-07
-1.129170792078692835e-07
-2.280913362760184992e-07
3.691007010884994232e-07
4.106804277969134081e-08
4.653959704304711345e-08
4.928331730639522007e-08
1.276908981890948932e-07
3.345269766320686980e-07
-1.095299705003415140e-07
1.711125260598613862e-08
8.597377991919925949e-08
-7.711586296164160325e-11
5.320788227338670416e-09
5.682083982382248560e-08
1.150334489635080299e-07
4.290769685768899083e-08
1.689744253037798645e-07
4.585397738252484235e-07
9.965009289310564857e-09
2.038523567617643827e-08
6.324749696950591402e-08
6.781366703586394145e-08
7.449507717813945389e-08
8.743194044344860717e-08
2.444359926789062808e-07
5.636700093880159965e-07
-2.639473329341670555e-07
2.639631224207782793e-08
2.140057080524066864e-09
5.347125941665771302e-08
5.697009727529143302e-08
2.056309833839568997e-07
2.852873964266870894e-08
2.545900315831644084e-07
-2.267733280711985328e-07
-4.035291607722918563e-09
7.946939028124161375e-08
1.052990347497831090e-07
1.364620620205078401e-07
1.930449711089089485e-07
2.853614502940134223e-07
1.784459637851098956e-07
-8.729528581088670630e-08
3.997446513616859025e-08
1.273923507959325936e-07
1.313400425816455906e-07
1.388343889227111214e-07
1.095354518305812936e-07
4.411162919327441724e-07
1.486931071733397980e-07
7.055399647683278950e-07
6.204662486996973812e-08
1.242547960704159378e-07
1.533710380388468992e-07
1.517186537344033158e-07
2.514855673887651971e-07
3.399638624109640956e-07
5.490992572055517268e-07
3.470466486456704957e-07
8.300637790708116430e-08
1.588701612886310238e-07
1.347418742650132059e-07
2.640974456028422278e-07
5.435982746218032432e-07
4.329238177389697715e-07
1.855948171879436539e-07
6.316844193354384324e-07
1.233852700436982340e-07
1.492505847639943806e-07
2.936505128449723710e-07
2.354728334908495413e-07
3.005716195724954812e-07
6.943493774030460534e-07
3.896727240293575294e-07
6.996298711400534905e-07
1.997158243383285006e-07
1.337525410970267201e-07
2.082462030271551013e-07
3.806781194647873044e-07
4.752466550240964062e-07
5.765043812775453974e-07
1.364720684972925231e-06
3.894899088509339701e-07
