1.702152878754550928e-08
8.119077138282014241e-09
2.281984634622877409e-07
-3.835441557913559790e-07
2.784713272094241061e-07
-3.089503398161523322e-07
1.501019866306269717e-06
-1.918341861538567343e-08
-1.841187184960393207e-08
-6.526846561274017165e-08
8.792514605893775856e-08
-9.506452517584844248e-08
-2.467816457637817070e-08
1.939273534419948382e-07
-6.660568091653276909e-07
-2.815463066280485899e-07
-2.345669694090055472e-08
-5.326850519098304295e-08
-4.520375969714863910e-08
6.217379643789705413e-08
7.587890405348669936e-08
2.745023635646907917e-07
-1.302544528987302480e-07
-3.614427491289862884e-07
8.085261307188515357e-09
-1.318136114541133386e-08
1.297436760220329577e-07
2.602826917004611546e-08
-4.261398473309714443e-08
-2.272130942058946327e-07
2.475095037061136983e-08
6.762751173945715975e-07
2.301455810882828464e-08
-9.121261971408697561e-08
-3.501456867189965487e-08
4.169843549319032370e-08
1.455668506818633565e-08
-3.861178128033998150e-08
-2.305938698723682400e-07
-2.630610764784522909e-07
6.670095156769185454e-09
3.654521742775834220e-08
8.427086502444988461e-08
-7.436983172338538640e-08
-2.533743276531223014e-07
-5.368333887456255058e-08
1.523393687666666035e-07
4.569066855070993806e-07
2.143163957787074200e-08
6.150120044539487160e-08
3.481410086932727997e-08
8.972863985311622842e-08
2.375195017802919805e-07
2.288707761845290325e-07
5.378151114289238601e-07
1.867555279281308856e-08
2.486747107332698862e-08
9.268041781761448449e-08
4.175792155110386235e-08
-2.161218891369915408e-08
2.162907478928066041e-07
1.813914332769064477e-07
3.545564595637995154e-07
-3.366613409953966860e-07
2.959014139535879646e-08
1.141751300627777510e-08
6.619707120073986009e-08
4.446139510045827338e-08
2.345576597782167966e-08
3.376819610192397810e-07
3.749393607123899685e-07
2.023553908905722933e-07
4.223304335317777461e-08
9.289958237160911389e-08
8.281928725395597976e-08
2.964627023185546424e-07
1.704595880496558177e-07
1.058728500847243345e-07
3.455674711143141120e-07
3.503189026124525363e-08
3.921490565021812881e-08
1.333110151926254002e-07
1.343032252176276761e-07
1.787621668224907660e-07
1.779404815781471441e-07
3.000555541227467410e-07
3.714459439586390751e-07
4.527626633396366646e-07
3.625458625310627895e-08
1.169774601371245130e-07
1.779866223596312332e-07
2.234687540660104507e-07
1.943436589018069283e-07
2.631136692158936632e-07
4.388138424059561145e-07
3.974830622213485288e-07
1.472642123906368673e-07
3.101397163408095018e-07
2.622243850653177278e-07
1.942012835507871450e-07
3.896753681770069749e-07
5.958563447092605130e-07
5.374956199665321754e-07
9.261832775802201380e-07
1.190868117876734231e-07
1.960457642699555395e-07
2.005996582578508712e-07
2.221733166463547965e-07
3.783123555031624758e-07
6.677444312739095990e-07
1.038548359600881224e-06
6.319355020350236162e-07
1.261359312307797379e-07
7.264246385878712579e-08
2.626670147991847740e-07
2.083518441227628955e-07
5.986031810102663287e-07
9.857319216337108824e-07
9.948664935231064762e-07
1.171025814575805937e-06
