-5.677724884028833402e-08
7.605429334941128629e-08
8.759938686608461056e-08
-8.704639548287177890e-08
4.600954631702343559e-08
3.519238419831862946e-07
2.598180805246905655e-07
1.458565255381286544e-06
-3.853945126659839240e-08
2.666465002441831393e-08
2.383072613912465084e-08
8.021871877391054635e-08
6.335982845102089505e-08
1.882236968326808086e-07
3.078988420598269221e-07
2.344106357127442047e-07
-2.955606940911599593e-08
-1.693527638198419274e-08
1.258273696873173354e-07
-4.236187530190050440e-08
1.926082169305635937e-07
1.544586989743653025e-07
-1.128765011991269923e-07
4.079449308233636987e-07
7.285046698652208502e-08
-4.743798611057989965e-09
-5.096607220457446869e-08
5.648409323455399573e-08
7.492063011763598288e-08
-5.059619835307773203e-08
4.214851285620087491e-07
-1.211316103271728191e-07
1.470573971166603345e-08
1.094643309234678763e-09
5.551893370558824304e-08
7.277428431608312742e-08
2.680872102912123140e-07
2.361439880831902520e-08
2.761231855877690526e-07
-2.411380512407038918e-08
1.942979864670592406e-08
1.275220174621543885e-07
1.087474637006524717e-07
2.046305595442917810e-08
1.453023549630796110e-07
-1.653220551842089838e-07
7.352033736611639802e-07
1.142714769274413669e-06
5.200828913356869928e-08
4.632199401339542989e-08
5.840326694791667133e-08
1.018857676245690396e-07
1.437747392409363595e-07
2.614313639615116207e-07
-1.349575533909512097e-07
1.474432187862340891e-07
2.935483448812673783e-09
5.877238173598542982e-08
2.614920866183915083e-08
6.271946471955256600e-08
3.821453004314641984e-08
-4.133363274648574895e-09
8.865680516060720597e-08
2.391926281944005369e-07
1.483454405336989203e-09
5.990085630461686593e-08
5.617893601472142843e-08
1.955832236944575378e-07
9.587360817231992903e-08
3.580159337985804819e-07
3.678778416035547950e-07
5.741376537832777709e-07
8.626382992517595772e-08
6.110619661298552910e-08
1.103608020374813017e-07
9.410895008215375511e-08
8.132502843168724887e-08
3.202183755986820661e-07
6.368135056701464795e-07
-4.638568196971506535e-08
5.878484394802324251e-08
8.731846462567274870e-08
1.705394196134176875e-07
2.389245473578632161e-07
2.073744670464294373e-07
3.539929348386040274e-07
3.379052660312328239e-07
5.307402035014918866e-07
9.325525551342359019e-08
1.302059489622289695e-07
2.302146002114081528e-07
1.449947685355169018e-07
2.432685897380754968e-07
3.299808973654028324e-07
4.389444173319336503e-07
4.333221957456115911e-07
1.140050061366526089e-07
1.307505799585771134e-07
1.525012850241985915e-07
2.967534738350396546e-07
5.949316818351798369e-07
6.962597059415358351e-07
7.989179462209429031e-07
3.241055147333548139e-07
1.486020433229643123e-07
9.755594171801008417e-08
1.590938666931175039e-07
2.182535871520237536e-07
3.878232283512744079e-07
3.481442667307753022e-07
3.365416371641791028e-07
9.065595088894795697e-07
1.902531298023702709e-07
1.676951349752355430e-07
3.034287565478180806e-07
3.272390998587620488e-07
2.836522344606306843e-07
7.525449916340723871e-07
3.828689866072158053e-07
1.193136134003381627e-06
