8.981478995412803718e-08
9.101966167824965649e-09
-7.715123087158464819e-08
-3.393264699113596050e-07
-5.507341704690859409e-07
6.379000679981700413e-09
6.946581805175076071e-07
3.184725268339837398e-07
3.523289267744061991e-08
2.395306246773669823e-08
-5.126741107695461126e-08
9.254404484778800980e-08
-3.017990264892318603e-07
1.562267264080665781e-08
-2.370043086482150725e-07
1.994907806323129196e-07
5.222648409899673024e-09
1.161554820411835806e-08
-2.611479814953535968e-08
-1.608493977791145078e-08
-2.120235947833591541e-08
6.404127917329525529e-08
4.398408258124144739e-07
1.907880380221781876e-07
1.648439009117091652e-08
7.812272218932521925e-08
5.924043641224396702e-08
9.201142703944184067e-09
-2.156295979275181633e-08
1.443099506728742420e-08
2.672905310951601551e-07
3.304203714978936816e-07
7.679400264451831145e-09
3.288024132773444589e-08
4.389970510491151358e-08
1.705700999295710536e-07
1.478680404294292902e-07
-2.189010998050514774e-08
1.910528605944791208e-07
-3.863253100925079618e-08
1.034294948360797934e-08
-1.933369269104513386e-08
3.918453130857380742e-08
1.270666009527080238e-07
-5.063333132343999128e-08
1.029832310220277343e-07
2.126533792542237474e-07
6.409059354782590592e-07
3.211233330578279847e-08
1.486336425262972293e-08
9.522055419371955804e-08
1.717430117429604623e-07
6.283704455838413950e-08
1.848963970318494721e-07
4.686857843764507466e-08
-5.725474803292413814e-07
5.925001527959880556e-08
2.426370950583354548e-08
2.766314997626695982e-08
7.186417084005880429e-08
9.922824782708299485e-08
-4.308732145061209846e-08
1.428862235231972578e-07
-1.554511089629922621e-07
5.984138325940735988e-08
8.073592734188321245e-08
8.251594243823720205e-08
4.398490663974314964e-08
1.704815640186462235e-07
4.543251250260191220e-07
3.729597122675273493e-07
1.927774548594353480e-07
6.004463599695253008e-08
8.259788875463674070e-08
5.706317401223447313e-08
1.758565106248832642e-07
1.418562080858235851e-07
1.260468672717021341e-08
5.486696976359781861e-07
2.744501958055178956e-07
7.569665194066151820e-08
7.185540400775730007e-08
5.398042007710486574e-08
2.091520015861305166e-07
2.340951581450654270e-07
3.449864145963806872e-07
3.370870927552121892e-07
1.528675046720478420e-07
8.412578286579679006e-08
1.300013942932715000e-07
1.075283796298620708e-07
1.326535097972097118e-07
4.130844381577977868e-07
2.937958153472877003e-07
3.366399410726892175e-07
6.983497538489145322e-07
1.146332849038239812e-07
6.027276825979767596e-08
1.941104333120354679e-07
1.516345134674601206e-07
3.508140941796551893e-07
7.748183198784083604e-07
1.536396058060748688e-07
8.490081742061587640e-07
1.477442897870715301e-07
1.981649660251690914e-07
1.740948563422317297e-07
3.617802239243473247e-07
4.694703908772626198e-07
4.923684613878294768e-07
6.800931887228753022e-07
7.898880612042520905e-07
1.724747098637874880e-07
2.216497775119323018e-07
2.502715900885904623e-07
4.198198463682291844e-07
4.185134607549118785e-07
6.195689626323970502e-07
1.121679571100137190e-06
6.199556470739067343e-07
