-1.634990243551448624e-08
-6.505378065242263180e-08
1.032682233496827791e-07
4.264508184526753046e-08
-1.700762341821595925e-07
6.359428648079257292e-07
8.000415990153540465e-07
-1.431607383248951218e-06
-1.294146863187306103e-08
-5.629100629100887559e-08
-8.337408900538599919e-08
2.478849012637529944e-07
-1.246762670392997743e-07
1.127438847576808542e-07
3.663101527689038173e-07
-5.420008175357061547e-08
-1.784817570518935413e-08
-7.723331116015222908e-08
3.906658969361857116e-08
1.077237725406806376e-07
-2.334837575665184720e-08
-7.082649665624358116e-08
-5.424798403382161395e-08
2.474156832322737304e-07
2.117864331960657376e-08
5.347698206346002992e-09
-4.173193291276806829e-08
3.553531573441643421e-08
-3.514324682712261538e-08
7.628736977342433024e-08
-2.745383783807078134e-07
4.312135809168664439e-07
-4.190085506609267978e-09
-4.316029757146969985e-08
8.338111824779681714e-09
2.080166060151214664e-08
-2.004653271874524779e-07
-1.913952461365898265e-07
1.137205012582932801e-07
6.522947538052364335e-07
4.663475768791390282e-08
-4.698497689890025454e-08
1.001613113665529348e-08
1.816720264575810175e-07
-1.357408956170891122e-07
3.782531151334402066e-07
-2.352024865761296623e-07
-6.849162882823304835e-07
3.313694598196032592e-08
4.566114784790480050e-08
7.611228204374819701e-08
5.448314772888777543e-08
1.811488005258024175e-07
1.964012440560834787e-07
3.927241183943359714e-08
6.331613264840512240e-08
3.941024733659199664e-08
4.579564972876166325e-08
-7.553715808267360602e-10
1.026858098271552603e-07
4.388352802290748279e-08
1.621371014983051025e-07
2.352219171876928432e-10
4.303732645260780187e-07
5.908020925419125302e-08
4.968874832563820496e-08
-1.745548146161120233e-08
1.702054927551655727e-07
1.566443000107993120e-07
1.494197508578889619e-07
6.721798187366845151e-09
1.593808436707663199e-07
6.517889690738805239e-08
6.118898434857703461e-08
7.373186617334597264e-08
1.790962286747952140e-07
2.215833271811954895e-07
2.271428887349050833e-07
1.116702430717399333e-07
2.931060094993089127e-07
6.190669327966825415e-08
9.008005584682368804e-08
4.393773015628999911e-08
1.267177681422546992e-07
2.252398535488967985e-07
5.179201089965974090e-07
4.266380648280579061e-07
3.310125722968450886e-07
1.175147588197391893e-07
1.163884549699068310e-07
7.445189106750025300e-08
1.202010707851568675e-07
4.089389195195992364e-07
4.087241980471587756e-07
3.598103237322951324e-07
6.130732877699543078e-07
1.309029980169017586e-07
9.670148622920815072e-08
1.097351965112305131e-07
1.535729924072364133e-07
2.465185212432209000e-07
7.019760620659694657e-07
1.270941536149156451e-06
-1.018146751328092615e-07
1.678507001489507262e-07
1.458873986941058362e-07
1.669206335660618303e-07
2.758527738009739151e-07
6.825417661957613013e-07
6.087644766885754138e-07
9.655081892124755311e-07
7.640797413676920363e-07
1.702156186513575477e-07
2.183210272574993182e-07
2.950819061233548355e-07
3.825862788076315005e-07
5.355085022247057983e-07
8.008622036009448192e-07
1.106802193179707091e-06
4.481619700689928554e-07
