8.337671088530869817e-08
2.055110277224907665e-07
-1.050025144206631253e-07
-1.413201913516968434e-07
-1.243504557874516517e-07
7.080641191310073714e-08
-1.232604426504325562e-06
7.697310610839453411e-07
6.712159270002028212e-09
1.581238678967764337e-08
1.040610712498355184e-07
-1.072089850246590771e-08
-1.807079931179008390e-08
2.881364041456800483e-07
-8.657876228042884639e-08
2.319986510079087165e-08
-4.595791844784984488e-08
2.861006184309800178e-09
9.688965423362876476e-08
-9.058929115188548946e-09
-1.208558486941744814e-07
3.912734262697890952e-08
-1.801725938652189439e-07
4.932208046445562297e-08
-6.251374257722297020e-09
-4.405952106222860059e-08
5.302841244672288914e-08
5.404285666161702152e-09
-3.709031164141925268e-08
2.575753233026983764e-07
-2.067849991713341500e-07
-1.670601926298232825e-07
-2.149417291620446584e-08
4.716554126433112626e-08
-6.501327697973272521e-08
2.192084482862141241e-07
-1.048144154447305442e-07
4.262236516744063589e-08
-2.847828671234921201e-07
3.128405501402702153e-07
-1.244278060033051542e-08
-3.416404781788026936e-08
-1.749079477047595362e-08
6.005515821607385132e-08
3.860571881288192663e-08
-6.930707757678162063e-08
1.842105427707559235e-07
-7.244216419725644424e-07
3.276049366672854955e-08
4.616408045697489841e-08
5.659801861766101839e-08
9.313572513720713754e-08
2.085008404919527626e-07
1.476675190631654949e-07
1.103660312217562998e-07
-8.035133652641877801e-08
4.178250236235956100e-08
6.701895877871683430e-08
1.441450801232332059e-07
9.955809277098929393e-08
2.088030090052600745e-07
3.541184571032737625e-07
1.024763926704791631e-07
3.087830469482805170e-07
1.729314116942977038e-08
6.029631509029981733e-08
1.572913995232171155e-07
5.861631163637127743e-08
1.059704336149718313e-07
1.730752252958407642e-07
5.946228936113772897e-07
-1.435218093616769291e-07
8.206050612357372016e-08
9.890944136309516580e-08
9.637691321335193468e-08
1.561875175484643587e-07
2.094260740438642786e-07
1.877882751517260526e-07
3.002527189799783862e-07
7.061287866505906816e-07
6.984303992708639637e-08
1.277513739353808858e-07
1.180298058832111400e-07
9.964222763554466518e-08
3.202880338873313103e-07
1.532812204835226023e-07
6.207331463284378763e-07
2.808115953292398538e-07
8.103963850458242374e-08
9.416180505478324594e-08
2.686230025616047246e-07
2.468898503976338940e-07
3.034830425024831702e-07
5.231283504464202941e-07
2.877984313335004252e-07
7.995006443575769034e-07
8.571067781500383758e-08
1.570913706233530186e-07
2.182746455941627720e-07
1.634236399394784496e-07
5.591159131550394191e-07
5.546563411327212549e-07
1.486717475756668363e-07
1.046979653388166487e-06
1.545736455946112272e-07
2.117271372488781798e-07
2.565030856256581018e-07
2.964108409047005600e-07
3.864600803741480649e-07
4.328245731618735010e-07
7.359297285733956372e-07
9.415094089836326152e-07
1.821620878017726796e-07
1.521559647450498937e-07
3.816527897638152278e-07
3.551224142373118856e-07
4.883468192361770888e-07
4.494973075229599086e-07
3.174140524900249342e-07
9.009843241537151192e-07
