-1.769761186404789608e-08
1.476779922702304346e-07
-3.601119303975112648e-08
-8.234789331101366303e-08
-2.696337727342430303e-07
-3.539243113075209792e-07
-4.315742156214320575e-07
-5.944117551770726087e-07
-4.599699273674089536e-08
-6.507712668785162188e-08
-1.184654466595598123e-08
-4.023403143344251006e-08
-1.673672788975421258e-07
-6.911902518762377644e-08
-4.461309112864011701e-07
3.493196031919294037e-07
1.211276220229916106e-08
-1.599215870234824449e-08
7.428488696087261019e-09
-6.449768586783695829e-08
-7.174339340383966547e-08
2.369610112247546739e-07
3.075619755171240964e-07
1.185766256606666100e-06
-4.603501615353399282e-08
1.744321397768851175e-09
-2.762928346913841229e-08
4.756035184955493468e-08
-1.000049573967004203e-07
-1.694333797101545183e-07
-6.285775615497477038e-07
2.480465280146242416e-07
-5.084672913840458298e-08
-1.482746871018837686e-08
1.344035382876542503e-07
1.497168640276539577e-07
1.597171945684783960e-07
-1.061109971454115146e-07
-2.964021763587856196e-07
3.057364312229669781e-07
-1.284379268408242202e-08
6.951723184856752337e-08
5.572796369589777755e-08
6.956609406082290730e-08
-4.003588320538532079e-08
6.232666786540692748e-09
2.819250116636569764e-07
9.367460063517055344e-07
2.880159011102821226e-08
5.377265771144478450e-08
7.464746912017761750e-08
1.410835638441410685e-07
1.334557513573762740e-07
1.749058101349563999e-07
3.554437896345351897e-07
3.449552812484794124e-07
2.205776137969868962e-08
6.920744644379981127e-09
1.226079946436977780e-07
8.284238921493065629e-08
6.134404962193100568e-08
5.529508649015661947e-07
1.941055324592022108e-07
4.916426134103287824e-07
2.590074972621304531e-08
4.751390105852775587e-08
7.411715369357463859e-08
2.660566294264579963e-09
2.079805510055360755e-07
2.277342664246686817e-07
3.618509977631307251e-07
2.629218686701945712e-07
5.125184716936981182e-08
3.960917777318800051e-08
6.468553051289151577e-09
1.292546608838863044e-07
2.842064337667578942e-07
2.464669587290383849e-07
5.151162681324228921e-07
9.721782387659983391e-08
1.001389336542047216e-07
9.068803544175435600e-08
1.809601878553896855e-07
1.439330571633748058e-07
3.503374981828609425e-07
4.420799967772082998e-07
4.842989844135756777e-07
6.907719124876816396e-07
8.255356699699960105e-08
1.209525018118653314e-07
1.567584260839780922e-07
1.347895362039737019e-07
4.368615813602247689e-07
2.351590973478146008e-07
4.757466795851077335e-07
-3.286967065163723950e-08
1.427850241837635320e-07
1.619247031224325215e-07
2.975198031806288827e-07
2.921663214227885516e-07
2.441579633271152368e-07
5.858782160710795536e-07
4.492880660416322987e-07
4.722814391948406297e-07
1.325500122029651576e-07
1.822630101716372826e-07
3.542371895527223979e-07
3.420029301781510990e-07
2.860558917889202723e-07
6.109479003146537416e-07
4.551686008734824204e-07
8.332787659051410762e-07
1.671589150592632731e-07
2.188274959547348279e-07
3.161440506475674328e-07
4.414237284701475054e-07
7.821620400417262714e-07
4.346795025530173478e-07
1.090399616717790179e-06
1.026344208405889594e-06
