-1.114019626112259446e-09
6.058509450213602673e-08
2.008773251002911300e-07
8.757075506849868932e-08
-1.768834659517890082e-07
1.624600939597346845e-07
4.168260606709540235e-07
-2.240022169572949440e-07
-1.594264998102470190e-08
-5.924676031233341754e-08
-1.116096210176676777e-08
-9.524084928521042647e-08
-4.965041740383822585e-08
-1.659010926687425842e-07
-4.331099195995872163e-07
-2.953678306963446679e-07
3.339015932723525523e-08
2.653461171231736387e-08
4.548983058913131126e-09
1.563386504270210349e-08
5.681275244512179027e-08
2.025722434942703305e-07
5.146157589294661435e-08
8.523039835517657564e-07
2.368913180920506130e-08
4.216646469371728143e-08
3.928350253900863809e-08
5.100867003118439580e-08
1.516289014218834195e-07
3.652793929114708371e-07
5.181269936558523625e-07
-3.501721214684204788e-07
5.918711242867492595e-08
1.555392605900788629e-08
1.873465415827094001e-07
1.123049477926247968e-07
1.065527473199577458e-07
-3.686368040829587753e-07
-4.126495285553412842e-07
7.635162971388194997e-07
4.729278935444190386e-08
1.013524973083474382e-07
2.242106901008537601e-07
7.294715555328789449e-08
1.960907763054452822e-07
2.601833484059824280e-07
2.678317018808183516e-07
-3.582192487664920380e-07
5.650729703849827915e-08
4.483367929166302031e-08
4.232863721649901551e-08
9.008859144015135919e-08
-7.445990978103516466e-08
2.188232765849079034e-07
2.972621643394630827e-07
-3.647569939378697560e-08
5.111325514545083777e-08
6.367149922822418517e-08
6.654548978936575804e-08
8.736383886390560066e-08
5.763099599971156584e-08
-5.267982548275093655e-08
3.221264968900921133e-07
5.826680242063028097e-07
6.436936572875117482e-08
3.896871854820608201e-09
1.304588608320380674e-07
-4.746564868863176750e-08
4.261280534350900369e-08
2.299058272255674963e-07
-1.443849442002714518e-07
5.813843499970468583e-07
6.378925565782147171e-08
4.201328822660165498e-08
5.313031008626390612e-08
3.884599661191456211e-08
1.504549116200127924e-07
1.674186186097171216e-07
4.719809941856369858e-08
1.119351569376587356e-07
3.400541805792957588e-08
5.032220711779443878e-08
2.283738198395337238e-07
1.875978168482580259e-07
3.720347573048070042e-07
3.216596733718546782e-07
1.156773584908842720e-07
4.218219828694402951e-07
7.023441401486452667e-08
7.655139045690438849e-08
5.137347895332951362e-08
1.144128378991206671e-07
2.274924133750790790e-07
5.710482134975752088e-07
7.207070678430840277e-07
4.209583517979604964e-07
1.170423158456709195e-07
1.446776508834966778e-07
2.208731743569348312e-07
2.599976498975221399e-07
1.738096073855993578e-07
8.438608006515722372e-07
9.208326606961950489e-07
4.136974664812609049e-07
1.145590836833758424e-07
1.475993624540086141e-07
2.646077704059391592e-07
3.734749457763430845e-07
5.303270580975040074e-07
7.722344713958106541e-07
7.782653415463065856e-07
6.226678856419000506e-07
1.352594950061904371e-07
1.276602919839135937e-07
3.126576919275460067e-07
5.169031519407863373e-07
5.599447821042206864e-07
7.963596415454517766e-07
1.029227291361238196e-06
1.720442123491094129e-06
