-2.325404620620059135e-08
3.510265872589962266e-08
2.012761326521277123e-08
1.451102283182800285e-07
-2.252434135180701692e-07
1.134957518411058303e-07
4.613600208362751686e-07
-1.301963698390974540e-06
-4.197787968963715089e-08
-3.621270445837513819e-09
1.402366436591726489e-07
-6.105994267497537649e-08
-2.882044090977674073e-07
-1.868913001405078424e-07
2.498223894073921760e-07
5.099831064391336522e-07
-3.743590643102878401e-09
1.768319934704048353e-08
-2.569380853948677199e-08
-9.155925127531091050e-08
-7.331930543551497746e-09
-1.851574766242031704e-08
2.576760563762712012e-07
-1.921320261147308819e-07
3.696054719806406366e-08
4.385572160767089219e-08
6.596990933690776693e-08
2.702555024817196691e-08
2.666287758369232939e-07
2.560925830311183610e-07
6.871421611030190072e-07
5.675654632307132980e-07
2.379784284751752456e-08
9.843250152248715670e-09
1.162458541755743465e-07
-9.318715061509524971e-09
-1.197963745925118844e-07
-9.961908389912776003e-08
2.630163079648360457e-07
2.315157981616455460e-09
-8.066803393770339591e-09
4.176414410184770037e-08
1.407997098352291660e-07
4.859226457051761960e-08
2.242294588431329257e-07
-2.723812707191036114e-07
7.842652621669329482e-08
4.439460729971256967e-07
5.682335571778392779e-09
-1.006891247014433450e-09
2.200639403752631095e-08
9.320473574314267350e-08
5.738776902623674620e-08
1.832492648170040213e-07
2.427137120829192841e-07
6.706642171145904245e-08
-1.371405940011574770e-09
2.819011451266032824e-08
-6.500059728854381969e-09
1.300754962042451383e-07
8.572894523734103915e-08
1.987885329997805862e-07
4.401492041724063616e-08
-1.084313712542216619e-07
-6.742708206703001038e-09
9.234202459233894287e-09
9.658362042673071001e-08
1.143191059337753182e-07
7.062241986915607794e-08
2.514962016346212564e-07
3.086302176395804150e-07
-4.946262863062391009e-07
4.604090398471867626e-08
8.018327911176806568e-08
9.645072715063842736e-08
2.083983067920668710e-07
2.020156846563180188e-07
3.663899894925505592e-07
3.156722496561523513e-07
3.992486964862212767e-07
5.580748751373283889e-08
8.749658638205014738e-08
1.132606511305935699e-07
2.378825082373649448e-07
1.712558676022371985e-07
3.459484847562312310e-07
1.881162004095674285e-07
2.610110428233304248e-07
1.095583001384160465e-07
1.128158465102976656e-07
1.717856403689243712e-07
2.566225117428919213e-07
1.842876631477707580e-07
5.022913435041686028e-07
3.732196435757272138e-07
5.506617069222217096e-07
1.143374791608720614e-07
2.047919732301357082e-07
1.507947856608391795e-07
3.505771052185991266e-08
2.714247659907613141e-07
5.530704163531746115e-07
4.471152945412011384e-07
1.819204943261642676e-06
1.074832099399360776e-07
1.705350295445347020e-07
2.222380990750470096e-07
1.620464641753610024e-07
3.756007924326424225e-07
4.378399917687185331e-07
3.574917871584162087e-07
2.799756134277581673e-07
1.865824656929488550e-07
1.853133859977922719e-07
3.088859186266083699e-07
5.202261784263650451e-07
2.712782628782727662e-07
6.466316834541969908e-07
7.678453449421921572e-07
5.662007949073386187e-07
