7.172021370560375156e-08
1.206951410021082303e-07
4.238913437410782383e-08
1.489750828537616465e-07
4.507092633265641731e-08
-3.748295628506478470e-07
-1.116302399497312450e-06
4.012186289818699928e-07
-1.670325794842664234e-08
5.881160747006616312e-08
1.714054011445732881e-08
-1.690068311716849972e-07
1.122181360023262665e-07
-3.628705287585413265e-07
9.525087652068605243e-08
-5.849791706607488504e-07
1.389257855258667108e-09
8.007527042658626073e-08
8.809256915186043928e-08
-1.403006610810880733e-07
-8.534080668503139184e-09
-2.154642861318240368e-07
-5.321857698182601984e-07
-4.121574059358643524e-08
4.017363239108765984e-08
5.616706462963661745e-08
-9.836188635915745544e-09
5.023289879300013103e-08
-1.221203175681351165e-07
5.269585049109854184e-08
-5.034306904048680014e-08
1.426997971629310280e-07
3.883590210489297982e-08
4.399447906809469311e-08
5.990238676923013872e-08
5.470000273593975948e-08
-2.024189788914431565e-07
1.420384902256950474e-07
-3.592226753453014238e-07
-5.813517499808053299e-07
4.727330947726823660e-08
-1.155881795662553325e-08
2.255679351775296894e-07
2.135941549918239415e-07
-6.665567769947406825e-08
-1.497792050878068332e-07
1.885301030914342531e-07
1.415286956012417012e-06
4.162046028743243744e-08
1.783878007468418980e-08
-1.045696113059989714e-09
3.092193765647595866e-08
2.842759621575522493e-08
1.575138374835793494e-07
1.064502183940108224e-07
-4.876158429882427359e-08
1.464779465488311327e-08
1.876724129445224957e-09
1.596312107656573299e-07
1.360228517727046831e-07
1.491533560493185793e-07
1.061425898729733884e-07
8.372073133471063041e-08
5.204003718618416213e-07
2.315356807871687747e-08
3.670442573684819044e-08
-1.750169584268705831e-09
3.383995481471045702e-08
3.693846444758497170e-07
2.153811125557321731e-07
3.212481789259386749e-07
9.462277977576112547e-08
5.463715425131913985e-08
3.633263844775876394e-08
5.440482444455216623e-08
1.060734357157150630e-07
7.983108096540281814e-08
5.184181798219359082e-08
3.299056257035196049e-07
1.838032910011198486e-07
3.954126883196025659e-08
9.669637143308609660e-08
1.499524486660359052e-07
1.406893310353352827e-07
3.867792948243825515e-07
2.561744007262473426e-07
2.324444962818186474e-07
6.466969679281442895e-07
7.020598195493067491e-08
8.063364226394220719e-08
1.490532474438192188e-07
2.098806826651702450e-07
2.665847398973368384e-07
3.669486749920715050e-07
3.993896152129532527e-07
5.871548749722492574e-07
1.347712865365288682e-07
1.334712193551211752e-07
3.783421849875467860e-07
2.558851608676684858e-07
4.224132394847906571e-07
3.761820958470039897e-07
4.649682256556271458e-07
4.986440275750456057e-07
1.486226331600064947e-07
1.535838996953697773e-07
2.170452080458410880e-07
2.332780329191225083e-07
2.703716758679886942e-07
6.809851502786213710e-07
1.056757444186831103e-06
8.126022568411777146e-07
1.397984071913854661e-07
1.997523364690899453e-07
3.364331028669982336e-07
4.776768064224660808e-07
4.708360728949478455e-07
1.206318927354028369e-06
9.071492252800088839e-07
8.939472893823039206e-07
