-7.689617161700530899e-08
1.627925528613652246e-08
-7.841878512323202754e-08
8.152237077198697874e-08
2.210210938739095914e-07
1.277728563884711165e-07
5.525712935063582771e-08
-6.608492642118136863e-07
3.793357795704826806e-08
-4.671091626208297243e-08
6.838511637331967046e-08
-4.704033807962986340e-08
-1.198230840911857841e-07
-2.181033886831238487e-07
-4.252136770112208883e-07
9.726022802024325888e-08
4.979078044482256997e-08
5.690842841923856670e-08
6.513387459199066408e-08
8.756397863216616774e-08
2.218933624177538736e-07
1.076508863383925731e-07
-1.390443472973386199e-08
-2.061019330165250272e-07
3.426740266916507520e-08
4.147625762398133876e-08
6.355339408122074515e-08
-2.475910096392033315e-08
-2.093623340803495581e-09
-1.366572244432412200e-07
-1.809247061674908452e-07
2.298493809193218998e-07
-5.073617331778143425e-10
4.326445812758674964e-08
5.555066536124116346e-08
8.976524576303642091e-08
5.371139568400589284e-09
-3.102832265243695623e-08
2.725727650262419107e-07
4.853175894482566085e-07
3.246449523398184789e-08
9.813184390229977690e-08
-4.871732744873785282e-08
1.178098100644885951e-07
2.267785186271100744e-07
1.524085079183548520e-07
1.444961645261504086e-07
-8.874079406007549102e-07
1.653641232423295820e-08
3.933630452180306657e-08
1.664530335238855126e-08
1.451774181050636220e-07
3.279828987859880041e-07
2.431883059587279939e-07
4.858181400832128290e-08
2.862596291760292236e-07
2.077052186917148081e-08
6.441611687193351543e-08
9.922671791736537332e-08
1.602619284282001286e-08
1.723938288966838611e-07
3.935700731666058716e-07
6.178924849692982295e-07
-8.129520752946695209e-08
3.677133705158718879e-08
9.050509572354102540e-08
6.320047706876564851e-08
1.680759660894606402e-07
1.205229874609113694e-07
9.218496911348716303e-08
-5.249267380576142300e-08
6.152463648322792207e-07
5.773842871211263725e-08
7.443535734874378239e-08
9.023385159382035025e-08
1.918775448260531120e-07
5.550555144261622617e-08
1.516538639818250807e-07
-2.145953463583066707e-08
2.286037944530637562e-07
7.945560369512964126e-08
1.280612316285582837e-07
9.857243881816372662e-08
1.290211286799380055e-07
1.705134476124531479e-07
3.729095128532878607e-07
6.820278321385010542e-07
4.622970236352311985e-07
6.219970114014566598e-08
9.969307325395641721e-08
1.132533452387251412e-07
2.031804513958827037e-07
2.816572067550427058e-07
1.381798447161766276e-07
3.330289885898880844e-07
5.610014200009896225e-07
1.298981543485295656e-07
1.875548806035306444e-07
1.989787959662320777e-07
3.189919336100658424e-07
6.388170361798417114e-07
7.246434467628286234e-07
5.465956695747066104e-07
1.015684421235978717e-06
1.468375779458568191e-07
2.542354268165857226e-07
2.437665041510718622e-07
3.106666387884372682e-07
4.387731365271848340e-07
7.180030553325569025e-07
5.821909588297671682e-07
6.613154906732178625e-07
1.538411220849701102e-07
2.879480053312323369e-07
3.103282116966213585e-07
3.378528974350042502e-07
4.814534526004369750e-07
5.869812574197890385e-07
3.232612205317907656e-07
2.890711666866782034e-07
