1.338058596931258616e-07
9.821018361062939289e-08
3.208851959473001518e-07
-2.216097937045248426e-07
-2.632664777075335357e-07
-2.875440437578328879e-08
8.292889480347057773e-07
-1.178615043757174894e-06
7.354952672202607254e-08
1.467769078896830726e-08
7.064186246066407684e-08
5.736397571224223060e-08
2.627559363940748590e-07
-1.399766960838973883e-07
4.116594281519567161e-07
6.873337244859699701e-08
8.058763941664546888e-09
1.158309202597063543e-08
6.607145248848058698e-08
5.392637351505501890e-08
-1.036820238737708581e-07
9.910379604406265363e-08
2.265155587412203735e-08
-6.707750587407486772e-07
-6.023690058052614352e-09
-3.292576034385243872e-08
-3.647662588672590964e-09
1.072625960763476217e-07
1.730791508102671636e-07
5.373493554195404153e-07
-8.198689719044512941e-08
6.463471132330177549e-08
-2.847702450103531947e-09
6.770400960343716545e-09
5.743497365910142212e-08
-1.216324266652024594e-08
3.998119379622235684e-07
5.564383426291691308e-07
2.396181608626691954e-07
-9.109362704855448007e-07
5.308846540396548212e-08
3.926567456687235732e-08
1.016182700821281860e-07
1.326035611897965880e-07
1.874037874851028860e-07
4.686903363861203508e-08
2.515159531564467756e-07
2.539973944309590819e-07
3.269362276038199299e-08
5.911464370174755224e-08
2.463469313738844624e-08
-5.850059477973044739e-08
6.174329759159002291e-08
1.949303215493971755e-07
3.339073004724340059e-07
-3.579889556722154179e-07
1.676265098705087848e-08
5.466175852807457036e-08
4.500821445219240065e-08
-1.121530731347670301e-08
1.247069177611497319e-07
-6.972632483224169647e-08
1.699973671205062041e-07
3.596541228250071176e-08
7.020777925897779058e-08
8.887606096578731106e-08
8.372218857424658935e-08
1.355755340727574033e-07
2.402341589824999553e-07
1.176668464119881183e-07
-1.477043634199471333e-07
5.070702544816575251e-07
7.055911470230570166e-08
3.423236403416146276e-08
7.201313766369996324e-08
1.331378027352551250e-07
1.498461743931974585e-07
2.971204378384303748e-07
3.145897396332006637e-07
-9.925708333235286853e-08
7.784239183372095633e-08
5.926534409267649405e-08
1.206005467756716423e-07
1.452106346296153507e-07
2.086327083291270518e-07
3.311854534476079562e-07
2.825357152185545195e-08
-3.673550807822032378e-08
6.741912890612175803e-08
2.146381646839776544e-08
1.310660620580799147e-07
2.233353035579452032e-07
1.922817897795486972e-07
2.434473434252530727e-07
2.393193199022089576e-07
3.841974671049010956e-07
1.548537745025634864e-07
1.769107992632840985e-07
2.261249672645218854e-07
2.689952767371628772e-07
2.248815182117518180e-07
1.043334995532127512e-07
2.705495122234918937e-07
6.588320306838786084e-07
2.028501067394968279e-07
1.404919375698250253e-07
2.578894481507387752e-07
2.962695380755664135e-07
4.672733141653657449e-07
2.810706093923932014e-07
6.681211895248536971e-07
5.145898382569346320e-07
2.605368561579255403e-07
1.864885066672408384e-07
2.777466736503137908e-07
4.043276257552018525e-07
4.909481734785129221e-07
6.731259495306212111e-07
9.038416300027604364e-07
6.840460198069136543e-07
