3.393420992996457507e-08
1.702159119253997292e-09
4.564569601513712028e-08
-8.332498065928055748e-08
4.104124064920534295e-07
8.474610813409577573e-07
-6.036290598706729888e-07
5.540973565134385066e-07
7.584403169869932722e-09
-5.263978222246145452e-10
-8.280098410492880992e-08
6.644112759543514107e-08
1.320926154847294106e-08
6.975295783890670391e-08
7.941378158121234150e-08
-4.183785589327195696e-07
4.998848350141374195e-08
-2.708536581427688076e-08
5.663081060637960915e-08
-7.466742491379242373e-08
-4.421458901189187328e-08
-8.922326611002250220e-09
1.621291272256775222e-07
-3.340450218593725707e-07
2.163228319282691706e-08
2.849898860283673547e-08
-1.866070230060034804e-08
2.353707656751238171e-07
-7.929137376933453051e-08
1.031763502645008568e-07
-2.818543977938128759e-07
-7.079700810290382039e-08
3.624948164603121526e-08
-5.341353738809763116e-08
-5.008083841501277062e-09
9.608515098823081629e-08
1.323802592146522685e-07
-2.325960415764526036e-07
4.253646850096653273e-07
5.745327299973187175e-07
8.955461921310169181e-09
2.029787449026789803e-08
5.760953047080740843e-08
9.643645261674729665e-08
1.110210295530441543e-07
3.668318580296056807e-07
3.325994257435995098e-07
9.702419779518775832e-07
6.430348243103740318e-10
2.935859470471598156e-09
4.580323451832956160e-09
5.759222708901279988e-08
4.756996390329720996e-08
1.817747379319026280e-07
1.196775174084902841e-07
2.741699762626080515e-07
2.032189485870484377e-08
9.979092457071649190e-08
6.896243829359456957e-08
1.585905642789703810e-07
1.644988609963741115e-07
1.405730467815699056e-07
3.817171089394389453e-07
8.070661077010879526e-07
1.244518544353457136e-08
3.065131269995486875e-08
2.672395966110605727e-08
3.768924038318908738e-08
8.130512440976401918e-08
1.183742631836700679e-07
1.578632009826057318e-07
2.821194614923682263e-07
4.713847476611373304e-08
2.924398910702872093e-08
1.190489262089561384e-07
1.987608787301368647e-07
1.061625937022781682e-07
1.606870509421027449e-07
3.412782619030106425e-07
2.339604503961378043e-07
6.176668862811715592e-08
1.290740222516926725e-07
9.988269562712499667e-08
2.380338928485477113e-07
3.007296981841995797e-07
1.567331089321410966e-07
3.797357550138910138e-07
5.388112510253238271e-07
6.638017829463368736e-08
1.215047940840939560e-07
1.830488957130568491e-07
2.296446917461422243e-07
3.084996334788394596e-07
1.656302170319056147e-07
2.637224950494997382e-07
6.233247307269990130e-07
1.360209737504844052e-07
2.563428183793712169e-07
1.818274618474509933e-07
2.942478204552447506e-07
4.534045612278153327e-07
3.736547583096682728e-07
5.082833220558870513e-07
8.825141598025393966e-07
1.838142252140692368e-07
2.758492011399235284e-07
2.264125357874450111e-07
3.535525350159313366e-07
3.391958696552251057e-07
3.446856153160696825e-07
1.003553307166958388e-06
1.167743397468682852e-06
2.244473515721835150e-07
3.139984688864606706e-07
1.458314963655458861e-07
5.468258329038873887e-07
5.165681695666859012e-07
5.723473842234112394e-07
1.100716744511417602e-06
1.320866317125198275e-06
