-4.735133282110256708e-08
4.513066741857554382e-08
1.257386538389460296e-07
-1.119269565574797564e-07
-4.219541125213614617e-07
3.156159703926426611e-07
-5.813138590115393859e-08
-1.009552033638121377e-06
-2.846501535150499346e-08
-2.054969423625823181e-08
1.493394771729846895e-07
-2.142581890846394985e-08
8.127551423301934936e-08
-4.371646122494211658e-08
6.932823640723470666e-08
-1.118419279229232907e-08
-2.184547400466693345e-08
-1.669453535597952476e-08
7.319302057790121709e-08
2.264369327222207858e-07
1.475829559337076327e-07
1.861110662470260609e-07
2.960877637206764745e-07
8.412184734114331029e-07
4.673671805755784719e-09
7.601316154355587409e-08
1.361617811288281509e-07
3.359206835072243416e-07
-2.165681088802014394e-07
3.018938335365264907e-07
5.785473407996908083e-09
1.321611467818254012e-07
1.718905581636932581e-08
7.854767990802104982e-08
9.161197619084100865e-09
1.090868744307320385e-07
2.706568556310906221e-07
1.044431249989491045e-07
-6.526686752709722637e-08
-2.839418492306780649e-07
-1.600879959687627841e-08
-1.972679502127580605e-08
6.254797839546275391e-08
1.481366026016313398e-07
-5.525455403435369516e-08
1.692751378419533761e-07
-2.426376922700305034e-08
1.962985033962211811e-08
3.697637602428674453e-08
3.046333716333325512e-08
8.265933902978481318e-08
1.438938279783045905e-07
8.098446450034958300e-08
5.983279060488230444e-08
3.974798793561854748e-07
2.026437424029814189e-07
4.351329313066666877e-08
4.546505072579570525e-08
5.551028920816198794e-08
6.871815585378360141e-08
1.034962539049980526e-07
-3.532305493812553266e-08
2.159674683708302247e-07
-5.491002449461749229e-08
5.697273384022044749e-08
5.566847634055836335e-08
7.796627273928459140e-08
1.490907670744895034e-07
6.517759258596548682e-08
2.971402916977593476e-07
7.971254816136265703e-08
-2.057561955561814991e-07
6.989486862158933391e-08
7.037640704790038984e-08
1.404473474791104240e-07
6.769356457784202909e-08
1.740836938692093124e-07
4.213453538785676418e-07
3.599086963641239322e-07
-4.176145948246536823e-07
9.254937978570704931e-08
1.185847215155221253e-07
2.038544743860425109e-07
2.101252722918699161e-07
2.105508041447578720e-07
2.474862581410706701e-07
3.434446599812683694e-07
1.659580592884983748e-07
8.309088401862851978e-08
1.098062105165859573e-07
2.181269441758001665e-07
3.025770344623282523e-07
1.680515841917796426e-07
1.349831323741237201e-07
5.152412219638771012e-07
7.737404529536073644e-07
9.722523597563960494e-08
6.542938556247149086e-08
2.733186342843506905e-07
3.115404850399436467e-07
2.524549589007583409e-07
7.859213368017576216e-07
4.496853299346702536e-07
1.450683637316294254e-07
1.444029962962941745e-07
1.736759282007822811e-07
3.209722747922972399e-07
4.591934022990067368e-07
4.447212584865129991e-07
3.974631740961309201e-07
7.732309664718338332e-07
2.951305180927334808e-07
1.944171760676611933e-07
1.799577538375560050e-07
3.549615252997042084e-07
4.469661780449151305e-07
5.295263386686682514e-07
4.957019699485259379e-07
2.702110804128389177e-07
7.978144964868384058e-07
