9.705688682816155964e-08
-1.179710643325853545e-07
-6.012813942186131380e-08
-1.163680260358260412e-07
3.944062844621563855e-07
2.765779841823112406e-07
1.000964662263267748e-06
-5.944897818912296156e-07
2.704189174241478947e-08
-3.033533874025755735e-08
5.631088766200869235e-08
5.202714075573845066e-08
1.109098392777408099e-07
-9.443878149714118867e-08
1.727485881105720730e-07
-7.842886747033203856e-08
5.371512366848936483e-08
7.323942924236057700e-10
1.074487939320423402e-07
5.229020322813574680e-08
2.822171724771099228e-08
-3.568818519622869680e-07
5.712890287311406125e-08
-1.081151605329773738e-07
5.571884454550143458e-08
6.829505708972973256e-08
8.955466935190947352e-08
1.919039128504153293e-07
1.633858047814595294e-08
1.963557251450749822e-07
-1.295178904423742660e-07
-2.666494655947805405e-07
5.227445751708416554e-08
1.994382046895421140e-08
3.425581509808228907e-09
-3.550357542329557504e-08
2.746903962760770357e-07
-1.138955489618727654e-07
-8.351920589179205826e-08
-6.168676262331284100e-07
-3.062651885175496280e-08
-2.009474291409822288e-08
1.628424840528688373e-08
4.989810726134797152e-08
2.581855495121942042e-08
4.491899419939443651e-07
3.868779968185179707e-07
4.859324983777144572e-07
3.457943680341893111e-08
5.382246451063487052e-08
8.283140621014904568e-09
4.775907098192079362e-08
1.888993204808664530e-07
-1.486841183429926920e-08
2.355188870406329843e-07
7.685243004774583472e-08
-1.540646522691809347e-09
5.200042010834637713e-08
4.026765545529255684e-08
1.937775733039551950e-07
2.005801474867297656e-07
4.412764913271384390e-07
-3.830620232640008698e-08
2.705879230811586994e-07
-3.508552156859097972e-09
1.872923063626982429e-08
1.933522984994090827e-07
1.771352192449574595e-07
7.084798226561948805e-08
2.622256157996426861e-07
2.637506692645299321e-07
3.938707270423003581e-07
1.025034549978292639e-07
5.004222041783830523e-08
1.064962297003138438e-07
9.037318682208241163e-08
9.606008335912623125e-08
1.807741182300815241e-07
3.627134098938731031e-07
7.177473205535665747e-07
7.424659672935170187e-08
8.964161462656909670e-08
1.414952826989453049e-07
1.552878237127295476e-07
3.042376643780808055e-07
4.703262017764670429e-07
3.128835166355937001e-07
3.469666514849381320e-07
1.064362272700956629e-07
8.400276634286457658e-08
2.289615211435637915e-07
1.675320085468996571e-07
4.772196623258688470e-07
4.913009834199645777e-07
7.232270664040881280e-07
5.463802200621822804e-07
9.653554791147178225e-08
1.209781808318274660e-07
2.518448834181768726e-07
4.200140278043602845e-07
8.709205015301538290e-08
2.251397038654898458e-07
5.171164275198394426e-07
7.852749670310866999e-07
1.668112849272229015e-07
1.466217010060516814e-07
2.633035955014027411e-07
3.455096158530033198e-07
5.489984921469881568e-07
2.411507084092506780e-07
6.068729913226894083e-07
8.254106013821031142e-07
2.413671906799237438e-07
1.996397309870082714e-07
2.080332670330676201e-07
3.240108123166217445e-07
8.050200446296456394e-07
4.990110015954061379e-07
-4.517122006709327323e-09
2.922984749363971600e-08
