2.913093511607296840e-08
-3.585573327165184835e-08
-9.557705916975763010e-08
-7.713181418714751488e-08
2.129666840353635815e-08
-6.705624564685077462e-07
-9.023103018832760224e-07
7.089020246594471630e-07
2.262955068945057409e-08
-3.988520188503980266e-08
-6.480183497647930840e-08
1.340789094030587551e-07
1.245001539492600390e-07
-7.007092784356381047e-09
-1.534989459245697370e-07
1.118570965045254849e-06
-1.099940111823437462e-08
4.883193665222382274e-08
8.653183553649360295e-08
-3.605327472475447686e-08
-5.589937069290259233e-08
3.852924591779970693e-08
-2.828462593902598461e-07
-2.996035699540550164e-07
-3.285074930677934927e-08
4.168213161694589786e-08
-5.497403922189870580e-08
1.112070344634551247e-07
-1.014501314183691046e-07
-1.841747681050252284e-07
-1.357011166563712861e-07
3.199364220591260587e-07
1.017900801282718961e-08
8.105888120891864808e-09
-1.248197027281498412e-07
-1.713973022659213547e-07
-1.040082299936556053e-08
2.014486612539409083e-07
3.057325795170033514e-07
-5.262860708402255760e-07
3.252942413825937726e-08
3.774971805944295904e-08
1.073562129952293288e-08
6.513979708534445014e-08
1.637596594741539685e-07
-2.013529492094556473e-07
7.263109623784305434e-08
2.798152901397687356e-07
2.169368911614112012e-08
3.659151884835033453e-09
4.528889691018165827e-08
6.087332639792903425e-08
-8.805007003854877395e-09
-1.417425814407944530e-08
3.465711609177704008e-07
1.544388428604010131e-07
5.123756014505337709e-08
8.096738718115860311e-08
2.010825772435262891e-08
1.319725082835589453e-07
1.905096922247481995e-07
1.078079713190338038e-07
5.730321420250480129e-08
1.539983051961568378e-07
-9.769186672647557094e-09
1.735874448721531127e-08
7.793384714397217771e-08
5.568492141211683619e-08
1.738806386244830648e-07
-7.328580788346597831e-08
-1.237051539948740588e-08
4.192868506639033648e-08
3.942423502070982485e-08
2.088013616901231153e-08
1.311254896555825155e-07
2.053030740973313905e-07
1.365946034372148517e-07
2.196629844481843705e-07
2.912195124694696122e-07
-2.021418139924592873e-07
5.340068863122565076e-08
6.223130240186798588e-08
1.143551301007481922e-07
2.542068309436405356e-07
2.567223675079190671e-07
2.068391147553491283e-07
4.278905466951207355e-07
1.265441179156401427e-06
4.979528119034572411e-08
7.544985132989811027e-08
1.415244385401436638e-07
1.467366892456229143e-07
1.939749076561693936e-07
1.737565904401869626e-07
5.162640059158860467e-07
-4.080978723317273957e-08
1.496868362640338244e-07
2.279861418518213794e-07
1.906041391783401453e-07
2.741087153120223819e-07
6.314988379081782705e-07
1.713198013046114651e-07
1.053630277653301257e-06
9.980713114195015712e-07
1.416522326553549479e-07
2.720199380088328695e-07
1.805262086494619811e-07
3.261434572375897516e-07
3.440399427380460156e-07
7.301639442484896962e-07
3.360042852990613111e-07
6.497452428038576697e-07
1.474822409656133450e-07
2.108197113325341650e-07
2.208541762827763147e-07
4.641986362001597249e-07
4.551743113169229225e-07
2.748475065237680195e-07
4.590375078629353778e-07
3.926406856561640226e-07
