-1.721985896516467095e-09
5.504648558822620695e-08
-3.093722382412302475e-08
-1.172016588646824368e-07
-5.460153048755713669e-07
-4.142140660412366149e-07
1.535966866184908267e-07
-7.507894749792854020e-07
2.199779769122710726e-08
-1.317042072415129814e-08
-8.691728454413385403e-09
1.674208902934128470e-07
1.222658452722662849e-07
5.617546150213565954e-08
2.373358707544544233e-07
-1.739576724614905783e-07
-2.966676878332766784e-08
-1.104758316811604226e-08
2.117387702280665861e-08
9.000999724244664981e-08
-8.128082234418401750e-08
1.440831926854878183e-07
4.448444700758532898e-08
-5.401152906513200912e-09
-2.052582029980714971e-08
-4.098487008282185354e-08
-1.691088560331888845e-09
-7.021843724420380492e-08
-4.145161670280133792e-08
-4.696876977903950068e-07
9.631779585491411250e-08
-4.992697318555830304e-07
3.424169796059958700e-08
7.613179204799910348e-08
1.807972434261445611e-08
-2.235373325527020594e-07
3.141809697958872114e-09
2.265260858498071823e-07
1.904429338356008101e-07
2.213513426848430300e-07
1.586862028026907664e-08
8.171609429193433779e-08
-7.750205070884634861e-08
1.154296590734256887e-07
-5.950782183334411901e-08
-2.657612019292477993e-07
1.172970947013116141e-08
-1.103215377709316971e-07
3.064720918080898321e-08
1.568252064084081017e-08
7.337506987881560114e-08
1.963788462210283357e-07
7.694718612795488198e-08
1.415175891834392272e-07
5.015585683768821146e-08
4.105668912549518363e-07
3.298395627883267019e-08
2.234768317838934494e-09
6.742578670159977480e-08
2.813736266431609664e-07
1.953616533120552604e-07
6.043769044042562235e-08
4.537838298216366733e-08
1.229709838934167504e-07
6.833713282848380000e-08
1.231733861182502839e-07
9.351454285333936582e-08
1.831868704633308497e-07
1.130720470587177070e-07
-4.594634937127526863e-08
-1.549821195822723245e-07
4.770789606397292241e-07
5.665163723563341231e-08
6.157083706575035704e-08
8.249344840338258661e-08
1.765214900743915688e-07
2.844616310072167021e-07
2.132029251394571978e-07
3.082691609391111102e-07
2.444937707047216232e-07
8.810916162265726803e-08
8.862686404497539786e-08
9.059082959619193076e-08
1.572265965052187563e-07
4.055192674930073566e-07
3.746613614458261120e-07
6.770890993284863624e-07
1.839094738242149429e-08
8.596374661159804162e-08
1.293035622667732157e-07
1.964385836076895198e-07
2.379777676050184987e-07
2.510480337228540259e-07
3.443044924955881995e-07
3.894462836759490204e-07
5.104848971108233341e-07
1.727981210243176000e-07
1.393732394507622215e-07
2.751851152364998367e-07
3.460894395832177866e-07
2.899672404244285053e-07
5.867328764326796402e-07
6.367079728485730555e-07
3.279044776017772630e-07
1.455047948725226291e-07
1.366844251265454134e-07
3.033113567086321342e-07
3.256520606535493033e-07
4.029038620672322027e-07
5.965022418036807463e-07
4.983766841177720781e-07
2.802765267862787317e-07
1.540957150787132141e-07
2.283875641953449353e-07
3.288021357107963220e-07
3.108984431023714239e-07
4.195555445915692019e-07
5.769270084232014479e-07
7.323880608228212112e-07
3.714819937232641937e-07
