2.785606931125579270e-08
6.706170426155272978e-08
-7.178527104054972467e-08
-2.846149766508279130e-08
-9.805464173177129942e-09
1.693648083468994053e-07
3.895595885299470005e-07
-8.004219828694413691e-08
1.933423559159504288e-08
1.207118101949155176e-07
3.737224143408876777e-08
1.633284075431385817e-07
1.202256250886498829e-07
2.243513628164385254e-07
1.721541160098551669e-07
1.517108933082267299e-08
2.420970575571918076e-08
4.489041157856292536e-08
4.114320286205783415e-08
6.797818921354489300e-08
1.242313967833582278e-07
-9.277509717905405955e-08
2.008009046105651663e-07
-4.972910888595292814e-07
6.853921287530682654e-09
1.094457492362029282e-08
5.566881213227492823e-08
5.089782040920014022e-09
-1.861127464142548024e-07
5.489916500286124795e-09
-1.304089831350681694e-07
-1.220147583603322296e-07
4.106597665265325652e-08
6.740662261439315920e-08
9.071442038382378420e-08
-1.110442244470547948e-07
-8.516152805349999088e-08
9.413595735775444318e-08
-1.522526913498380780e-07
5.494690270136005701e-07
2.770267272653551386e-08
-4.238091466202044395e-08
8.174140063913945607e-09
1.096795846984703429e-09
-6.169502996562102430e-08
1.520169218123326629e-07
-2.577680961575834785e-07
-3.763951545097350633e-07
3.431210196464960526e-08
3.627646288091816456e-08
4.928343691483815174e-08
1.041362024723697657e-07
2.128589476463616902e-07
2.145997860095707251e-07
-1.884839682956920272e-07
7.460443594107172353e-08
4.007935222747692248e-08
-4.135039939819291604e-09
4.568087228099426932e-08
1.120027292542510311e-07
3.673974690619363443e-08
2.345148400706232062e-07
4.966067105992021462e-07
7.373755974157703758e-07
4.757567358522655806e-09
1.062372973209851130e-07
2.402605606002093747e-09
1.801038750951817068e-07
8.844698772260389033e-08
1.486349482056578828e-07
1.132866896797756616e-07
-2.903490145100365210e-08
3.174680959136425278e-08
4.837263877007826644e-08
2.420072372412152540e-08
1.078929809596632415e-07
7.468619095821429229e-08
7.022068025878101396e-08
3.372949455065134365e-07
-8.181659851059116439e-08
6.615634337152228302e-08
8.177353403369821839e-08
1.469543310150889554e-07
1.292985080109460089e-07
2.638958587962460533e-07
2.877918053507673494e-07
6.856978548778343507e-07
6.778374634194055535e-08
6.750846285430056250e-08
1.451043119846671622e-07
1.159366778771986434e-07
1.315817697560755342e-07
2.359824804979504692e-07
3.184503558382465290e-07
4.257027321797962072e-07
1.188164665441515872e-07
1.087347045187196670e-07
1.487179869398641559e-07
1.164537415894225590e-07
2.351143257759785408e-07
2.389369130308385831e-07
5.965235339895116729e-07
3.485326530420829263e-07
5.384347262542922897e-07
1.411181307040967480e-07
1.881546099723049288e-07
2.686602515266522994e-07
3.272087155719039145e-07
4.137649340237639577e-07
4.107692079616790157e-07
6.591812904269988095e-07
5.590944241568943971e-07
1.379986966802716147e-07
2.796858799676424103e-07
2.820512169077322066e-07
3.709420293912895301e-07
4.789533057519909888e-07
9.682596269078007677e-07
1.097121210154148894e-06
1.025530805970355658e-06
