5.669650642671556099e-08
-2.959816636452949429e-08
5.168896175966309815e-08
2.760421791461592924e-08
-2.470344360452411485e-07
-9.522325152813262854e-08
1.410935998919232390e-06
-4.565465250669587909e-07
6.154352589219459252e-09
-5.832277283518168476e-08
4.505674917095370220e-08
1.817919211699983963e-07
2.329853635609796884e-07
5.903239909698324779e-08
-1.075485421697961571e-07
-2.471075962877876050e-07
-2.508468769938639147e-09
6.191339529345912741e-08
-1.240204540343673235e-08
2.098012166225377203e-07
1.139792782525202485e-07
4.467176545019990848e-07
-4.622392040203169981e-07
1.309885823306740939e-07
-2.338990350638951397e-08
6.979679466733752147e-08
8.816886520944381215e-08
2.970499232938489262e-07
1.523890576473794702e-07
3.581517523855378624e-07
7.294363712446657483e-07
2.196711446877150778e-07
2.174901858865409727e-09
3.285977575867922062e-08
-4.253031539462349373e-08
1.796051162668264657e-07
-1.846751554922991198e-08
1.176104585763194697e-07
3.583114140649738107e-07
4.423452435801317169e-08
1.585198079353278675e-08
-1.966932340192880271e-08
5.757198465949355540e-08
-6.496273984203104924e-08
-1.623804397312133743e-07
3.033621519069544456e-07
5.958094115624313795e-07
1.602341085420449955e-07
3.961365389636612981e-08
1.981731311629797957e-08
7.075996889501562603e-08
1.457760785958239255e-07
5.779709886733226666e-08
1.089867666574847282e-07
1.247020196596846548e-07
3.687985088282441231e-07
4.004922073804329305e-08
2.004386850112019788e-08
6.946834924531850853e-08
7.795350963500353094e-08
-7.304788717954228537e-09
-1.670117808435846856e-07
2.957274751042989926e-07
3.974341951314872039e-07
6.761734035702931571e-08
6.324420335128940735e-08
1.576868792942338206e-07
1.800663864562447313e-07
3.616581311924501145e-08
4.168872133436142918e-08
1.260567583823498228e-07
7.214107564520172682e-07
6.398430009322591731e-08
5.571675107733503313e-08
8.326042180694139320e-08
1.105715221296597063e-07
-1.364311776074214012e-08
2.164127495546783440e-07
1.605954539791497237e-07
4.799457777891395028e-07
7.045841855621752781e-08
7.743073578545347187e-08
1.081677777579152919e-07
1.334604342351646867e-07
2.823051388045457051e-07
1.360130863199637934e-07
4.296116360602417762e-07
3.075197445821496126e-07
1.158580200293574975e-07
1.846279805844746614e-07
1.910849187019747306e-07
1.155481720163229324e-07
1.278425210368935241e-07
4.715349667013527590e-07
3.585848134581097900e-07
1.177069978372162842e-07
1.244906594084643871e-07
2.352603901711049324e-07
3.077975098442375864e-07
2.779605413622463314e-07
4.606341199540975698e-07
4.979642053894057162e-07
8.466652280561200072e-07
6.858146234273159055e-07
1.280101734095532794e-07
1.462501274601559030e-07
2.663626339621885386e-07
2.675904276778795575e-07
4.567354975148190247e-07
5.320748870957829277e-07
7.598772856579644967e-07
8.747675114736130343e-07
1.825758834670076241e-07
2.149939807963259614e-07
2.675106193175589650e-07
3.485622987536878158e-07
3.596903701315143908e-07
5.587504424840459369e-07
7.205329745832933530e-07
8.086023711682172485e-07
