-2.516589399210406585e-08
-9.634320506499046273e-08
-1.016163668954697247e-07
-4.351830100649760262e-07
-3.182883905693141468e-07
-2.406837278213271140e-07
8.545282706940597372e-07
-9.060002665526522566e-07
4.828619248029581323e-08
7.458066461188332322e-08
1.684291818206275161e-07
-2.932148602524246630e-08
1.672019278748324003e-07
-1.181824365650214263e-07
7.415781065248473549e-07
-2.221749195940638973e-07
1.061292329331360216e-08
1.626309923993246168e-08
5.944963963148128037e-08
4.880372105318609727e-08
1.141439443014075835e-07
2.569764051040242397e-08
-1.562882849174474587e-07
4.481459747702036244e-07
5.635574487892446198e-08
7.473532199100172144e-08
2.997629646862662765e-08
-2.283261367182006186e-08
-4.339044126074565779e-08
9.363113796259925767e-08
-6.033362928549028865e-07
5.963406500556232577e-07
2.009414481151328306e-08
6.545357397953972215e-08
9.713335273949641700e-08
-6.345846660408315346e-08
7.953373834084042508e-08
1.279439750383809283e-07
-1.189391346876218497e-07
2.730914795975850635e-07
6.209365404552558792e-08
4.962746145643279898e-08
1.412955806607609609e-07
4.189088403299854126e-08
1.897298602783216995e-07
1.903957673465997492e-07
5.197233259464364216e-08
1.808424133456325237e-07
1.807782446393089539e-08
4.745086864292273318e-08
1.153890129120616045e-07
6.659398382522796188e-08
7.506764140914991039e-08
5.447956311312516611e-08
3.101196719642123831e-07
2.700105222971903055e-07
5.172735941078189825e-08
9.831353256811443334e-08
4.979671167937529854e-08
7.282816366893708792e-08
1.727971906644535493e-07
4.737599610315445055e-08
4.058942016507110217e-07
8.007293389281043019e-07
2.070129089454765848e-08
6.464068243923193992e-08
8.316992418286682827e-08
2.271522493631364957e-07
7.189533542889308853e-08
-1.104480807663276578e-07
-1.403372552323969025e-07
7.231949482561820526e-07
3.346750606048359231e-08
6.401813407459065533e-08
5.171262676303740262e-08
7.481553385215813161e-08
3.785412019015770144e-07
1.147999248182727090e-07
3.833083603863646449e-07
6.629238690416655660e-08
7.871121620441995221e-08
7.865097123281209570e-08
1.331058419658894374e-07
2.288896341834852590e-07
3.488395702477925214e-07
2.409217856091862868e-07
8.595786996659598725e-07
3.384762489320361901e-07
8.439049399282607622e-08
5.405802599195901870e-08
1.182933873923480436e-07
2.099496311180843161e-07
3.157349395014044933e-07
2.624418613803893019e-07
6.501036934125360486e-07
5.668928218220818235e-07
9.350937133014181433e-08
2.063018775994396785e-07
2.207849411270198687e-07
3.866478762002930198e-07
1.760798967863991449e-07
2.574220765310502691e-07
3.238509170364589146e-07
7.262742264287157024e-07
8.668311589275197705e-08
1.270427191898935847e-07
2.787677831187405780e-07
4.302850330500439293e-07
4.195488801442548809e-07
8.576621493520193541e-07
4.700641718800789893e-07
4.434958365418373449e-07
1.009649475234670074e-07
1.532891392563694686e-07
3.363756791876289623e-07
5.450621647112951233e-07
5.955017783813053772e-07
7.592913282267780018e-07
9.075050612306762233e-07
1.299622731564700343e-07
