7.621483295694646763e-08
-3.055084589377346965e-09
8.864594011463115835e-08
3.989219657053485111e-08
3.394958482563969419e-07
6.055468213139513873e-08
-1.983301277837450680e-07
-4.844669360948965942e-07
2.267623327160492836e-08
-1.685314508342664600e-08
1.125175776057295159e-07
-9.192409651631422757e-08
1.609126991087168108e-07
8.128584956812340639e-09
1.316086710753344173e-07
1.793671798522934800e-07
6.437111457437204009e-08
2.319035464277149950e-08
-1.542164829124978514e-08
-1.469241583485996553e-09
2.582130850702075448e-07
-4.366880625358906265e-07
3.747249884473512511e-08
4.082344807426524903e-07
4.167778985987820847e-08
5.149532090563913203e-08
9.228721434817847133e-08
9.519997400049743710e-08
2.514892510591841179e-07
1.880284766375023550e-07
-2.226819011775351345e-07
8.696552253833313875e-08
5.704191219299649732e-08
4.557794360197476611e-08
5.837929235887541560e-08
-4.842228687320275834e-08
2.418404965818150197e-07
-3.229958952296977119e-09
-9.658702233987013406e-09
7.260911034153837295e-07
4.134487892851780609e-09
7.033220228376462903e-08
1.015967902338274807e-08
1.556456880738974268e-08
3.891503153744576803e-08
2.994224492148143915e-07
1.290266989078737597e-07
-4.100256474202667639e-08
4.478382708216544536e-08
9.003685323043036043e-08
9.616839827908158584e-08
-1.836146311260315723e-08
1.944837736491185442e-07
1.592162902129212470e-07
2.921304528132736628e-07
2.790004132592893446e-07
3.753595165279148448e-08
-5.616722678579052149e-09
1.044195866435879798e-07
4.304789545530925876e-08
1.456581438047634445e-07
1.190941622021263071e-07
2.048895090813120090e-07
-5.049480438126062725e-07
4.292468108811334659e-08
2.575550328454669912e-08
4.070669847897889879e-08
1.587908968981843427e-07
1.057150023383388649e-07
7.417788099496478222e-08
7.661803511459622512e-09
6.060440833336074537e-07
5.249872083176217659e-08
1.295773768180770567e-07
1.172704298517684156e-07
5.953539078007436608e-08
1.406408716072595759e-07
2.744784661734920419e-07
1.362395880226559562e-07
7.121066261603764028e-07
9.348970517641360397e-08
1.232376057665923240e-07
2.252688642970214336e-07
1.118459641122259325e-07
2.351150376836119954e-07
1.917384911386755463e-07
7.197595085950589060e-08
6.429839458843697572e-07
1.026718786141265893e-07
1.306217584390524729e-07
1.489413611963804820e-07
1.945042052835515136e-07
1.325937690350488587e-07
2.357348353703636970e-07
7.984177992596278093e-07
2.112014887091346167e-07
1.651112076908253927e-07
2.255115352794373028e-07
2.935053762443815991e-07
2.636681990303377121e-07
1.999840520379364907e-07
3.079864135561437329e-07
3.839927181654039341e-07
-3.150288441475055712e-07
1.467096222391921518e-07
1.813570462987880486e-07
3.035409643772618902e-07
2.925108762035783517e-07
3.131677609702190317e-07
5.986336993637713543e-07
5.717200516979942840e-07
3.981547872176985342e-07
2.035261226107901226e-07
2.348807923779814752e-07
3.679586675037007973e-07
2.344211890279427460e-07
5.338191411500793680e-07
7.253636546584230075e-07
6.644892213375032652e-07
1.061872226561357738e-06
