-1.778344350998733429e-08
-3.425278599105101784e-08
3.120026198320275591e-07
2.228469755120104779e-07
1.155502730257603995e-07
-3.911890759107602955e-07
1.318104632225321774e-07
7.594893356839298213e-07
-7.476720093658110299e-09
3.226315515299867673e-08
7.852773945021559368e-08
4.752147561590758172e-08
1.138290122906084249e-07
7.322145198325422761e-08
-2.549722152447979224e-07
6.485038184624657977e-07
-5.335491743633986456e-09
2.452904029513677895e-08
-5.422657682969309454e-08
7.702903060993332171e-09
2.224301084475064140e-07
1.454232972681731292e-07
-8.146173888521678985e-08
-2.356042567300743191e-07
2.538504719894542131e-08
7.087803452555726096e-08
4.730261540927411406e-08
-9.511240662219996479e-08
2.505252375074783906e-07
6.919707065212707611e-08
3.689699166543778057e-07
5.010438280280007995e-07
2.684541751707689782e-08
-3.153391378553039291e-08
-3.334550720722709821e-08
-2.157873086647401850e-07
-8.441306453248003285e-08
-1.564111456861602743e-08
-2.651231394495627226e-08
5.804763231446205754e-07
2.078551614076834881e-09
4.644811424576421746e-09
-2.954932549255268611e-08
-5.943996087818379690e-09
3.723311277928392612e-08
-8.738540871872101721e-08
1.530121441966130364e-07
-2.023967237141560137e-07
-2.226086740779113217e-09
6.746327592627142857e-08
1.262224453910611918e-07
4.937850790768534363e-08
1.614923982949007300e-07
1.899235983641497324e-07
-1.375541989583465950e-07
2.041756129259584550e-09
1.378999536138118871e-08
8.523457013840131617e-08
5.025845027341443039e-08
1.022509939111382350e-07
1.850487860834095010e-07
4.199339222161001427e-09
2.508841336360099792e-07
-1.479863986315859352e-07
2.559554556345517752e-08
5.443013252742766392e-08
1.047994798127889419e-07
1.136757727737259498e-07
2.196921083449457777e-07
2.324699466016821307e-07
2.949971010254322174e-07
3.445536677670957076e-07
5.836220775459977533e-08
6.220300248206615556e-08
6.037671934092137610e-08
1.093754464650723748e-07
1.026471625328319630e-07
5.448261100267341198e-08
5.695275103569755361e-07
-9.569697473588980847e-08
7.472197238112595872e-08
1.056621121974483888e-07
8.952608193350223265e-08
1.646166098648315269e-07
2.664880363856043595e-07
2.991574320106917681e-07
2.752527175995938071e-07
-2.379170339520287554e-08
7.368792541701935743e-08
1.203147138176303891e-07
1.704078873553427490e-07
1.983497029155099795e-07
3.361475601404413901e-07
9.366878336462962827e-08
5.362920817052309745e-07
7.656519060653305485e-09
1.149756036816361845e-07
1.494324738449346146e-07
2.638744314701949500e-07
2.057241695049637214e-07
4.345156731988599661e-07
3.122590858675858653e-07
5.655487898625036662e-07
-1.279736581927686401e-07
1.123361708699517551e-07
1.790297309304378818e-07
3.258616787161754954e-07
2.469645034206861249e-07
1.820796383028920571e-07
4.285350493557196765e-07
7.863904352101455183e-07
9.460899902447478807e-07
1.351407231501711131e-07
1.573194155660251917e-07
3.537840994658635965e-07
3.072094069417686312e-07
4.913750923581871854e-07
9.753402733798554010e-07
9.169768970650187946e-07
6.851213840583729324e-07
