2.885683421686096672e-08
7.837008228519416625e-08
3.762315619063135268e-07
1.961986582127042922e-07
2.034365500955644336e-07
-4.919831819611660713e-07
1.951457963729718674e-07
-1.722321935845447366e-06
-6.364077022281724130e-09
-6.497248607322117794e-08
-2.500314139007110728e-08
7.719106577181412233e-08
1.606500248605305102e-08
1.428074086079727612e-07
1.388500351024423588e-07
2.081094056102028935e-07
-1.363078711324308358e-09
-1.303378709777390749e-08
-4.805048113058681265e-08
-4.246235300435763711e-08
-1.268597152846755421e-08
1.751639214941972147e-07
5.524796792594405751e-08
-2.869081634877345673e-07
-2.044211380236404105e-08
-2.172073917549458509e-08
-2.257423009110153151e-08
-7.460005919099676635e-08
-1.132622505629959388e-07
-5.685433167385518949e-07
-1.044455677579508349e-09
-1.599659184757527158e-07
5.483380045967481027e-08
-1.190208277443977122e-08
1.870739937017105478e-08
-7.246983623283760504e-08
-8.888556335557090087e-10
2.036587558954640632e-07
-5.378922456410880021e-07
-3.071670102771769440e-07
1.865315904893494234e-08
5.712915846797793346e-08
6.489280009582699452e-08
-3.391416337559242562e-08
-1.072435524365823474e-07
-1.524040248931988109e-07
2.614194787604659484e-07
5.522058745747963540e-09
3.247355931335938739e-08
4.789835436630504620e-09
3.895272726862605073e-08
8.777797525139732293e-08
2.095612615896171994e-08
4.446329418081492707e-07
-1.793740294425494376e-07
-1.010729294221276325e-07
1.994095762936188368e-08
6.216008059856363524e-08
1.464648028746419908e-07
1.895855776678841705e-07
1.664764987253191248e-07
3.207552838959726152e-07
-2.327950583392822099e-08
5.041040337012085882e-08
4.684296164872815670e-08
7.455820162831624168e-08
8.776350489010551724e-08
8.754409637687296039e-08
2.110490720326597070e-07
1.004795546054480538e-07
-2.892974737712263257e-07
-2.414864464711381474e-07
7.716157625082754897e-08
8.489824417818572394e-08
1.065433699855800536e-07
1.130623771292777828e-07
3.005586283554432799e-07
6.322281370400825081e-08
4.816680998555797056e-07
4.872784687950773304e-07
6.642106509244838585e-08
9.307766969238699061e-08
8.996138047225485137e-08
1.405850275307865822e-07
3.085356855778393647e-07
3.753109118540966855e-07
2.929995208749184852e-07
1.658969013772012726e-07
1.057676852775654375e-07
1.161484686654328743e-07
1.690542966043870597e-07
1.662439403614005138e-07
2.286861525627837607e-07
4.039225239206541129e-07
1.750041437504779270e-07
6.919817555417966772e-07
9.783661653147802374e-08
1.845761964854857688e-07
1.785747586411831010e-07
3.544889327403087913e-07
2.298902069998180325e-07
5.396365510636058373e-07
8.699694261278992054e-07
-1.081286941730280557e-07
1.244139348034850680e-07
1.893002005128969439e-07
2.313033143952362579e-07
3.878050425939583930e-07
5.402417038328177317e-07
4.901214851552616531e-07
1.022158184454862694e-06
6.874033428639439875e-07
1.895653519162314824e-07
2.361793704409111213e-07
2.924129724240287072e-07
4.634272766158299374e-07
3.026129518850795419e-07
6.275954009352531999e-07
7.685237887851927976e-07
1.041239233431479426e-06
