-1.761804961903205800e-08
-8.556226359514519769e-08
-9.756057007706598028e-08
1.477133172424461932e-07
-1.804027742227475677e-07
-1.255375950759251768e-08
5.016301066386074012e-07
8.462505295384829426e-07
-1.900633383194676292e-08
5.149386291802323525e-10
5.638212067182144921e-08
1.072353870569741306e-07
1.356321358060745300e-07
1.225474664801511232e-07
4.076783786771613375e-07
-4.105374032098446023e-07
-2.876309924349127996e-08
4.135495786383604764e-08
-2.235603474178981102e-08
3.462843590442203718e-08
3.286434537792125567e-08
-1.036463046370769895e-07
-3.675291310407936697e-07
-2.996613238342410088e-07
-6.702158017716142556e-09
5.387430362315683592e-08
1.088109404245549904e-07
4.048585946729422743e-08
1.547693439130182179e-07
1.055060253406614345e-08
7.373059662188340925e-07
-7.452283368746807469e-09
-1.707685367345792085e-08
3.073266427005408172e-08
5.888257010316568194e-08
2.423310587165450400e-08
1.042331581238927382e-07
2.371722665485966245e-07
5.335023297056746204e-07
-3.700833140649875376e-07
1.473471923630638223e-08
5.045929056793894802e-08
5.706134626565468682e-08
1.634914635473752064e-08
-1.788545662057888612e-07
1.076634438112620261e-07
3.478565184392266199e-07
-3.881883448279956026e-08
4.942099450553555506e-08
1.944348600765432593e-08
5.356972092959275166e-08
1.064210084747094242e-07
7.791641247947456047e-08
1.433112097312694001e-08
4.291048242295259442e-08
9.059830315783282622e-08
3.141247470452878846e-08
6.208743000978780000e-08
1.285742101327711087e-07
1.353234333413310200e-07
-1.963137334061357590e-08
1.104997228483915228e-07
2.658416672226243085e-07
1.318327410897728135e-09
8.213787635503387726e-08
6.740394719291636501e-08
2.942709785940806276e-08
1.091406770404643560e-07
-1.530609153441405456e-08
-1.358260413807184445e-07
7.385950133832985798e-08
3.773364989676780913e-07
4.328376246572141479e-08
6.999112245160697173e-08
1.532401936580991776e-07
1.197200203895731725e-07
2.597491682323131649e-07
3.542436203283983564e-07
4.407476245254396666e-07
-8.488616103828166557e-08
7.131620589507572030e-08
9.758771952849788254e-08
1.107248284888427435e-07
1.172814881787240708e-07
3.258709919506849387e-07
1.833783252318845374e-07
3.457712115941873697e-07
1.112834642809839569e-08
1.069431459174739178e-07
7.944508056224122028e-08
1.435733265940455961e-07
1.417771935860201928e-07
1.905418573711720317e-07
3.906681350438481971e-07
3.725593003884739769e-07
5.527312225874787449e-07
1.365467207893462996e-07
1.705250686705374416e-07
3.530029439775604394e-08
3.220469102011891346e-07
6.276283694828369724e-07
7.515221538623619377e-07
5.777685489445678830e-07
-1.063544728169429146e-07
1.552301200111410570e-07
1.497562990704519460e-07
2.422366359849519339e-07
2.417496979760804452e-07
3.736440532434727262e-07
5.502423744457824467e-07
3.565517905305740081e-07
6.766510828061403356e-07
2.121640073297410246e-07
1.790536603003897996e-07
3.428975913905456927e-07
4.904432335896996969e-07
5.316419029316742816e-07
7.098694432573828005e-07
8.423335299774675932e-07
8.912038592168701424e-07
