8.015495591840558217e-09
3.460592831970802903e-08
-3.017426983094809512e-08
4.786196027079607443e-07
4.070084896113581672e-07
-5.586143016869866362e-07
-1.967138107804193872e-07
3.968124508388531611e-07
3.227647083316498791e-08
2.305110736389756343e-08
6.286605701410089849e-08
1.137336595660389372e-07
3.652274664857760174e-08
-1.350534231547518186e-07
-7.380841189885058308e-07
3.502825471132103062e-07
4.263736905935801926e-08
-7.912797951418211480e-09
5.459717757709481247e-09
4.969510035932200525e-08
-9.406892411676101262e-08
-3.462926907403190545e-08
3.946988322674050247e-07
-3.742906505420647703e-08
2.848336031009332903e-08
2.902746516980018030e-08
1.738855049207588804e-07
2.468459984891612011e-08
-2.028008373051361100e-07
-2.710601836597975008e-07
2.691491844865958139e-07
2.725256827066743196e-07
-9.759931737163956800e-09
7.579162120853933587e-08
2.619384513238755354e-08
-1.065761770030374546e-07
-2.979097365624319357e-07
1.828218168545212629e-07
1.039190472709815272e-07
4.094037681811821572e-07
-1.686926751049659899e-08
2.920439704053403590e-08
-4.485196285711177047e-08
1.766585727413169916e-07
2.300315574463829080e-07
-1.779060165591400376e-08
3.951328578133638965e-08
5.172533658349088685e-07
8.434829844093277235e-10
-7.048725833026417859e-09
5.172988460708094424e-09
9.612060810298038475e-08
1.271351757409711669e-07
4.862368043344101614e-08
1.163764245330642626e-07
2.948468511280308120e-07
5.676704158536108830e-08
5.930083334863143471e-08
4.243154988405549763e-08
1.962042733155660541e-07
2.030650300356594536e-07
2.709619495541959375e-07
4.634555536255737587e-08
9.476911329739173856e-09
4.305745138740951167e-08
4.290957249559428002e-08
1.230813407414683474e-07
2.029818664144255082e-07
1.179859748145450715e-07
3.039459007160587526e-07
8.909167541035347601e-09
6.981386237979040415e-09
7.916655618339304978e-08
2.871953509865369154e-08
9.866688759916030241e-08
1.182474469421270630e-07
1.441503174419595197e-07
4.544371700564151366e-07
4.211553731902570381e-07
6.454469590730266075e-07
8.705468690861003907e-08
7.334231570015068479e-08
8.953293861303707654e-08
2.338442193294704449e-07
2.826531747733013025e-07
3.443775328114491574e-07
3.287618851899864683e-07
1.544292326874100984e-07
6.092754313615579290e-08
9.183424284692040241e-08
1.911681426590610042e-07
1.648174541022025639e-07
3.910671741755351239e-07
2.962151036204660456e-07
4.211479900957529425e-07
2.290490141475500421e-07
8.881625950084179956e-08
1.091054855502183178e-07
2.673644036246149767e-07
2.352000853106230546e-07
2.340616004503316044e-07
6.770077615490703969e-07
1.032160990186602196e-06
-1.121089393329479839e-08
1.215989304285759205e-07
1.844157895555927104e-07
2.279882685577853662e-07
3.073486981827150631e-07
3.250103370850034900e-07
4.502016459928620367e-07
5.703906383241058273e-07
1.456184108509908202e-07
1.392972295239548249e-07
1.952307899180092643e-07
2.100946696311097105e-07
3.636181268565398873e-07
3.941215228338390858e-07
1.276546030518576736e-06
5.131430864827995937e-07
3.779939024894206446e-07
