1.454564142310364108e-07
1.192736534137433265e-07
1.381801794122699917e-07
-2.544359648498581375e-07
2.322554320176399008e-07
-2.562505379099091798e-07
2.433093022402343021e-07
1.685590246591872200e-07
-2.683873217182083543e-09
-4.884050411482732115e-08
1.150130904135373480e-07
-8.382407422258133312e-08
-6.857136602221657894e-08
7.850155786213041437e-08
-3.609602373836195116e-07
-5.064598835945540210e-07
-1.960386750773813285e-09
3.208324610471413294e-08
-3.946909540451793632e-09
3.864195575016989742e-08
1.493316602329192515e-07
-6.277349568082737271e-08
6.010891514759144960e-08
3.548916985418461711e-08
4.520529797217763038e-08
4.737857841839136322e-08
3.417735401038694262e-08
1.635786372737033894e-09
1.158820537252745141e-07
-4.320070964771378043e-09
3.550992272660351007e-07
4.819267631521279233e-08
2.834351837211830670e-08
-1.009738476615435470e-08
1.656208667255888191e-07
7.884060265234739722e-08
4.935431595426392785e-08
-9.569712983282933431e-08
4.449914897560443681e-07
4.604406428540623266e-07
4.487948449982005015e-09
5.719041055053428813e-08
4.716565793661393428e-09
1.428591265199375455e-07
-3.503055254279581930e-08
8.518802723831496986e-08
6.221191770923500374e-07
-2.000586034897428240e-07
4.463445394729994629e-08
2.987611918391972860e-08
4.133195798222677613e-08
5.267134557915158096e-08
1.538550514685755791e-07
3.811186895446110266e-07
2.886526000679911119e-07
7.786097503103129041e-09
1.732945588491922086e-08
5.089969059557641326e-08
3.913467003802464579e-08
-5.924978536260616775e-09
1.344063641930735531e-07
1.687356623663724028e-07
-2.041433462623396445e-10
3.971594644074877039e-07
6.634773812202386628e-08
7.256513653134906702e-09
7.929841096811734411e-09
-5.401308297292715145e-08
-2.226136731799088342e-08
-3.347359365274302307e-08
5.280469305195233711e-07
1.297247734095507820e-07
6.065220791293096165e-08
1.115495890308631883e-07
1.205022379371167694e-07
2.841856080296824253e-07
1.749051535446409833e-07
7.555399921419278069e-08
3.017406827776897874e-07
7.493406048159991217e-08
7.655961674577988804e-08
1.024007023084569301e-07
1.257535117322943955e-07
1.547431535027815493e-07
1.395399809180793422e-07
3.577861806952670791e-07
3.707493603688031901e-07
4.613431384822995823e-07
7.571445859394672156e-08
1.382438211602125658e-07
8.752650706940249011e-08
2.579529212588551861e-07
3.124792577439433277e-07
3.145394100649191330e-07
6.524572858815854911e-07
9.053532791387741461e-07
1.525145488357212600e-07
2.004117338679227575e-07
4.242252789192835387e-08
3.046495349088710858e-07
5.404258206094220012e-07
6.747846663036320324e-07
8.910093775797847871e-07
6.317787903289455244e-07
1.407756296846918768e-07
2.001807594394891958e-07
2.491412807716098023e-07
3.967951313234808495e-07
3.592482638962204049e-07
4.681259252780550143e-07
7.405251507068781213e-07
1.220121941518214594e-06
1.387243169677961023e-07
2.285642242243208733e-07
2.981298478521935593e-07
4.723899072165940971e-07
4.562624854441174253e-07
8.433817552836802667e-07
5.834372782501345611e-07
1.403235601112019513e-06
