5.007311225174712919e-08
-9.470098988669238500e-09
-1.598093033592225296e-07
3.578996583662155671e-07
2.526361746075003503e-07
6.662867424727006921e-08
-6.573665942233594076e-07
1.359748506203501853e-06
3.534322510560423288e-08
-4.165122719285852609e-08
6.796196274113065901e-08
8.729234066020265277e-08
1.710885463610083523e-07
1.320028881310664222e-07
3.898633766498178318e-07
1.295825637299570228e-06
-1.819428825880223807e-09
7.776376395332662999e-08
7.091857563776848940e-08
1.891028577382077491e-07
6.477051689980894572e-08
2.028281680012280344e-07
-3.243274675408458526e-07
-5.926547461050712744e-07
1.554141831433148247e-08
2.771447818692557276e-08
1.183395677559509953e-07
3.334345748208706116e-08
1.800387071244142748e-07
1.607565750271875159e-07
4.200328630325849795e-07
2.381265883389398498e-07
4.549237201885355790e-09
5.726141080725111582e-08
-1.080026793533543701e-08
2.075709158199858178e-07
9.454951193791609765e-08
-8.808813083652684966e-08
7.338093449280401943e-08
3.587868896529594775e-07
2.613886102303030176e-08
1.665806394418633548e-08
2.653597590064187307e-08
-9.446139835570207860e-08
2.056840390914731128e-08
1.644542550704369802e-07
-1.536858642627191273e-07
-3.319615049329791228e-07
6.024852368422276174e-08
5.110831210797161766e-08
8.252348891440528669e-08
1.206531321024276354e-07
2.615815181096312539e-07
2.123284791459308969e-07
3.414089788572261778e-07
3.149804575066167541e-07
3.953019761945489830e-08
1.935946691908776152e-08
7.935704084960169378e-08
-9.050209543815178603e-08
3.247520510400924731e-07
4.095540175758535737e-07
-2.097922919516359843e-07
4.499915119031138836e-07
5.474400451382897769e-08
2.383323757952487973e-08
7.074225121556963002e-08
5.490066309722765442e-08
1.567317052724184935e-07
-5.679173438782153693e-08
2.729049952358520651e-07
2.786454266356897051e-07
3.917938191459539407e-08
7.642274825259590002e-08
1.217375143341580564e-07
1.294867768672729664e-07
1.940436315483818341e-07
2.472755970739858306e-07
-7.743127520288211764e-08
-3.021044650291955143e-07
8.953810560378234427e-08
8.365857261388935607e-08
1.394768235609064009e-07
1.668438989460394874e-07
2.468923101039228141e-07
3.606349752854885522e-07
3.451829195192334982e-07
2.813289735689764081e-07
1.015488436788836371e-07
8.202693720077429109e-08
1.750352624743235508e-07
2.305035064186474026e-07
1.756504985655616964e-07
3.105067381490028544e-07
4.709121563119112654e-07
3.157952540440944687e-07
1.273368038623721290e-07
1.186100227191131862e-07
2.358295313274067495e-07
3.735833147119201725e-07
2.929528706756611564e-07
5.671282674923782242e-07
7.359502460538142942e-07
2.900047804959568004e-07
1.386518625048282670e-07
1.491545449360731580e-07
2.305862088237646720e-07
4.522351023367585934e-07
3.707368560177974064e-07
6.511285608185121291e-07
7.672240190096155489e-07
3.601121794319627980e-07
1.317355347448368997e-07
2.505837294223642825e-07
4.039723048329084910e-07
2.512547558567317064e-07
8.378027282584704038e-07
7.373597406584074876e-07
4.705263543203401061e-07
8.179093287272972109e-07
