-3.338184577994695279e-08
1.398948110168794863e-07
6.877000256960958667e-08
-3.014685293832515149e-07
-4.731004958444369800e-08
9.377073887870990383e-08
-8.974037508985287651e-09
-1.388276713501311608e-06
-5.025666735537370967e-09
3.291017317323312079e-08
7.056246955643493256e-09
1.996808267759222853e-07
-3.025802199051350802e-08
1.954153008506424553e-07
5.534215778783527232e-07
6.299745900582506110e-07
-2.089992918210268928e-08
1.731582037956387431e-08
6.083765920361355086e-08
2.754361239789828018e-09
-1.823694093877235195e-07
-5.388410915628898026e-08
1.164685226512473649e-07
5.424642584920153289e-07
-6.905481015395949536e-09
-5.060112164987774354e-08
7.100151921393778988e-08
2.396511385778693328e-07
8.512097981339543086e-08
6.784609734843177270e-09
1.601204468170023573e-07
-2.177623470102425105e-08
-5.579538597104036205e-08
-7.448364628145309382e-08
4.964813496026942558e-08
-5.009464521893773662e-08
1.112302146903607631e-07
1.096371661960603714e-07
-2.616595344238614068e-07
7.651687992567366389e-07
4.827603663981771196e-08
3.743681660400018333e-09
-1.226574763694586760e-08
7.775859199141991753e-08
1.917449573073634050e-07
-3.726799179964278963e-07
1.117888575393333466e-07
2.762047845513376510e-07
5.955273063893658335e-08
6.759552161676681697e-08
4.936291283351641415e-08
8.962812764415525307e-08
1.970706593917169630e-07
6.253625161084770519e-08
3.334356687515140564e-07
4.974123207393226530e-07
7.596205895818045259e-08
-4.765761281053490410e-09
4.835113831428856245e-09
-1.389384631259234468e-07
1.683838906092309939e-07
2.049774836723738021e-07
3.487616636824795968e-07
6.186641332203530996e-07
3.165885769509207448e-08
1.008145469189700532e-07
-1.600474290948245690e-08
-5.646900597440937066e-08
-1.502742736116265271e-08
2.354977722739671710e-07
2.036943840816769658e-09
-3.942125740257467849e-07
5.942350362568876611e-08
-4.918707247631751526e-09
9.035092034152921702e-08
2.314760957674658236e-07
1.513460610709318827e-07
2.935249241914482051e-07
6.337103759488526191e-08
-2.075501107918528843e-08
6.784667548038815593e-08
8.021611527760922713e-08
1.648293185015826980e-07
2.079949119064357901e-07
1.801011562375586380e-07
2.583301785274777720e-07
1.547537677796681911e-08
7.156968560790433280e-07
7.306707628813031348e-08
1.366196940470301976e-07
1.279359750553843910e-07
1.391671665606023617e-07
2.131541536162030257e-07
4.006344987377601046e-07
6.287219724833467395e-07
3.211683570614589957e-07
1.548750413978767122e-07
1.530717265942591991e-07
2.659492395262397737e-07
1.969546929147013243e-07
3.117028422210398166e-07
7.391081737173045000e-07
1.799507858962247650e-07
5.908021194638450690e-07
1.945404490623467413e-07
2.117902601424803214e-07
2.074573111024821649e-07
2.803589306700933102e-07
4.059653377377728976e-07
6.950717780573563403e-07
6.922452367296549313e-07
8.014686831584850292e-07
1.797450320670497875e-07
2.321065442646991347e-07
3.095949637758025705e-07
1.405852970613172477e-07
3.899254948390862011e-07
6.112671655810573821e-07
6.578842917912527176e-07
9.635425444566627004e-07
