7.673494293229990926e-08
-2.128822156462049550e-08
-4.030930620755065236e-08
-2.123757360172094237e-07
7.708324346173688734e-08
1.363022934677090968e-07
-1.994160201990060071e-07
-3.370399497955224181e-07
6.566485973695674495e-08
-2.871225178290135963e-08
3.971808472498553723e-08
1.441264850808470602e-07
2.778406750310371585e-07
2.127974397866118907e-07
3.198288419826533019e-07
1.577734116528388399e-07
4.179621143767928498e-08
6.392972824053501656e-09
7.392480641628173320e-08
1.521675994598472497e-08
1.038350739263687032e-07
-9.026426242116164688e-08
-1.393638678529253025e-07
1.948427278138954389e-07
1.074297159595077871e-08
-3.947051998771212188e-08
3.719157079313994826e-08
1.615949723253074269e-08
7.314439447132940188e-08
5.078973444625909130e-08
4.515893161884819198e-07
-2.024844522775967317e-07
-1.301618052287434495e-09
-3.703853880647251315e-08
-3.400874290000072405e-08
5.216524895546505992e-08
-3.576788766491369039e-08
7.863695754273272882e-08
-1.844960367971167246e-08
5.371745316290168942e-07
6.079469068865181168e-08
2.862060286041499002e-08
-7.798067921348461124e-09
7.036107448176316504e-08
-2.551019016571261108e-07
-3.342633508438818317e-07
3.100482933956016050e-07
3.746929348806229695e-08
4.557300559793300368e-08
1.170660697293595135e-08
2.422328715644558254e-08
1.742717052702627783e-07
1.481810873210407798e-07
1.457731133548336994e-07
2.621698491720796195e-07
3.194663201078293914e-07
4.625049675130040328e-08
5.318096652347331035e-08
-5.691276546571014539e-09
-1.651940835745956525e-09
1.112500512389735576e-07
2.256450582918611949e-07
5.174041718134147426e-07
3.850066053763857581e-07
3.494633406933437951e-08
4.800033224112817083e-08
7.126668147578929190e-09
4.443158991964193674e-08
1.136095809210569115e-07
5.117734530634909576e-08
2.885642836613249539e-07
-1.071241136142359074e-09
8.904118034838878134e-08
6.362271387162308582e-08
5.229341174612764515e-08
-5.737166308894006181e-08
3.270359542722024910e-07
2.211665724942688912e-07
3.620350325813917245e-07
6.071562072503751543e-07
7.415183488498417364e-08
7.766487138869612329e-08
7.819093746847185885e-08
1.673657614659976355e-07
8.602037130458970715e-08
2.763541452661048873e-07
6.254476150899033454e-07
5.726251392814651924e-07
5.114808888199197964e-08
1.215680592607301574e-07
1.722484979799454642e-07
1.800375693237300488e-07
2.493324115555837142e-07
3.291215776108310086e-07
4.586791711814076026e-07
1.171495955260594735e-07
1.129141782477328758e-07
1.670092934628597653e-07
1.579694449812041564e-07
1.658286531753556533e-07
3.321458765779733438e-07
1.539347601578664649e-07
2.234782148056938945e-07
6.573865386316277312e-07
1.273523838783438386e-07
1.973322134738007051e-07
1.613249566405328225e-07
2.784146123792410728e-07
5.951198213866504603e-07
5.783658121432753172e-07
6.189014829398267755e-07
7.268511447524448783e-07
1.394989585971829279e-07
2.911276476316596545e-07
3.285457645755905457e-07
2.049766336340205874e-07
6.274402498676700733e-07
7.061077125250071406e-07
4.695205495099665798e-07
3.342722162738008920e-07
