5.504719829302081763e-08
9.375231408619902804e-08
1.236602921062524323e-07
-4.324931509982914275e-08
5.512346414215868205e-07
-4.003956783827576228e-08
-7.208277902074431932e-07
8.148984192551854111e-07
2.242755802337147745e-08
2.673053908747804386e-08
7.033536082027940808e-08
-4.612759073668004188e-08
4.200399664277639372e-08
-5.548572764103517803e-07
-4.126655021210678924e-07
-8.817367030126470596e-07
5.907732593097515764e-08
4.666914451495440038e-08
2.202581270450810755e-08
-1.885806194524618466e-08
4.517135688298669234e-08
-5.623254551958998318e-08
6.612545479341435084e-07
3.282204585968784197e-07
4.243559812968022262e-08
-5.747361193747964227e-08
4.426666007903956202e-08
3.803915942495520053e-08
1.774686715267623885e-07
9.723024413376197675e-08
5.352544011688885843e-07
-1.073170578884064115e-06
2.346511821203680799e-09
3.121061555317509611e-08
2.540905734110488714e-08
-5.661579721905800680e-08
2.734220153720100673e-07
4.580755579872914517e-07
-2.418230270806265777e-07
-3.658366345288747376e-07
3.007748745478881588e-08
3.339369666032148477e-08
6.048046290893451668e-08
-8.157849698030225602e-08
8.442739242275891989e-09
7.257941016394847716e-09
-4.360694748027855451e-09
8.773073035662398009e-07
5.700237835182204777e-08
6.837551192341419878e-08
4.213535359696287733e-08
1.492419742421419891e-07
2.271340611693769537e-07
2.918304143439470518e-07
1.037090456758947017e-07
2.828635398752674203e-07
4.479749229944779125e-08
8.159200214572848581e-08
1.067950109609695403e-07
1.141614089728680130e-07
-5.343841921418018495e-08
2.572515344784835220e-07
4.287143934266571985e-07
-5.316578081261867070e-08
6.032663303101767184e-08
9.738847776362810917e-08
1.032020452414115279e-07
8.893835388634826812e-08
2.707349810073117531e-07
3.769144042129259701e-07
5.106955832280481679e-07
-1.714351983171927190e-07
5.263749081010625555e-08
5.533988470971508992e-08
1.256886681764551689e-07
1.087315697668803589e-07
3.958173927984436128e-07
3.607912631932914022e-07
3.179265889669578304e-07
1.076393464420273328e-07
5.363224507076216020e-08
1.142058531649261093e-07
1.740732654998010895e-07
7.602359089146632501e-08
1.220153600633465832e-07
1.857794488148359504e-07
3.463549474622422639e-07
4.318238783631957074e-07
8.714573948688574585e-08
5.804410740897918912e-08
1.520010732271089214e-07
1.459163538560487704e-07
3.715000233500920467e-07
3.985821291996702892e-07
3.686829443284316010e-07
5.177029055871773075e-07
1.210170140405823565e-07
1.136303603879513615e-07
1.818161700045110324e-07
2.154778026690870898e-07
3.504137976121295700e-07
7.069582895730322540e-07
1.584330246083570433e-07
9.821340944590568068e-07
1.399804570865244455e-07
1.994426978289518451e-07
2.064767499756940418e-07
1.944020394427061955e-07
4.325970121639480010e-07
6.728727399460824909e-07
5.204693335663831554e-07
8.858534205754327588e-07
1.670125380776516723e-07
1.979647010977573035e-07
2.371294618415749152e-07
2.542904295437884855e-07
5.154273967454501197e-07
1.186924680092859136e-06
8.888074805841913115e-07
1.041191953423174496e-06
