-3.781280453347699339e-08
-8.778550624326386295e-08
9.712913722688092787e-08
-6.592508064161938632e-08
4.672782165214274735e-07
-8.232221759317237325e-07
1.021834957082602832e-06
5.975082485927046929e-08
5.116258823857878133e-08
1.400339779346650613e-07
4.036106456431556467e-08
9.611489014177812377e-09
1.692858502623763531e-07
1.993213997049031547e-07
-6.535091593213006138e-07
2.672959309567951006e-07
6.596595612306768744e-09
4.202560150030111255e-08
3.129701244567925889e-08
1.062801611359151163e-08
5.040224611798723861e-08
1.586736350421068364e-07
5.035647217271731961e-07
1.392495375253402572e-07
5.897064310523149667e-08
3.598798310043570973e-08
1.803396454447951141e-08
5.769484543246035576e-09
-2.825704643340952161e-07
1.015970767618881805e-07
5.238599204448131399e-08
-3.289142846722535493e-07
5.352972563670557268e-08
6.622651260728358488e-09
5.045972076754846731e-08
5.328293788668074419e-08
9.464784780850349877e-08
-6.194736717798140833e-08
-1.911730605215654804e-07
-2.058456732483154185e-07
5.254634824579516185e-08
9.956429665179780110e-08
1.630815759289008233e-07
3.252996737444683610e-08
2.739182216965693620e-07
-1.870968224842029570e-08
4.126805585325718326e-07
-4.137711347937633789e-07
3.028887497096421081e-08
2.620657856291992077e-08
3.225189962368250285e-09
6.206912850841253376e-08
2.778440611559584253e-07
2.496507470800906431e-07
-6.256383405070729349e-08
-3.707279456983532492e-08
6.802201141470893117e-08
4.440028620257712002e-08
1.303454203098378312e-07
1.931127755223108442e-07
1.866309139963353693e-07
1.909620279278597212e-07
-1.153362813813437436e-07
1.076451313268878227e-07
4.776091569477095584e-08
1.487737141318186165e-08
4.056617007824205661e-08
2.916751266270079369e-08
1.810506615147279317e-07
1.049245649632082820e-07
4.065324915309579555e-08
8.039686998557941375e-07
6.554033517490996185e-08
2.681796745364309470e-08
1.453572899802000910e-08
2.222698210357111509e-07
1.942883263220045417e-07
2.630436975842455502e-07
3.468668652826320693e-07
7.506753370686120726e-07
8.832517902746253458e-08
8.378606087227807528e-08
7.336449680779443083e-08
1.290120026071223774e-07
1.982559739561403265e-07
1.633332813204951230e-07
4.880421645057063929e-07
-1.006475646682714569e-07
9.744149396981554166e-08
1.080835085351193168e-07
1.091585122596950291e-07
2.252497600730099635e-07
4.055426650016463636e-07
1.865489440185261396e-07
1.812490125895943835e-07
4.218051041013230515e-07
5.769165307017962769e-08
1.638786296846221473e-07
3.222711862074453576e-07
1.669682859356113563e-07
3.213222921551592015e-07
7.718432952094367276e-08
6.275945305082123485e-07
5.613193500079117354e-07
1.463961994520264545e-07
1.671278071169327138e-07
2.085473831506579727e-07
2.915683332408559337e-07
5.580235908240842997e-07
5.282862945621656334e-07
5.159641684679616169e-07
4.866876967283583168e-07
1.881146848141171469e-07
2.836992323819305434e-07
3.001986265492459616e-07
4.110967856404728518e-07
4.163779276948864783e-07
8.547110566700252173e-07
9.399354061864156423e-07
6.281460515244404940e-07
