-2.700156938329422485e-08
4.541119786232882907e-08
1.247758602036117917e-07
-3.640350620264325137e-07
4.093563693125651017e-08
-7.491796938868521122e-08
2.024440778229376368e-07
-1.318488830822836274e-06
2.596488266337961767e-09
9.980866713090825409e-09
6.291474704160985824e-08
5.640435185064136989e-08
9.457567240589769927e-08
-2.164414422482746090e-07
-1.036313459281768813e-08
7.615565386166798355e-07
-6.104540241548545395e-08
-1.567990189550138712e-08
1.021252381903582532e-07
-6.826098916738919989e-08
3.540676486711210238e-07
-1.461898567155433852e-07
-5.708603975669941424e-07
-2.922458815916623872e-08
8.290694420679981631e-09
3.847065643163848434e-08
1.263826127303455259e-07
8.462529136975497667e-09
3.051433298489918404e-08
-2.460304920019101368e-07
6.314130021347759102e-07
8.230359744935042092e-07
-1.281378822805274532e-08
5.086301386660165603e-08
1.011483925435981171e-09
1.354990585845770752e-07
-4.506844184086558977e-08
-3.761070312861426328e-08
4.261946787217016732e-07
-4.089103689216660112e-07
2.918618680087021791e-08
5.184138542582098667e-08
5.419952469501936154e-08
9.416669129663291296e-08
1.179457836553498113e-07
1.770459182069280079e-07
2.696489034295868149e-07
2.243441877024666615e-07
1.632894485275809806e-08
7.816208608254140491e-08
6.479094384875372709e-08
8.617467359922625284e-08
6.571133713119996744e-08
-1.191749122592979926e-07
2.935230998009827462e-07
1.794589365046471143e-07
2.320944018182155884e-08
1.080885146892935682e-07
7.693397976425525867e-08
1.111982356494273138e-07
2.018119677228459994e-07
1.926162029876697191e-08
2.711387977194800110e-07
1.615203463047632924e-07
2.163661159290630989e-08
4.190083111663154805e-08
9.111921863474393200e-08
2.629311938122192304e-07
5.339760045344490480e-08
-1.744185208447229039e-08
1.628025975193250049e-07
3.227778298877901034e-07
8.575034108243650525e-08
8.940636897360338470e-08
1.764105512457949750e-07
1.514492257011779144e-07
2.782088833241179239e-07
2.061246780408562614e-07
6.782534587625232251e-08
3.900778204208895494e-07
6.870712309800018063e-08
1.249965754972381295e-07
1.954409326847139600e-07
2.259254557505152263e-07
3.465759896740785925e-08
5.895320469262208094e-07
4.933894488615293427e-07
2.974645649473952379e-07
8.190779328270122802e-08
6.139263649330467190e-08
1.738794821698378545e-07
1.533332439303708467e-07
1.822013442248980292e-07
2.286115207684785179e-07
-1.023726935793148544e-07
8.641599901084149701e-07
9.849796611290067284e-08
1.601387467991330825e-07
5.678210158860979357e-08
2.140293428611159686e-07
3.661453459522732786e-07
1.855491803739116903e-07
5.276696481153147013e-07
5.418723859863065946e-07
9.662433508655229132e-08
1.841484707032427781e-07
2.780146688128591168e-07
3.336440505060558001e-07
4.094727653978309385e-07
4.434291477421460984e-07
9.194417761654250747e-07
6.132916268476083242e-07
1.108483561081333067e-07
1.487152466531114352e-07
2.864401886170282540e-07
2.913939245942541331e-07
4.755930150262572444e-07
3.381708706351105409e-07
2.360226180889920732e-07
1.326949363663536785e-07
