2.586275278560063709e-08
1.427991437592585721e-07
-6.003365382921803649e-08
1.525841939093375644e-07
5.638523526159233612e-07
-1.674807555307454720e-07
-2.642531865538369563e-07
1.592549647058079719e-07
2.132292855936903935e-08
-2.888045392132588943e-08
-1.723305903437220836e-07
-1.355659964179237498e-07
-1.646325290843147726e-07
7.597233965178418907e-08
3.087031448525745820e-07
-1.226334053197473114e-07
1.844907783434974062e-08
-5.126238605711171594e-09
2.094429457075286893e-08
9.437126422430357222e-08
-1.114762010773998322e-08
-9.871435993208748106e-08
-2.011771682560639654e-07
1.849094388874037607e-07
-4.209510853429773443e-09
-3.184747083504920270e-08
3.678177719299477931e-08
4.409246202906780540e-08
3.540294482238104408e-08
-1.679669882790827653e-07
-2.362020641036454200e-07
8.110962692719720046e-08
-3.142009804852024843e-08
-2.893117883233853361e-08
-7.561761794992650900e-09
-1.219533019204837139e-07
2.800711489069237100e-08
4.250609109323963864e-07
-2.102893502759525183e-07
-2.478652508274803398e-07
-2.026873516034939116e-08
6.690879977434145909e-08
-3.050968973372002619e-09
-6.858115700899429634e-08
5.662144823205928568e-08
1.165629796151981630e-07
1.500127469920655149e-07
-5.693294798873422850e-07
2.915419058739934141e-08
-1.470237055533332283e-08
3.109443827012944213e-08
4.264622623833518206e-08
9.006864127160986819e-08
8.985742362064802082e-08
2.421820938290771566e-07
-2.771302827566006505e-07
9.108758347108428639e-09
5.603173932334999812e-08
7.966467992518102016e-09
1.484903066036819430e-07
2.266212949530248626e-07
1.921042393552506780e-07
1.780610360240987957e-07
-3.135817586261622281e-07
2.791600810942084361e-08
9.226702472061600228e-08
9.408845462107192103e-08
2.145252504542341538e-07
2.150520715816743647e-07
6.723658440775363539e-08
2.707263014409304305e-07
4.590730970174413135e-07
1.986364373871080757e-08
7.921000386010329117e-08
1.309219860387207230e-07
2.307016725702399953e-07
3.168479769713097255e-08
3.965234875398531695e-07
4.002870411375763679e-07
3.847930738777182743e-07
8.818571437947290557e-08
7.923452804518141524e-08
1.096957801815709365e-07
2.774615932720307779e-07
2.023647220186527209e-07
5.483522024933696435e-07
4.762507769692568391e-07
2.809813796389270023e-07
5.799271701989029998e-08
2.991888258725990688e-08
1.398724617131444624e-07
2.273320397808790880e-07
2.250806649006556131e-07
3.075465821246130653e-07
3.005514757687067303e-07
2.374792023695077968e-07
1.472232558207881800e-07
2.178867738864879483e-07
1.371828593558869904e-07
1.973192623295780240e-07
3.766236922469570541e-07
7.953413958587767992e-07
5.201518635269421518e-07
1.326043758774510629e-06
1.404032567933286948e-07
2.001661152991701187e-07
2.307995422571533083e-07
2.894451800390004938e-07
2.937467779189886094e-07
4.880608249370129549e-07
5.060124244448293789e-07
1.016205576603984477e-06
1.553826600239138245e-07
1.741670979280866499e-07
2.820355879452276065e-07
4.233352352808027551e-07
6.294632998113405960e-07
6.286367880449349306e-07
7.650131603002015731e-07
3.883167694598817733e-07
