5.668366596784738962e-08
8.498536307745722852e-08
-7.449236662736459447e-08
2.778407404915043567e-07
-2.215316650626521457e-07
-5.937801548083023029e-07
-4.073421463273569483e-07
-3.114074337400071178e-07
-6.668749307437972848e-09
3.832069327723583668e-08
2.646707317408069077e-08
1.126651974911357854e-07
-1.700928745259777407e-08
1.127790944677353824e-07
1.886209396676953158e-08
-5.232414889188312352e-07
3.098755678556036824e-08
8.523359180454313369e-08
6.908008061437409921e-08
-5.259701574766002712e-08
-5.797502306626605302e-08
6.966006203588115241e-08
6.579250412830377269e-07
-1.981806619320219641e-07
2.913185030985079068e-08
3.366492409237233727e-08
-1.010823859621954923e-07
5.196226253920244337e-08
-1.571981818993572667e-07
3.458493421893559478e-07
1.854580052479816376e-07
4.821210451519642992e-08
3.958601224496041139e-08
8.732533537395019039e-08
1.109961099447484764e-07
-8.269866238595041321e-08
-2.010286411021629345e-07
-4.579846391793796565e-08
4.178079776955428789e-07
1.941015690235745133e-07
5.305848368839281772e-08
6.242281725211869542e-08
5.020981669828298853e-08
1.110245443486120433e-07
7.528047422956433380e-08
2.018222243650180597e-07
2.696623815785568039e-07
-2.929710843356811393e-07
2.542804375364628593e-08
-8.671576067883321762e-09
8.879299055324691142e-08
7.434950667097369030e-08
1.513873595314645589e-07
2.470285836124921752e-07
4.736119794423815345e-07
5.037618486887843618e-07
3.446299373984869340e-08
-1.175486523821201049e-08
-1.618808046526954477e-08
1.586801720117279957e-07
1.542412095786818469e-07
1.587339394375705908e-07
-8.065108693020061721e-08
2.120657842908901179e-07
6.091279864443757474e-08
7.473787733021946828e-08
4.982075525829494615e-08
8.252916311655831762e-08
1.296267157427538196e-07
1.560481387880009114e-07
4.767213036740812188e-07
-1.476859869245856612e-07
6.439844515588325010e-08
2.875889292907988540e-08
1.802706341795601678e-07
1.407174737179557907e-07
1.499552584075504895e-07
5.779534922469140996e-07
2.297686849406466740e-07
3.866422427732404493e-07
5.712666852740671830e-08
9.494432218105266690e-08
1.096214111362663275e-07
1.025393484465202549e-07
3.159913329559153537e-07
5.480505196595132637e-07
7.877646950976089457e-07
2.020011440162437126e-07
6.498124670724558821e-08
1.166980418615632618e-07
1.841997245608960853e-07
1.121470189286865833e-07
2.820254742046345687e-07
2.911467386467496070e-07
7.074461915890239045e-07
3.685810187038130920e-07
1.301401431245082997e-07
1.775953532520315629e-07
1.400840200948422182e-07
3.508024814120419215e-07
4.354997831117812529e-07
6.032980019412238155e-07
7.175852245007412036e-07
8.913942358831034218e-07
1.467862739716265830e-07
1.911850274107997758e-07
2.380432415479899871e-07
3.344051862157945560e-07
3.491118039075656900e-07
1.507485013483176415e-07
7.269421505074696018e-07
4.533783954700558008e-07
1.679844450616650608e-07
2.136657455488055410e-07
3.882712029746571894e-07
5.683612898145004292e-07
4.725426573711847381e-07
5.608112962465374030e-07
6.336999976307323431e-07
2.823349545356132227e-07
