1.374051536735736668e-08
-3.255711222858764420e-08
3.104831289282053878e-08
-1.703415218584198895e-07
2.554650667957210606e-07
-1.574949813890092305e-07
6.334864610061081302e-07
-7.723843856197558061e-07
-6.283581105050881316e-09
-2.825916642043696137e-08
-2.407565086933328419e-10
1.672079129666833085e-07
-7.701239073207785782e-08
9.489885212993570190e-08
5.451975335825620860e-07
2.781292799841452358e-07
-1.309178741520401386e-09
-3.932628912313152555e-08
6.620247212102437627e-08
1.959128096187377329e-08
-2.330942369442417223e-08
4.486936559933598610e-08
-6.040763779948041248e-08
-2.057427044229762284e-07
2.409666119754091960e-08
1.090567274051633979e-07
9.719404278332025077e-08
2.445492285712388160e-07
2.787780474946610688e-07
5.070033794025440988e-07
3.863071076457331955e-07
5.873433765039040110e-07
-9.435119588540692946e-10
5.767789498992180843e-08
4.928377075480640442e-08
-1.065396310714383464e-07
-8.620251024517822981e-08
-4.061994857165339252e-07
1.853240329259688833e-07
-1.750048416450807083e-07
-4.873340830707484912e-09
2.594378232615734256e-08
4.477490674758387968e-08
-9.441150994443910670e-08
1.695141520283526682e-07
3.173846696761323471e-08
1.771423630670771004e-08
-6.525941815735283066e-07
4.451697102754538725e-08
6.232265446771740286e-08
1.316576695765527390e-07
1.288011815301508389e-07
1.407293983684106312e-08
2.407189525263924476e-07
-9.078120047199649202e-09
-4.619360667940054976e-07
4.079442642320945530e-08
7.694881758361084333e-08
6.586963010876382284e-08
8.629705658467829558e-08
1.331126168627434949e-07
3.200503107784170020e-07
-2.591205180874959953e-07
3.753846039029247192e-07
2.052974044216495187e-08
1.278986418157599158e-08
7.102906206306689046e-08
1.040767546474055528e-07
4.069701169177553755e-08
3.255251381689585314e-07
4.482291403422440210e-09
1.478454240676164308e-07
6.440372749275517138e-08
1.146990863179418184e-07
1.185726651484592808e-07
7.941116773089561711e-08
4.094626933945686362e-07
3.894010638818478783e-07
1.896628671500342210e-07
4.952160410225147664e-07
9.832278176350705418e-08
7.765210548270222235e-08
1.715162158364011728e-07
2.077872841679176951e-07
1.649756426109900172e-07
4.544674893264504843e-07
3.071813412920100251e-07
2.505410267426798993e-07
1.153008687918412256e-07
1.394764504110296882e-07
1.396498952906635375e-07
1.451432790568700015e-07
4.900160900961475511e-07
2.520648985465419491e-07
3.717565084245601508e-07
2.439760562784096498e-07
1.015829519977548615e-07
1.759811903051034583e-07
7.192675093826900923e-08
1.911491531908348412e-07
4.005240665135417507e-07
4.505188944137674404e-07
1.349580294877292828e-07
4.489487098827245685e-07
1.192345011922679939e-07
1.557034316530087247e-07
2.879188595354378390e-07
3.887385341682102097e-07
4.340060298788808580e-07
6.451466613258532979e-07
4.616573029957229897e-07
9.066410622141872215e-07
1.728028859583243369e-07
2.647722858748655880e-07
3.970806245486088336e-07
5.160793864850913178e-07
5.416255769856019847e-07
5.628236918075131447e-07
1.110177620180022561e-06
7.517015834047870527e-07
