2.674032804059979982e-08
1.115231172120749276e-08
1.648284023570443730e-07
3.654166010056454259e-07
-4.153351162055216560e-08
-2.601494668584936524e-07
6.815201197588935432e-07
-4.189138400568199662e-07
1.530541779100756859e-08
-3.572341413848433611e-08
-6.576978291866738649e-08
-1.615094021107749784e-08
1.905720054498380877e-07
6.729134674420748978e-08
4.490752127614217300e-07
1.124842168613109111e-07
2.179430323249974479e-08
4.166091511295660907e-08
-8.357937277669299831e-08
-1.682940284741818887e-08
9.788607409356016001e-08
1.155581230628509343e-07
2.207445539206989019e-07
-6.064297376122035548e-07
1.441979808181739347e-08
-9.474730245382483943e-09
-3.608164522236663073e-08
-2.402639900398881481e-08
-2.523198496433446253e-08
-2.092887026664428692e-07
-2.146285913228110666e-07
-8.268601338035450977e-07
-7.831178645883212072e-09
4.447028876157219297e-08
1.448232922983516587e-07
1.820081304350187768e-07
7.232867363669852353e-08
-2.586160890081690733e-07
-2.153539467842517122e-07
1.298468175402589681e-06
1.851748363076351033e-08
3.332111652015108270e-08
1.678474298508696642e-07
6.201269408834669037e-08
6.919215758349245190e-08
2.923688458403761245e-07
-1.722439574188518035e-07
1.084012029170817354e-07
1.793770071538990087e-08
3.512108498947137841e-08
4.742140728101909417e-08
1.169950203778014333e-08
-2.284472070324670282e-08
8.183340151540918654e-08
3.442973866437460721e-07
3.311494685977338130e-07
3.444468087656417422e-08
7.067116173927088754e-08
1.380091739170440526e-07
-2.840457199487459483e-08
3.335086451053906532e-08
4.156953762748416030e-08
5.283759033900093704e-07
-1.152654121678855623e-07
3.317060447753310060e-08
3.095240004134398912e-08
3.103622464821792251e-08
7.115106939817810355e-08
4.763356360760565584e-08
2.295652476261782918e-07
1.652677947256167979e-07
5.026992629237416716e-07
5.299015269678850839e-08
7.725664975236651896e-08
9.764887757169207002e-08
1.433758153586367576e-07
2.400463490181067848e-07
2.978425089125268757e-07
1.901376491399662940e-07
7.704323673735026267e-07
6.353422250522475545e-08
1.075502305245117927e-07
5.878616674222372519e-08
8.456376322686640875e-08
1.577018821655077104e-07
3.528216389577116371e-07
2.953081973767987814e-07
5.935526884234162336e-07
1.020331685379894280e-07
1.032115150261341020e-07
9.095572414094212867e-08
1.639168585525994896e-07
2.457830509904068466e-07
4.574095848715801117e-07
6.190899693360326479e-07
7.639470970844649205e-08
9.030667502298913748e-08
1.477493862542072192e-07
1.957197659653992664e-07
2.368921216390051132e-07
3.399820043614351206e-07
1.168776683438564489e-07
8.620383766478787132e-07
6.008048817631510138e-07
1.363662984865961958e-07
1.865965447906977654e-07
2.529721638894845770e-07
2.660083384362805097e-07
3.777373031866694950e-07
4.682761476180945606e-07
4.709700459975214718e-07
4.686314097713399232e-07
1.675626884642528386e-07
1.454563261596667631e-07
3.153531601015976874e-07
4.314344513412588198e-07
6.868209942348620773e-07
6.390152122845529461e-07
5.289948506041543940e-07
9.723614643006873490e-07
