4.886684440660661889e-08
6.911169322788110048e-08
-1.379108401604781196e-07
-5.506219529161983127e-09
-6.812295128667331297e-08
2.296317202019860288e-08
-2.765090910470845139e-07
9.629156594536721950e-07
6.877851600735121488e-09
-1.011037241887028946e-07
-6.061758570991355701e-08
1.328219607997508372e-07
4.501359476043620787e-09
1.480647524982177615e-07
2.238191393046165814e-07
-5.718694614631065307e-07
1.713807225176558893e-08
6.755071496116466995e-08
-3.570087953082692651e-08
-3.513928560133489042e-09
4.526219885748216622e-08
8.133033667638480826e-08
-7.508666142120815376e-08
5.836237324065092360e-07
-1.245652063183398766e-08
3.949091587168466535e-08
-4.288644045555397845e-08
-4.677015354349721530e-08
-8.385303945446069058e-08
-2.039420382653600629e-07
8.190241765651987670e-08
2.344931794319963007e-07
2.256927117555533280e-08
1.847521310834407699e-08
1.083836149660477358e-07
1.821513183428719389e-07
-2.038590169794455359e-09
7.187339194496931861e-08
4.364042125395383313e-07
4.514763324239087282e-08
2.617321867160506083e-08
5.998154563902529747e-08
1.439793567841535584e-08
5.371204547497598429e-08
2.744893624151921183e-08
5.537749954377298212e-07
6.988875179425932185e-07
6.646546823572767000e-07
2.529654509864811925e-08
2.456011205455235843e-08
7.497574406035225583e-08
1.666067965176222629e-07
2.418844426557813376e-07
2.327274887117676223e-07
5.892114718481615218e-07
2.290908717783142015e-07
2.531869432945840310e-08
3.779119709959769807e-08
1.436349829962760659e-07
1.123085222833506690e-07
-2.266236971820414268e-08
2.787948288305072955e-08
4.169617524258306193e-07
3.716076304153929604e-07
4.579637925901667355e-08
3.193721089463799633e-08
1.753571821129181987e-07
1.565501626914409499e-07
3.276780189734638546e-08
2.369864626551239585e-08
4.559460018595292795e-07
6.630468417858415139e-07
3.306297256283723432e-09
7.161681125663548625e-08
1.368676253198211332e-07
1.418639949802815104e-07
4.264859957789474661e-07
1.920567322308398156e-07
-9.038820126938833660e-09
2.894545236630196819e-07
6.800366353946046081e-08
1.105361129942729630e-07
1.574537012269877062e-07
1.389686096528472721e-07
2.184367867556349461e-07
1.031378721511268962e-07
3.600439569910858193e-07
3.915061857344271379e-07
6.877092577973291730e-08
7.101348356549321841e-08
1.271731299247940540e-07
1.723211715457037125e-07
2.619380343935946545e-07
5.500346594413656503e-07
3.960900720588717461e-07
5.154038250217587688e-08
1.118282601479065414e-07
2.399231202054110308e-07
2.921022825451069890e-07
3.716543878198263035e-07
4.709558019327032804e-07
4.041763137948019603e-07
8.027065058370839566e-07
9.556797511743277867e-07
1.435036903145146090e-07
2.403334369052867437e-07
2.436066957799362093e-07
2.988493580682639269e-07
2.363775989839778973e-07
2.910274818158019430e-07
4.343729427575005284e-07
4.498167894270899329e-07
2.036480604710102504e-07
2.461441112132217403e-07
2.319706596632644247e-07
4.151248964818967900e-07
6.184326906845965689e-07
9.463236106053839092e-07
9.490532627696404128e-07
1.241517403940628200e-06
