3.498397835375890525e-09
1.769151180734857703e-08
8.537382313170335354e-08
-8.841620480753449191e-08
-1.858220097455051570e-07
-3.595668610699366831e-07
3.084140605191887961e-07
5.125504522115991193e-07
3.524871943598088103e-08
-1.016340276510604506e-08
-6.956676843261406640e-08
-2.674365311545768761e-08
9.255315884429230505e-08
-1.695617254053296852e-08
5.247501724628043489e-08
-8.786825165488730604e-07
1.713864741952569985e-08
-1.497054313095702312e-08
4.367035391953343864e-08
-3.061729588878865420e-08
1.441373301404581481e-07
-2.013894518349375276e-07
1.189430161543765326e-07
-2.986543306580112731e-07
-3.605377219689630911e-11
-1.001637371468810403e-08
-1.381755457961316635e-08
6.459827425426803628e-08
-1.597655736930467669e-09
3.282817245372397316e-07
-4.032355662487598246e-07
4.934876434147652272e-07
1.977323442609443785e-08
2.072097773008973560e-08
1.317447800512727196e-08
-5.895632450403273828e-08
5.389856675900003125e-08
-3.923947954999309273e-09
-3.940787497360883673e-07
6.647687809161266270e-08
3.237551701069668254e-08
-2.954968334777866342e-09
3.954932199116918096e-08
1.005895752991891592e-07
-1.179023038699399010e-07
9.008775177261509664e-08
5.541106677096752928e-07
5.239654678842569553e-08
3.234875840956311093e-08
1.833542816295904664e-08
8.800459697275028187e-08
9.829100835885250181e-08
-8.376343621159655978e-08
2.408873001255458285e-07
-8.276087058668470577e-08
2.576872372920504579e-07
5.139276616748706774e-08
6.456207087622978434e-08
6.359248985758291960e-08
1.219039174619287239e-07
3.408362690651039501e-07
2.611222031745383343e-08
-1.646674893648420267e-08
-5.848089372489154701e-07
4.129466593605798534e-08
3.730364326739267410e-08
3.817007878742974880e-09
1.248759864623297085e-07
1.265648789652141898e-07
6.087851638929962808e-08
3.665290807647649633e-07
-1.234358620769675248e-07
3.260800159070433328e-08
3.711030239942603249e-08
1.042435829076507371e-07
2.011985126569803306e-07
1.045376231146983213e-07
1.489178567109577305e-07
1.839579386275400013e-07
1.986476949300816109e-07
4.340204209972604670e-08
5.108669175903625961e-08
2.712359093421380695e-08
1.322736256991043870e-07
1.617536276224426946e-07
1.897007757646567335e-07
2.995530853111132160e-07
3.659280926655215248e-07
6.673296382624362622e-08
5.023334992847065796e-08
1.306804984096926671e-07
2.610996875738965374e-07
2.871093577084968225e-07
2.198417018399668840e-07
4.950845819202631853e-07
6.868049172453247543e-07
1.170209064319833646e-07
1.367635460878728793e-07
2.101578630980906514e-07
1.554314964291295326e-07
3.572486567071972784e-07
1.071518189288856391e-07
1.118538120653034628e-06
4.009185199652021899e-07
1.503873404019618652e-07
1.971309749400201234e-07
2.095183616609823421e-07
2.074252964912423507e-07
2.866034596332874516e-07
5.275835818612444495e-07
4.624772052771565606e-07
3.950034566983835022e-07
2.286405340707912213e-07
2.021210861958225640e-07
4.303953092534385770e-07
2.730090259861802816e-07
5.690171633200724440e-07
6.151050223576726338e-07
7.651189499543575380e-07
1.253452625348199294e-06
