-3.487516191498206394e-08
1.217931342188455406e-07
-6.035424782793065525e-08
1.656833016777735252e-07
8.070499890990224697e-08
5.005877195736977928e-07
1.267723127137700121e-06
-5.999526356475908855e-07
-3.052123018213143273e-08
-1.498327450219771868e-08
7.178046599803728687e-08
-3.381747792157791565e-08
5.388556733266553406e-08
-1.992768240152117473e-07
1.894746063120912426e-07
-1.901484285671692982e-07
-4.344955494055189494e-09
3.604376530364531347e-08
5.854889180387401665e-08
1.072684417733112392e-07
1.334570034051272423e-07
1.837181569829098313e-07
-1.342238122783794471e-10
7.338425445586429273e-07
-5.369783154524448627e-09
4.511235677559324373e-08
3.309345780773881821e-09
9.826795718222780266e-08
-6.218444508033696800e-08
1.447545449417432365e-07
-2.151403474720467971e-07
2.301040390344657337e-07
-5.336513650890394474e-08
5.479414522294376090e-08
7.177103017832917253e-08
8.439821891187784150e-08
-4.020048469909721836e-08
1.609820747331694934e-07
-5.381911062784495006e-08
6.456282855647985161e-07
4.811863940039363522e-08
2.781731234930770907e-08
4.782829124250329608e-08
8.517237955959808866e-08
1.798096109960344946e-07
1.168829892147114320e-07
-4.474858129747126230e-08
-2.126355675740502061e-07
5.564232107455872784e-08
5.730478494307422127e-08
3.360663135787524768e-08
1.503222330120619998e-07
8.454857775117338067e-08
8.145383324857842720e-08
3.151496342413025430e-07
2.719115804486391714e-07
8.834513723114450020e-08
4.520480273743334569e-08
8.097420930824607408e-08
4.766747022674116129e-08
8.596351699647300402e-08
1.770888645903140574e-07
6.836868830893230640e-08
1.296577908172202131e-06
5.682924772652455888e-08
2.819687923566817245e-08
2.462023456755311597e-08
7.635249864627883406e-08
6.752415654452624722e-08
1.361565777147582113e-07
2.797593314908909766e-07
7.787652779204124682e-07
3.639271365744595487e-08
1.215500056489487254e-07
1.296768697796179441e-07
5.803972188201435182e-08
1.286296092723884768e-07
3.086095420614257589e-07
6.892431910626859218e-07
1.926276607849154488e-07
5.109621366990196804e-08
1.665447763306361294e-07
1.061982768506090188e-07
1.322727575228896920e-07
1.322630995198271502e-07
3.929155477636512825e-07
4.654302184375674294e-07
4.287658270449993637e-07
6.115891926466028428e-08
1.327870414272832553e-07
1.590847148117087282e-07
2.623893208335933706e-07
3.046291260877522971e-07
4.713964365033200943e-07
7.471012035346383382e-07
6.744019982876185064e-07
1.211309766476390027e-07
2.445016973570686057e-07
2.033660298551033667e-07
3.046781708438966802e-07
2.218982834336111612e-07
3.791963645272187171e-07
7.989241980109636682e-07
3.533144132564097366e-07
1.129835646888497109e-07
2.021649361216297393e-07
1.971833032388844009e-07
3.120533901370972129e-07
2.715197618737320266e-07
5.530108153099439586e-07
5.756267488874186137e-07
6.166347836430394840e-08
1.733210255282409856e-07
2.924969228885861703e-07
4.097108785268078428e-07
3.750090905402770029e-07
5.415307186654904566e-07
7.508816596927873415e-07
5.301326385857818708e-07
1.243708195834100476e-06
