3.347200693862237382e-08
4.478065211960794490e-08
-1.769095550577499000e-07
9.830537406996321341e-08
-1.927916141956802275e-07
-1.339963596036400775e-07
-1.388555345673852021e-06
3.822163383568739278e-07
-2.971111610698411035e-08
7.817551881496129862e-08
1.056452924360422028e-07
-1.032528257454835489e-07
2.171433742112728152e-07
-1.550191312921732870e-08
7.750641522637351231e-07
5.894038930212915071e-07
1.566466148292428358e-08
5.557856635149897120e-08
4.458254131869335932e-09
8.691454834857001501e-08
3.553670987312630581e-08
3.734604457016901237e-07
-6.029834487254645858e-08
3.771006893807790753e-07
-1.626460348864016791e-08
1.995168911505796683e-08
1.171334086231725271e-08
-6.385748566958015336e-08
-2.426491132207800682e-07
-1.461385429358591372e-07
-4.800279462412216473e-07
4.190349432366648153e-07
4.136051293320253430e-08
-4.233751301985870592e-08
-5.773776511915423412e-08
1.626124457131997168e-08
-6.890550462039442849e-08
2.648867069910117669e-07
3.689090439823099409e-07
6.921657122429719764e-07
-1.078050335664050212e-08
1.058008551316282440e-07
6.407594690993894774e-08
1.381661643500613336e-07
1.120091756153951451e-07
4.129896716709038993e-07
-2.630863385476273006e-07
8.079050812431464554e-08
3.396022623342398329e-09
4.874382331425807368e-08
1.678680111502052177e-07
1.128361933672255267e-07
1.423857250876460430e-07
3.283010821529950109e-07
-1.081209295195734506e-07
6.743256459205313281e-08
-3.964813562804721529e-09
-2.139629467180613260e-08
1.066455631178119371e-07
1.124268957926701422e-07
5.444454118664271541e-08
1.148574245845261312e-07
5.015668914491968803e-07
1.224980943638534180e-07
4.202853962257629753e-08
7.980973157352681749e-08
8.406310212663699998e-08
9.574559695307750786e-08
2.135533237280687450e-07
8.410802366542592538e-08
1.822706078264536285e-07
4.075530866882175429e-07
1.072594255922336189e-08
6.199847383319612698e-08
1.078339031303667517e-07
2.103861260714337783e-07
2.739465858063552368e-07
3.586339218697002488e-07
4.504396669798274457e-07
3.028750378293316717e-07
6.508252572519007548e-08
5.211272589248306086e-08
1.590400014590061519e-07
1.466080409206991623e-07
1.760751127464639605e-07
3.627266104716758595e-07
3.821965621034374306e-07
7.457435757248059912e-07
4.660717673980648222e-08
6.993344670768834938e-08
1.324676725127044836e-07
1.183949593897049094e-07
2.598277113067554960e-07
5.118261458183567427e-07
3.353287841777362140e-07
3.280814438559276439e-07
7.341003333201360289e-08
1.101249942391480330e-07
4.147994457296910713e-07
3.865094617540923514e-07
3.575602560051164586e-07
7.331003506795315656e-07
5.672504108392054683e-07
6.973800337122253003e-07
1.331563622449049862e-07
1.524602750630639273e-07
2.518884384094490160e-07
2.795556758491040795e-07
5.247571867680856168e-07
5.235849620371823450e-07
5.824796171529704434e-07
5.098012753315211170e-07
2.327538889011349913e-07
2.939395558699657000e-07
2.866989366789037344e-07
2.735791278952369057e-07
2.007012370119532010e-07
1.632816893211949492e-07
8.597488181487439152e-07
4.027107457147543928e-07
