2.952365355136953294e-09
-9.729028505768858957e-08
6.191899922222932076e-08
-2.766149761714597291e-07
-1.706413354939701299e-07
-5.554140187613106045e-07
-1.794341431696451415e-07
-7.576677473945309673e-07
-2.556615853074265517e-08
-7.913026164769738993e-08
1.779561035098306780e-08
1.828661300740294483e-07
-9.190674228348159288e-09
4.967764780868984479e-07
1.734292066554777071e-07
9.050240741350061415e-07
-3.276750662419019975e-08
7.414329778760475466e-09
2.906751284272120469e-08
-1.287613663443751429e-07
8.700636431868444866e-08
2.575045220683044343e-07
3.201578983796912283e-07
-2.282634237200595682e-07
2.040945755206745564e-08
1.575866306372859585e-08
-6.416461780379260964e-08
5.257552242719232555e-08
4.165202017487679549e-09
2.104257263173831591e-07
-3.383684544158090912e-07
5.427203736186515913e-07
-5.309345458588197943e-08
2.222648605692125202e-08
1.286190172634805077e-07
4.257958904525665220e-08
8.849679439453833378e-08
1.123246565083104318e-08
-1.597273564458670319e-07
-2.104347448409338493e-07
1.644260175965433099e-08
6.407062432645671955e-08
-2.800435515333060010e-09
1.430238180344049685e-07
6.103478347196692753e-08
3.173811514900870099e-07
2.975811200166041567e-07
-2.664754883504084038e-07
3.235655497236786976e-08
7.238529555510383018e-08
-2.331096801599807586e-08
9.318808707414068634e-08
2.002445007834928933e-07
2.104415914459596948e-07
4.324926605033110448e-07
2.326508911371566420e-08
1.038710118805615067e-07
4.484137322916735206e-08
6.678411984709850550e-08
8.356113714045339885e-08
1.363827467995892450e-07
1.479724029169822769e-07
1.285519738125671567e-07
1.167411990383709831e-07
4.352433406845290850e-08
6.281385113779628402e-08
9.359191943049626919e-09
1.425303039079676045e-07
2.701852458770747929e-07
4.359781760230947417e-08
5.504566901821628303e-08
1.294044853309814041e-07
4.830633706178098254e-08
7.911749651878648347e-08
6.335355158202995322e-08
2.425813565547858690e-07
3.716482545381693068e-07
1.690830178668673766e-07
3.594473759646180739e-07
1.942688183637457051e-07
5.287347669889244929e-08
9.420010383937714537e-08
1.111666539098304387e-07
1.913979328952915071e-07
3.166312492692566611e-07
1.291681902057320044e-07
1.477364406125408506e-07
5.971093035134577580e-07
9.089519593231443487e-08
1.553164546684716704e-07
6.148527834144733252e-08
1.185599296557273447e-07
2.616837994012106696e-07
3.342753391699186004e-07
5.988088343107572826e-07
4.763309772705809971e-07
1.032073694800998966e-07
1.507308511418110406e-07
1.885261564676420862e-07
1.972190535182378596e-07
1.012195386625580328e-07
4.272842042735944497e-07
6.972292124696539917e-07
4.802443214472013366e-07
1.289895524311513723e-07
1.929340687672840086e-07
2.815730496886676393e-07
3.543485543098130891e-07
5.231619725014534979e-07
8.026935210077451209e-07
5.671823606085237276e-07
1.123322786509542381e-06
1.590382569083880435e-07
2.267750369501973671e-07
3.366980523834496101e-07
2.868152001666106680e-07
4.125484231643987406e-07
7.297094641996472558e-07
1.056596802238160483e-06
1.280785863969737261e-06
