1.569618569154085239e-09
-4.845502116781705556e-09
1.145756574788600244e-07
9.787172960130723423e-08
2.959513513941874585e-07
-7.941900364308980925e-08
-2.436795741884754307e-07
-6.792205669976643682e-07
6.153795307342481920e-08
6.214209676781250244e-08
3.809285919625411970e-08
1.439462029446891514e-07
-3.693142972195130347e-08
2.276463899036950383e-07
-3.569631779338482906e-07
4.452505675111017835e-07
1.012621913230453910e-08
1.546238924502567552e-08
-3.464884584259787116e-08
5.707481506494657264e-08
1.128356338074910381e-07
2.667420392865063564e-07
1.730028902363568962e-07
-5.289066992861843543e-07
-2.295845891315602496e-08
2.726718757582370983e-08
4.792469094895449061e-08
-2.661901056377997954e-08
1.391471653287415186e-07
4.255397548445411535e-08
3.198891808117928606e-07
7.190603150114578800e-07
-2.318392361799145607e-09
-2.266732968352893608e-08
6.132438356348554480e-08
3.313040072282427012e-07
4.283729388402990160e-07
1.057318295769112802e-07
1.035020853407295379e-07
-6.231560629986416654e-07
-8.516297789071475624e-09
2.879137685011323247e-10
7.666345924524424216e-08
1.843378424677845614e-07
7.634893839898971254e-08
4.349990892944943454e-07
4.097656825799398505e-07
-1.271816677481467376e-07
7.828693114615612996e-09
3.942597722861917647e-08
5.197324846029370243e-08
1.064249583705452780e-07
5.849131639432585770e-08
1.520242537446183821e-07
4.009855540125922680e-07
3.707814941877889335e-08
2.307781407029963199e-08
4.605736094971631196e-08
1.055995817601363614e-07
1.324030446626198972e-07
2.493935439210220953e-07
3.285235589364757310e-07
1.354185411513520614e-07
1.166311695198036171e-07
3.631215166836841971e-08
5.414678553641886764e-08
4.916523164580069098e-08
2.011721670841383701e-07
7.361884973935474460e-08
8.168334319156034353e-08
2.883103832479152462e-07
-3.287117041350869557e-07
6.285996753867765151e-08
4.529100734338426230e-08
3.959343227036647929e-08
1.132310101201342592e-07
2.187335156605545868e-07
1.483348036219123533e-07
4.718255439015327303e-07
3.441824248643582723e-07
5.949275080138930152e-08
1.674270435677473163e-07
1.037918676238438167e-07
7.032220043074117187e-08
2.885541861138323515e-07
2.948393984527906190e-07
9.332453015701450996e-08
-1.184183200223564467e-08
1.133564712034886416e-07
1.268946136723803368e-07
7.872747373986299964e-08
2.121173744129283496e-07
2.668185973945127908e-07
5.151485910376162316e-07
6.247260339812383487e-07
4.018267088011992153e-07
1.176291210256254229e-07
1.320349060061767567e-07
1.570199399044069386e-07
4.487351107979210006e-08
1.835843139135739053e-07
4.893080061131346422e-07
3.569815048386288591e-07
8.803598780406038054e-07
1.142605799055595636e-07
1.618811712945116125e-07
2.522259589137752571e-07
2.324330241872225860e-07
3.140795681337130300e-07
6.532863423371119800e-07
7.736618513744668057e-07
3.666395708338744837e-07
2.328913747575927506e-07
2.822198606021728385e-07
3.015985033819303555e-07
4.658666241140233513e-07
5.651454858872494710e-07
6.999605361427385656e-07
7.208207524465831330e-07
1.712156517417289106e-06
