2.796452783523810350e-08
-1.319104927074692105e-08
4.857648510214544690e-08
-5.331948597130910672e-08
-9.398916890933990606e-08
2.986261455829197230e-07
1.036827544610295681e-08
-3.868672658715083094e-08
-3.287946754587983864e-08
-2.885621682585638223e-08
9.277185118430253136e-08
1.801505370365312581e-07
-2.047351423757978656e-07
-1.629068000393306051e-07
3.167081464113262729e-07
-5.072957318530987309e-07
3.682612987571334365e-08
5.970716637883503554e-08
4.374802242356960124e-08
9.120798747592438501e-09
7.606232530426736115e-08
2.134816386507946991e-08
2.585602386759208274e-07
-6.088435075888239073e-07
-2.189484930576469295e-08
1.052125775395388096e-08
-8.325421381248230523e-08
6.021709056018698474e-10
-3.142652162418271832e-08
-1.356655425534152477e-07
4.257391861450586385e-07
-4.556613998373031438e-08
8.018661148410700720e-09
-1.655255832215069165e-08
1.938047696885351858e-08
1.710984177860946162e-08
3.067367787555545183e-08
3.441143251175392097e-07
8.340718127755986739e-08
-6.006942889561730941e-07
1.640128122633419417e-08
3.936729389588347657e-09
1.239041053467220374e-07
-1.326293509392641034e-07
4.905365719203801765e-07
3.091038845176158940e-08
-3.785363477550737404e-07
2.930752073419272479e-07
2.574195776831602084e-08
4.993934678202513971e-08
4.121024313694854280e-08
1.627274006030695851e-07
2.127353230446165465e-07
1.796503257119004988e-07
6.809264442630465993e-08
-4.319293785564688271e-07
1.458412000586118209e-09
7.431626912248117421e-08
2.852037691271804352e-08
1.592483683326374708e-07
1.360813936169062275e-07
4.439160262931500077e-07
2.755414542516218023e-07
1.658092759124310286e-07
1.269699883213886930e-08
5.346155624117667373e-08
7.600215106114215980e-08
1.973264996094018639e-07
2.672976697934413640e-07
2.560811191252368753e-08
1.109138366129250683e-07
3.462530982966121794e-07
5.142834677757523984e-08
2.732882638775362774e-08
9.937727817618860329e-08
1.790008352048767952e-07
1.455618272366600504e-07
2.535435958279066227e-07
2.586404556128000689e-07
3.280680481888797829e-07
7.544303061734789234e-08
1.283678458859197223e-07
1.318101073467809579e-07
2.747852673068883195e-07
2.676767959934987539e-07
3.224719921569580917e-07
4.660290990347151279e-07
4.923805298999603625e-07
7.520870724052907860e-08
6.124017225453250037e-08
2.029300652906952775e-07
1.642367962475667578e-07
9.846220279909325483e-08
2.811306536551642780e-07
5.034940681263511673e-07
4.034466957671481101e-07
1.268576380538613897e-07
1.512375921521365370e-07
1.834211864996142824e-07
2.666330946401202149e-07
3.875263172744395853e-07
6.506776870285056508e-07
3.486924149266604528e-07
4.501276944037970378e-07
1.406173754491701154e-07
2.217669297548410181e-07
2.246411322508299959e-07
2.071492308165845329e-07
4.479791795104800277e-07
5.605145837574898481e-07
6.882152079326031093e-07
4.340761726934323803e-07
1.588941053174299152e-07
2.781477844781942446e-07
2.089244864071745227e-07
3.198609289228746212e-07
6.342500935310662833e-07
4.157894176520145124e-07
9.107678682968914446e-07
6.409610315769682161e-07
