-1.130311902963916538e-08
2.034947015111419103e-07
-3.436341535969248613e-08
-3.375337512132841205e-08
2.120114934420141578e-07
-2.547642299234411170e-07
5.447460218819033049e-07
8.805590271147719146e-07
-2.254192302998754339e-08
5.343433226248428768e-09
5.117832359525703968e-08
-5.255287268440776947e-08
-1.270897318418498323e-07
-4.315009797569379143e-08
-2.272603987357606105e-07
-4.465261538974217032e-07
-4.309835291007555768e-08
4.419911971395036566e-08
9.001272872983280277e-08
-1.253414874886827187e-07
6.503936221253094974e-08
-1.927809916153354801e-08
-4.813923172032622172e-07
-3.254969055540192029e-07
-5.679261972826373973e-08
2.607786198292036412e-08
1.037884969112779895e-07
2.494439763353408326e-08
-7.469356333493389706e-08
-6.635811416406972036e-08
8.614981900777390200e-07
6.436384441883597775e-08
-3.460401842050601511e-09
-6.187450068276867095e-08
-3.879028159766899414e-08
9.788606209123718156e-08
-6.911554011735357653e-08
9.715357749902623003e-08
-1.750979096092581048e-07
-5.602732247671323514e-07
-8.771507032032971968e-09
8.102556466101217089e-08
9.540671530600764621e-09
2.227630587448574337e-08
1.886505711739446133e-07
-9.672138257995958679e-09
2.337050377988761488e-07
5.128254016016421158e-07
3.485564514145001613e-08
6.599118109081265873e-08
9.670143530463589233e-08
1.041567989716010330e-07
8.760379689330566495e-08
6.453113316202611674e-08
1.887796527904834216e-07
9.436886943693306931e-08
6.445108662902247587e-08
9.049646064830649057e-08
1.000517126245992257e-07
9.316767796449028853e-08
1.179497227688488066e-07
2.519026149579674017e-07
-1.770098520850116286e-07
5.620902108454049963e-07
7.370499292880212779e-08
5.394299311034999962e-08
1.101439680610137948e-08
8.687719364676427857e-08
1.079652977206124391e-07
-4.720706120519718913e-08
5.198279153190160309e-07
-5.920488892140347478e-07
5.921319964923457720e-08
1.040707585039089810e-07
1.334389740125596123e-07
1.484961082759080948e-07
1.096737529444098338e-07
2.944939192553051673e-07
2.821301966637683383e-07
7.925451248999586169e-08
3.270146398834341562e-08
1.301439496579669125e-07
1.328216658936583512e-07
1.568783645256616132e-07
3.253073382837898370e-07
2.003386155053407939e-07
2.198812833913626559e-07
6.949560591978369013e-07
9.059074553303714067e-08
1.364907168808437529e-07
1.496745447501158167e-07
2.169588694887568094e-07
2.966292849957292370e-07
4.999612253995871922e-07
1.461567862136634995e-07
-2.126409490381792474e-07
1.308995214204185536e-07
1.949810796603468454e-07
2.308480155350577476e-07
1.383210585643496344e-07
3.298975268278224335e-07
1.119540587266877731e-07
6.842367910176655048e-07
8.990774018689816587e-07
1.506686335730175534e-07
2.121711841752462267e-07
2.330069497614101885e-07
3.232417569847714549e-07
3.979412970748840339e-07
6.940173348021938096e-07
9.781533216214216823e-07
8.563147575212474731e-07
2.255683359112554315e-07
2.347728867821335648e-07
2.259211775933792254e-07
2.935020580960103130e-07
3.794660914049496741e-07
6.583815174308880893e-07
1.039014871503350995e-06
1.117162810537878688e-06
