-8.778630469584610964e-08
-6.604085293555562739e-08
3.597879612658686565e-08
-5.040298815649514802e-08
3.595593405269616028e-07
6.408607088554745404e-08
-1.881130536963197583e-07
-3.853459381978924416e-07
-2.426104646428302731e-08
-7.907654786361978315e-08
6.214467312464837253e-08
1.283963422143992361e-07
-9.829140305645611830e-08
-1.598852680069821965e-09
-4.829456699565705391e-07
8.758742038394893450e-07
-1.244789612624681968e-08
-3.853186940526229005e-08
8.014309031736416123e-08
1.699590076872681262e-08
2.518207895979188545e-07
2.707996770836258250e-07
-3.355673145745368669e-07
3.790163583766581731e-07
-3.844452698206133366e-08
3.133166285359249319e-08
2.374760879545451978e-08
-5.186244859090450613e-10
3.427343281454349506e-07
1.326703526482044194e-07
-9.009173949680121151e-08
8.415212170512144723e-07
-6.299360013865023387e-08
-1.040674296322028354e-08
1.014189715107771499e-07
-7.588845583613381080e-08
1.559399919166731366e-07
-3.490526726001031730e-07
1.919443361767865387e-07
-8.308121541959614077e-08
3.471453156015056050e-08
4.436949635128445964e-08
1.243019776086396465e-07
-7.013766656039708578e-08
5.605345920471956818e-08
5.924246667195684039e-07
8.648621398764219269e-08
5.627806859638928528e-09
5.251290648212739977e-08
3.241121403357811342e-08
4.006865041784771946e-08
9.386542017849236973e-08
1.252072202660286913e-07
1.836700763559708510e-07
2.178672617751954429e-08
3.673531298253283223e-08
3.015398548066760479e-08
1.179543388470559831e-07
9.527916615049611141e-08
7.982187339777254921e-08
1.113371074408258473e-07
2.319934743280833399e-07
4.636383674836630591e-07
1.739448137556021431e-07
7.613259274156354117e-08
3.049604810899424022e-08
1.276609761601944838e-07
1.181310309545176336e-07
-7.867955834221782634e-08
-2.534968198197734570e-08
1.355722596406348717e-07
1.488711829504858806e-07
6.935076822521944546e-08
1.420956501646251198e-07
3.223851344295230168e-08
1.140294043381204164e-07
1.062185835221832016e-07
2.905265705427891351e-07
3.836815825521348532e-07
3.111008164767259933e-07
8.841342501484212701e-08
1.191816751921897776e-07
1.524302665923343565e-07
1.580404256376369108e-07
2.216995070689220568e-07
2.814454766729193125e-07
4.416408716596697481e-07
-1.678653010565673298e-07
1.045455868924223681e-07
1.346104125233125964e-07
1.602542595279335206e-07
2.281394188749790621e-07
2.179645813735071939e-07
1.579802680683336239e-07
2.945920443190284440e-07
-2.630920588547082929e-08
1.008087905715916423e-07
2.024655061827192368e-07
9.799132994588274713e-08
3.567129900363765341e-07
5.890896003461838159e-07
4.613734730889313722e-07
7.803447925733518676e-07
3.654261205564411071e-07
9.053268380391188524e-08
1.373696925773029414e-07
1.657998982399377421e-07
2.680962351131594455e-07
6.974334166090157057e-08
6.645767597428825520e-07
8.367228453092080418e-07
6.925945391487037651e-07
1.782587287974755121e-07
9.122107916535858136e-08
1.752820949951238643e-07
3.101389974690097242e-07
4.659878368801155569e-07
6.406097631527026804e-07
1.116484970240630551e-06
5.617171672764549014e-07
