-1.425413436036240464e-08
-1.201700806578751334e-07
-2.275553210035599884e-08
3.739908809885601273e-07
5.376027737045226022e-08
-3.246571842039152932e-07
5.014938818711865374e-07
-9.604668311752606619e-07
-8.556510057326166913e-09
2.307844500632884109e-08
-1.341651455196141090e-08
1.991508331401631582e-08
2.255870879698392431e-08
-5.090391202356110500e-07
4.855630210292109520e-07
1.152623693159158612e-06
3.579192738060459706e-09
7.281370219518615336e-08
5.121351179032629918e-08
4.409701424092466382e-08
-3.780710566996837202e-08
-2.116747021334273816e-07
-4.854291048142945468e-07
3.512917822762075675e-07
3.780259608237611936e-08
3.988374730793101649e-08
1.383822598610442365e-07
1.513571960564575712e-07
1.363403696762433156e-07
1.098422830033627268e-07
2.251080574967203181e-07
-5.993906196184188520e-08
-3.728591309230963989e-08
1.000853946549489787e-08
-4.864208005502713023e-08
-7.846996960485078973e-09
1.004941777485678883e-07
-1.117266558587747539e-08
5.420665519787132899e-07
-8.349912246430394425e-07
6.767046632972149065e-08
8.489452334850141965e-08
-3.651322463313830414e-08
1.283169988245433121e-07
2.889672865777478603e-07
4.476802347622432132e-08
-5.541148956947260988e-07
5.073109503845422771e-07
5.676131048266868935e-08
1.179411110632964058e-07
1.011220446104945478e-07
-5.000067281681189715e-08
1.604401347697121624e-08
1.911867989724998201e-07
-2.197811736364915196e-08
1.559007538345544759e-07
6.041704089017030086e-08
1.030736387041711502e-07
3.199189618859364542e-08
-4.446233089876638184e-09
1.573963132002779617e-07
-5.717671773886502888e-08
2.123042905878589306e-08
9.889915664771256984e-08
2.802827697695531743e-08
7.637076368486992215e-08
1.287426081254482108e-07
-1.541924323067157792e-09
9.605016408501672584e-08
-8.633240127484983713e-08
3.388085986029433016e-07
6.421887906756866126e-07
4.907241102487143466e-08
9.059181686216330066e-08
4.351075956054019702e-09
3.630509652749904292e-08
2.913616499274830076e-07
6.226818055095955063e-07
6.927937726828383862e-07
6.239919499965736432e-07
9.206055889835789392e-08
4.927617065725288468e-08
1.689368615394322687e-07
1.797126354271279727e-07
3.234787846210540513e-07
3.005400465387731182e-07
4.283440003541110578e-07
3.495098662447829409e-07
1.128589434314529838e-07
1.533366490852807487e-07
1.965976801931803179e-07
2.369456493890479570e-07
3.844145226977311394e-07
3.285809633680776320e-07
3.700025027929991022e-07
3.490370456853340219e-07
1.072540082816343568e-07
1.255295143457067800e-07
2.935776987004226347e-07
3.792157680059871775e-07
1.640294399506866953e-07
6.743455464141920070e-07
1.186905177064012880e-06
9.178618268992439997e-07
1.566199323974170596e-07
1.587993380504596849e-07
2.864996306503940491e-07
2.917562424412185488e-07
3.025372885096476710e-07
4.564515319701077173e-07
5.609586336505186361e-07
8.156223401067771969e-07
1.459559923240438997e-07
2.181462338394534300e-07
3.866825153171584474e-07
4.309960596848046766e-07
6.477982572454046031e-07
6.444388854498858244e-07
6.122559486008217743e-07
1.198289094696053627e-06
