-7.378831760565475957e-08
6.569647382708438499e-08
-2.498532047850193949e-08
1.312232656131964707e-07
2.316242926259609252e-08
4.062521205564818419e-07
2.082085648470078160e-07
2.312263709515201267e-06
1.856436008086859024e-08
4.276629230615188727e-09
1.070280100579109416e-08
-8.176033506073804247e-09
8.926143391036187187e-08
-4.300322830073477096e-10
-2.229630901025122865e-08
9.245740663620164346e-07
-1.631445922249242771e-08
2.610839466745278846e-08
6.388651758059247672e-08
-3.030166020590151991e-08
1.603987018068527018e-07
-6.648228122861023482e-08
3.143381741815252896e-07
-5.243855967679142052e-07
1.661481824523235861e-08
3.956447490587863724e-08
9.947358682843246267e-08
1.795434904657467694e-07
-2.512085539308881266e-07
-6.453430099092494925e-08
-9.186226702552346649e-08
3.886865521591020178e-07
-2.988157932985128971e-08
-6.754781386739920633e-10
-1.390060121980493904e-08
2.278367942650736647e-07
-1.163318642835957053e-07
1.351811399010967037e-07
3.225900888638382203e-08
5.073816589085512167e-07
1.353969462648551529e-08
3.493694598987916704e-08
2.734976897517132610e-08
1.699781220925230575e-07
3.142205280999805664e-07
2.353842348768866107e-07
-1.992654328575433390e-07
2.470298126114141782e-07
1.922226315986163272e-08
2.552738330583175465e-08
7.426605193145427047e-08
1.499691484562160667e-07
1.811684720038850387e-07
3.373746631879207546e-08
1.488220726544367172e-07
-4.152314396076097395e-09
5.885857178314793242e-08
4.274289093166676443e-08
1.125673163509726408e-07
1.964732973126100630e-07
3.874428266414827354e-09
3.108185840430568273e-07
3.842077606537029160e-07
-3.155396961264385544e-07
4.543057365044643820e-08
9.143050925994244611e-08
1.614186412827470812e-07
1.214598781064393889e-07
1.023481848027502932e-07
3.019530347397177589e-07
-3.243384675443195207e-08
-1.956949252012592624e-07
2.887946507501326036e-08
4.803923348418581965e-08
1.307552512472540715e-07
1.975580928211455995e-07
1.497696296289751424e-07
1.927969736477680598e-07
-3.089950656291236823e-07
3.099064439738441173e-07
8.119087143848559470e-08
1.117469212518115059e-07
1.664704444790132819e-07
2.832558915107964231e-07
1.741182584356240228e-07
1.330631410479169851e-07
3.765473342445587248e-08
-2.506414298720189587e-07
8.680704463371111921e-08
1.274409718375806520e-07
2.141078373924425586e-07
3.527102754127049763e-07
3.092495488464292192e-07
6.115820618490517838e-08
2.740994729311126038e-07
3.452174025476900901e-07
1.208834974942526856e-07
1.737277560298553643e-07
5.245380281330216049e-08
3.086557289861058315e-07
1.681326448500553922e-07
3.779119799083566563e-07
7.091515813247321413e-07
4.756767364415656343e-07
1.537125127543463121e-07
2.216550523564307349e-07
2.883551574253840529e-07
4.213838205435451901e-07
4.313443238439973480e-07
4.283171094651921968e-07
5.342756962350830310e-07
4.981480289799172666e-07
1.235900765821122704e-07
3.443897860383122995e-07
5.040367714973132054e-07
5.709483845490625075e-07
5.950135837857215853e-07
5.482701490966813297e-07
5.047342724666050719e-07
1.252501233126753820e-06
