-2.399526771616418295e-08
-1.158345634750515009e-07
8.235907957334010987e-08
-1.042325806700705620e-07
-2.471780692225718866e-07
-9.022017332805223356e-07
6.648240687222440629e-07
1.049234131792475644e-06
1.837811714088957267e-08
5.877647112208738265e-08
1.450232936701478163e-07
1.006812157734658717e-07
-3.894038110019756779e-08
-4.685326201343402216e-08
5.426983596595841710e-09
7.728727506040835506e-07
3.659821641006109445e-09
3.149820701560624955e-08
7.132498727111128225e-08
1.218136759723661298e-07
6.342399827521657413e-08
1.977100006438999823e-07
5.493865954361290138e-08
-5.557475292186022828e-08
1.754501575944237605e-08
1.488273678262203098e-08
2.301365258448974337e-08
2.770738727813199879e-08
-1.394257801326474406e-07
-1.227725015048529712e-07
-6.932986537817609639e-08
7.921632725211165645e-07
-2.516416065784227965e-08
1.945917169999753091e-08
5.791138319284896201e-08
-1.571634275647994017e-07
-1.135369753528887040e-07
1.829230086457758068e-07
4.699700184879343134e-07
-6.454124758147810413e-07
4.943261401491579960e-08
4.533331530867765661e-08
1.157104799817903030e-07
1.136825962308352748e-07
4.876892084640075540e-08
4.869398247884991472e-07
4.752230710275854933e-07
1.191424995754073065e-06
8.639927908183640373e-09
7.742633376838068207e-08
4.705620464648297479e-08
3.377637774321872501e-08
1.602069273341144222e-07
1.686377811140651400e-07
3.762969808237187936e-07
5.123218366872769886e-07
-6.633372179974036878e-09
1.246693990314986747e-07
1.625565148609094926e-07
2.791426803481662002e-07
1.991382907438302537e-07
1.441972361680367915e-07
3.523187659128683591e-07
6.853720808213606261e-07
3.114402614527416335e-08
5.934712880980701033e-08
1.917782930746374621e-07
1.066265456533694482e-07
2.007700476937184773e-07
-1.675266578169477813e-07
-2.941741538454063496e-07
-1.927682243487683187e-07
6.784563346303097386e-08
8.439380907760046340e-08
1.001410421399474354e-07
1.250455757110298833e-07
7.622266405904624897e-08
8.158743043524459706e-08
4.736806309886710962e-07
1.765709806927633728e-07
2.579151669352687502e-08
1.119216266514476080e-07
1.177949348608738916e-07
2.082105942052929075e-07
2.971180362999242806e-07
4.465122961226318519e-07
3.176938949419975946e-07
4.819409532096087871e-07
8.158440474889824538e-08
1.656488958148371913e-07
1.497864198971990823e-07
1.361229124192189783e-07
1.915928678875391822e-07
2.892105561820140782e-07
2.323650032644869253e-07
3.534877150540957529e-08
6.774396786458857898e-08
3.200574293786939911e-07
1.969693015708789794e-07
3.029832466129948848e-07
4.360844124637579384e-07
5.113199311015168622e-07
4.621939824989266823e-07
6.789240409127999053e-07
1.007653719301818424e-07
2.335241301057001188e-07
2.381733017080765616e-07
2.268698429701380177e-07
3.101983515559812683e-07
2.271657352510375127e-07
8.621824002655051036e-07
7.792877310813513339e-07
2.098988177576119341e-07
2.427265562569439548e-07
2.175705070143122047e-07
4.176069679220462922e-07
5.938710924330647591e-07
5.910401762551055519e-07
1.210274121510376861e-06
1.218433397845699691e-06
