-1.985512948609162772e-08
-2.499542930333636949e-09
6.420021644006927935e-08
-1.926679149260318399e-07
9.064258397880742045e-08
5.962490234777857274e-07
6.659188600644559951e-07
8.041931358597672870e-07
4.118562479680927670e-09
4.535655920974709818e-08
1.225222141239700470e-07
-9.622167629318810877e-08
5.098941494096899421e-08
1.801808115113512424e-07
-5.794978236045782483e-08
1.037306990986128624e-06
-7.498734065392873597e-10
-2.479682284587341520e-09
-4.766541532857626322e-08
8.456812394639448078e-08
-1.159222012924857030e-07
-2.145199694808017201e-07
1.892143560369499169e-07
-2.199645182766556743e-07
3.764263130761402374e-08
2.272479634800395406e-08
-1.514097033254490357e-08
-4.451652703191043001e-08
2.894025799946627255e-08
-1.304512086415556133e-07
2.187068163494476463e-07
-2.334807203615363347e-07
1.512253666641780919e-08
9.618733689718448515e-08
8.350119063527914620e-08
-1.282341606774060830e-08
1.616702338397941401e-07
-3.054616888547764354e-07
8.851162729364244934e-09
7.917542789459513735e-08
-3.378832817869743233e-08
1.149889057228532430e-08
7.627782297950257990e-08
2.527011632803759157e-07
1.063357433363118121e-07
-3.847624062982748222e-07
-1.853253009508637314e-07
2.053506843667282768e-07
8.705987366243174074e-09
1.024328153346714181e-08
2.320416758422435647e-08
1.251046959360454556e-07
2.627205987485484378e-07
3.428884326779531256e-08
2.337676793492894738e-07
7.255933148609028258e-08
3.379806825691751828e-08
4.801733039174166554e-08
2.020013856785833234e-08
1.045917752651414483e-07
-2.735117660497882451e-08
2.747668027855774886e-07
-2.212097405011581771e-08
-2.135114411930966156e-07
3.754961527660260100e-08
4.537556854170504878e-08
1.395236999923900934e-07
1.773555648734590220e-07
1.325787166315421416e-07
2.107875837125457847e-07
4.360931951619050328e-07
4.225903853379447529e-07
6.351067458378737670e-08
3.298028075767307378e-08
1.256326235006060867e-07
1.181283114717754485e-07
2.189978399373512085e-07
2.804744848890408939e-07
1.653416861297316175e-07
4.521654385064435667e-07
9.046524081757955382e-08
1.047439775208520710e-07
1.830411677811112330e-07
2.624381414295978451e-07
1.872417034179872920e-07
3.122680304507109201e-07
2.789631520308922479e-07
8.473336761863955276e-07
9.500627295072681781e-08
8.877393015258230048e-08
1.488844856946381252e-07
2.194401919392785836e-07
3.795588808131067952e-07
1.731168897076168781e-07
4.250070942816790187e-07
2.932679321253683878e-07
8.656076451169463587e-08
1.260127519282457796e-07
2.033834275380475332e-07
2.423365264938219379e-07
3.806853149035206726e-07
4.519506018012258059e-07
5.367270819464740480e-07
4.482908556718190774e-07
1.170659280804376511e-07
1.789821469963009920e-07
2.999613103824741618e-07
3.450803359720465015e-07
5.130763192071724803e-07
5.802554003933032041e-07
4.996116808324227584e-07
6.866501896395451015e-07
1.551442724971180087e-07
2.225162319196418784e-07
3.363844059567244450e-07
4.579462983242480361e-07
5.871394268215583628e-07
8.119274918667179890e-07
8.119358209370682425e-07
1.112393259132833547e-06
