4.637602232113873620e-08
-8.019525415533164084e-10
6.458185931180879603e-08
2.607848196178443018e-07
-1.545522247687158162e-07
-5.079806953169371830e-07
4.153353695749331370e-07
-7.540311866689191738e-08
-1.272676929779301396e-08
6.608381713631329931e-08
-2.164155007620633830e-08
-4.792204909092865235e-08
3.399491096859402184e-07
-1.897685507838370025e-07
-3.557630733344725396e-07
3.907097417594873237e-08
1.877640552935001992e-08
6.100630642907590365e-08
5.272678851078518449e-08
-1.400057903761788684e-08
1.674882508874756513e-07
3.233161088712297432e-07
5.473325360716571933e-07
1.160007123525171030e-06
-1.374757563408407686e-08
1.327259330769511585e-09
9.766027122660391133e-08
1.392031721880586200e-07
-1.295614107902876521e-07
8.210174380741620753e-08
8.202478212768776663e-08
-8.882555284139767038e-08
3.902409280663391477e-09
1.735406907164944158e-08
1.340004686582334185e-07
-2.514097653153443515e-08
5.587743763588062521e-08
1.287802682996342640e-09
1.513813431397260496e-07
4.370313140894977578e-07
-3.767916718026762945e-09
-5.273264081151978482e-10
2.304077641587198379e-08
4.141022414770734920e-08
-2.797080053030209784e-08
3.685900678090655675e-07
-1.814519743352257967e-07
-1.393151476035285287e-07
3.054404421001478447e-08
3.825218330230130038e-08
3.515014787973296947e-08
5.038218772863471248e-08
4.902904675270819529e-08
4.009348116533352388e-08
-3.709750382202401109e-08
-4.749066161048157898e-08
9.284249896680693812e-09
6.557156023905941085e-08
6.669351522670062834e-08
1.621702862845758668e-07
8.254567836301751599e-08
3.022998515668211498e-08
2.207460522913035643e-07
4.876435468836031611e-07
1.337392077208053914e-08
7.726071286938232875e-09
-4.051092475265920990e-08
2.578674982905020679e-09
2.156003207891724916e-07
1.250114447514941187e-07
4.931237037642529437e-07
5.347628646822502232e-07
4.785412829959425709e-08
-4.952524320422848099e-09
6.625932607043592730e-08
1.293861493998946331e-07
1.256046247632314032e-07
2.771279983731563260e-07
3.393981820508431572e-07
4.163039373734976195e-07
7.637613905535226284e-08
1.120877548616055653e-07
1.945035321381833690e-07
1.885753885417206997e-07
1.752126029768669854e-07
1.305619924960905466e-07
2.257043798893327327e-08
3.996661569581650566e-08
9.083465268403466564e-08
6.948184030340693868e-08
1.003622218712898036e-07
1.503876453080085418e-07
3.784989742939966574e-07
1.510454808214398809e-07
2.542426797306525353e-07
6.372488505073672059e-07
1.379257927081325673e-07
1.074254419159111344e-07
2.522277847285868620e-07
1.974100592017064649e-07
3.633622026205903749e-07
4.226463118067537791e-07
4.126987164234791883e-07
-1.030227488405514986e-07
1.090447533018889071e-07
1.558477998739523615e-07
2.017266547182876774e-07
2.699794885044296484e-07
3.638638015056294368e-07
7.402421161237343770e-07
2.975503164635245883e-07
1.052692576013519558e-06
1.517734930204650375e-07
1.363413259027467287e-07
1.184835210654678914e-07
5.388126480479265691e-07
4.324257718060707782e-07
7.950736988265354970e-07
8.420013169994338200e-07
1.059129832399746990e-06
