6.038068918786746239e-09
1.516288650034313841e-07
1.392479887112815312e-07
-1.530369546604537386e-08
3.378728405487200922e-07
-4.005565733501494883e-07
-2.650727877957817652e-07
-5.784413435006572313e-07
4.934939627988033010e-09
6.058271827653125991e-08
-1.852352417369276619e-08
-1.070696955245146149e-07
7.760311981152979124e-09
2.445585614049271531e-07
4.874393908737228893e-07
2.940518321530560388e-07
-3.129365948623796900e-08
5.619377530676039789e-08
9.842774375055723836e-08
3.249229933661726921e-08
-7.969621920531938491e-08
1.243662804492640517e-07
2.374682092927267877e-07
6.441909834232628061e-07
-4.397284919465714545e-08
2.983411548739797923e-08
-1.048140586950065475e-08
8.894826763764468138e-08
4.219902935597054480e-08
8.886837431058450117e-08
2.778531496451234316e-07
3.703196642108589480e-07
-4.540887115226279653e-08
1.476060218458822018e-10
4.683770073645261327e-08
4.117987596925896643e-08
-8.936650441830323349e-08
3.558117263660242401e-07
3.935754002056671143e-07
-4.644600426143642312e-07
5.177153963381814192e-08
8.520574442333790840e-09
1.974978872328722401e-08
2.037066176896023177e-07
6.903890065668686448e-08
1.204522976688273441e-07
3.054526380339885860e-07
8.052669726706410736e-07
4.330526315618990833e-08
2.318253687381185172e-08
9.572159291976792196e-09
2.916458522960619393e-08
8.456183016401528282e-08
4.159669707215799352e-08
-1.282053830941189810e-07
1.830668001489558754e-08
4.258906135313755953e-08
5.994795910075683095e-08
6.257075422160073907e-08
4.862191706564280371e-08
2.063135351708863670e-07
1.122072338280669051e-07
7.206024799632785843e-08
-1.863653881647336604e-07
4.154690219383646549e-08
3.021554773036989033e-08
3.936526858513271066e-08
9.798254112030284599e-08
9.546163866997466766e-08
1.075589219044978678e-07
-9.542478257185454705e-08
8.163143755544245391e-07
4.219722215059866148e-08
4.762077183325062587e-08
2.632230314313814200e-08
1.854028243392755061e-07
1.097421393074245521e-07
4.204301116296772445e-08
1.093393841916027046e-07
5.015105243415855612e-08
5.377266881622999314e-08
8.863041226179540372e-08
3.596101188289088310e-08
1.586561621972936869e-07
2.025651484476273411e-07
3.739740075570680358e-07
5.450257017888608687e-07
7.941114645900749398e-07
7.050562769971065713e-08
7.144137550361113624e-08
1.497009621010340827e-07
1.125085272956769109e-07
1.452440842116878409e-07
2.182135092552711565e-07
6.739821351174194324e-07
-2.042427813381177227e-07
1.303954103790999475e-07
1.252914769002976211e-07
1.138592095002391607e-07
2.904493004860455165e-07
6.447728547328973213e-07
6.670989680358060943e-07
6.461513692727936727e-07
-1.695482193961126591e-07
1.470453120939536334e-07
1.426323257933293815e-07
1.668838415271049565e-07
3.050144934814472232e-07
4.618039533314282812e-07
5.545253037941871288e-07
4.957604970650912427e-07
4.226107633578721204e-07
1.935533114252372502e-07
1.711836235075355924e-07
2.765517072986768631e-07
2.844849246653220776e-07
4.683080767443260183e-07
5.144779756096059575e-07
5.565643962666602792e-07
1.663897875516557839e-06
