-1.087577241085090679e-08
-6.591752617541243305e-08
1.455325082397947881e-07
8.964169557996648480e-08
-6.327379739512895665e-07
2.907599161522976925e-07
7.814549935354766067e-07
1.180171207079218753e-06
-9.229425593267498710e-09
3.569802814042405560e-08
6.666414344707670482e-08
2.418698425697014337e-07
3.647008323666881238e-08
-5.849700175483316077e-09
-2.518894915003790168e-07
1.641274262236664163e-07
-1.829345064222888562e-08
-2.184016884297149340e-09
8.824780900339770308e-09
-7.348577922259037811e-09
1.848721577910567251e-07
1.655467714255992050e-07
-5.928957599352473821e-08
-1.814092802153653961e-07
-2.421233988650831314e-08
1.816426246135420684e-08
1.436030119325431822e-08
3.310982999835082231e-08
-1.791541245252729939e-07
3.022220500563987233e-07
-1.771168158565627306e-07
-8.571381768768311546e-07
-4.067043197814042712e-09
1.919800443918933489e-08
6.295785242346387105e-08
2.216837047471356946e-08
7.204537064664673102e-07
1.232090456147854660e-07
-1.505737139623322103e-08
7.418124474134580425e-07
4.391857164552807401e-08
2.890167172205907976e-08
-2.306494361485976729e-08
-1.244784426258537717e-07
-1.130886775032376072e-09
1.064935245661332715e-07
2.056451990377914801e-07
-3.013294975502036851e-07
5.119089650712328241e-08
3.672280055305003905e-08
4.538246827839500628e-08
1.194579665426786229e-07
-1.070326767490791379e-08
1.794342336472784531e-07
2.234518054036596279e-08
7.315959644485724332e-07
3.796417366569585960e-08
1.132001522521540619e-08
1.113201181320908952e-07
2.195178021214170548e-07
3.589486825692234037e-08
4.260198035276667706e-07
2.210131369780634770e-07
5.764444064541719066e-07
7.096774541574839275e-08
3.869575332652755683e-08
5.056949809268128066e-08
1.973323690456717765e-07
1.341003616558095178e-07
2.124192055225497331e-09
6.378667041418460317e-07
5.567121411802075278e-07
5.051876842817928025e-08
4.551138732621924552e-08
1.850779973445899704e-07
1.493425785047559533e-07
2.156445751716813128e-07
4.992769814789534716e-07
9.835244393770575807e-09
4.055933822425219510e-07
3.803970363676872745e-08
8.766393800389108087e-08
1.500782600757113972e-07
1.627561638107782041e-07
3.363972842178054854e-07
4.226276668642755970e-07
4.798850814370622656e-07
3.020242398222092424e-07
9.159624360377518613e-08
1.330537103972468866e-07
1.117392551963781210e-07
2.164646887127806136e-07
2.153122813295552175e-07
3.888013916791481095e-07
2.951724161181824751e-07
7.688465100070733588e-07
7.399957486960307063e-08
1.054772825526437109e-07
2.084016621263098777e-07
2.595850223703200038e-07
2.922611317382573180e-07
4.874991598783306138e-07
6.340763500322863204e-07
1.006740720033283887e-06
1.014117341729428690e-07
1.745689716640812756e-07
1.927926545437827512e-07
2.771037220061433331e-07
3.438348056090469065e-07
5.583859088304122998e-07
5.257956865421755502e-07
7.032076995000512732e-07
1.868192750332979158e-07
2.579567421285092998e-07
1.352256731131298008e-07
5.269210639787290483e-07
6.909092044586255212e-07
8.968041278392509103e-07
6.590698450235274569e-07
1.833069941139027740e-06
