2.092888280063113288e-08
-4.815897628311672956e-09
1.580587456115514095e-08
1.676430516993053860e-07
-1.895664580772338392e-08
-3.024357238198578507e-08
-5.831143421256634913e-07
6.240458664092972442e-07
3.088202510084422508e-08
4.273264032615644264e-08
4.306467186686351702e-08
-4.210572581443740717e-08
-2.113593404813914252e-09
1.427088292244652524e-08
-6.172315093619956733e-08
9.578671360022182740e-08
-2.963346394781005873e-09
-5.885206180595344355e-08
3.929406679369069886e-08
-1.112101566498873768e-07
-5.470140975218568780e-08
-1.854279423686685881e-07
2.507536334908884043e-07
-3.163032487325083982e-07
3.843337768803143809e-08
4.290324091123606026e-08
5.048870047072725121e-08
1.673732327249343329e-07
2.375675419509414198e-07
1.047723677500664431e-07
-1.240201316532387111e-07
4.932660805188230230e-07
1.681131232758256855e-08
6.813608860413729992e-08
1.357840677250995882e-07
1.870530037546482136e-08
-1.407381521804167950e-07
-1.080057164083976865e-07
-2.809758787228164605e-07
-2.640279837453630050e-08
-6.382208400107696367e-09
4.571709599763736952e-09
-4.804534644857709699e-09
3.266190118573201176e-07
4.825475653507822817e-07
7.785224137723876434e-08
5.304604447011470028e-07
1.267309043552853170e-08
3.184941810273546522e-09
-4.946103793830165776e-09
7.215385869527833897e-08
1.754471105440758886e-07
-9.509882631753335633e-09
3.196889431364487524e-07
2.104030894586946122e-07
1.347128252126915319e-07
3.345386961239882968e-08
4.923754505200252020e-08
8.931414017053805990e-08
2.882523212450890948e-07
1.329376164520995002e-07
-3.895471345806102981e-08
5.442940962571728554e-08
4.983442086535404653e-07
4.264715577979124114e-08
5.159682914594619596e-08
1.112278536628580385e-07
1.240628529918677558e-07
1.098394196785310879e-07
4.088581882415831283e-07
4.665910405353012763e-08
-1.698229626508204840e-07
3.417581150411657242e-08
3.581993684192471513e-08
1.641012972165632035e-07
1.552538886276012396e-07
3.360594809423956480e-07
3.551516033056481253e-07
1.874914516777990890e-07
1.662982363840422571e-07
1.003912921758527774e-07
7.002251820316301262e-08
1.023873758570280545e-07
1.209060526051919788e-07
2.102533354293350550e-07
2.346140936071779713e-07
4.879896843933427077e-07
-2.319001526289460781e-08
8.994585669547814359e-08
6.036887412038079461e-08
1.729856143579075124e-07
1.557278288515378007e-07
2.562939936903850626e-07
3.172351725030946996e-07
3.913684016469464139e-07
2.983576891792118038e-07
1.443144996680282185e-07
1.347466623537114564e-07
1.771218014735319251e-07
2.522856351582591457e-07
3.841621109546225406e-07
4.774868947052869387e-07
-7.485663546512002481e-08
-1.076256562242854669e-07
1.461847337137162804e-07
2.004665839400557603e-07
2.451603268813360587e-07
2.922988841573662991e-07
5.217523492820461635e-07
5.285124528717520816e-07
8.555816806368553220e-07
4.767094023969966526e-07
1.284224661706922860e-07
2.481597590351662595e-07
4.437500916409014964e-07
3.269374160114422354e-07
6.211335938173517095e-07
8.601065260223974452e-07
1.199594755360014044e-06
9.323595191869395042e-07
