-8.006219034195307067e-08
5.023710050501759395e-08
1.176090783274954385e-07
-4.554414480886326993e-07
1.131781518394259441e-08
6.933016492314374001e-08
-1.699232476074615117e-07
7.077476199069011963e-07
1.475556682911152395e-08
2.926055621484905724e-08
-7.388169385259302786e-08
1.263632449105896572e-07
9.443807258722124569e-08
3.365720660876909179e-07
2.100456795195321586e-07
-1.219843928905214004e-07
2.598761289200826220e-08
5.935447960803010129e-08
-4.482066964902650723e-08
3.607162143412531178e-08
-1.742287050511433000e-07
-4.866194042881840157e-07
1.614723526231964553e-07
-2.018310176767452695e-07
4.993656783512423646e-08
8.013033428461298068e-08
9.689358616876800701e-08
-1.823826593213194139e-08
-2.591323771503230678e-08
4.021679936306169088e-07
3.836336150508253508e-07
9.098617202623844051e-08
4.636174039056078905e-08
1.182486718566650750e-07
9.696012272074070063e-08
5.183873422875033291e-08
2.450273129098937582e-07
1.428193579299630591e-08
2.163393213019008220e-07
-5.333327278204158544e-07
7.023003921828302102e-08
4.301914217162317066e-09
-1.519554217941859049e-08
-6.774570579276185742e-08
-3.059545108307954431e-08
-3.687908486352020918e-07
-6.849493100226562130e-08
-9.998195811966965658e-08
4.295869021927805124e-08
5.100528038566475071e-08
6.939778784001340527e-08
2.124735105510871230e-08
1.070797655047975149e-07
1.464046509615093647e-07
8.901945595141844949e-08
4.095122870637847606e-07
6.944884690392433793e-08
7.739194655384315831e-08
7.528247758192941773e-08
8.180973412994684881e-08
1.673495836861350907e-07
-7.747520962528386520e-08
1.551494908654497323e-07
2.808472596854948042e-07
5.427671345067611663e-08
3.672058616855514476e-08
4.743674504597596037e-08
1.264429297734323717e-07
4.592848201105982914e-08
1.566193196647244315e-07
2.616650078233337923e-08
-4.112376527181489180e-07
7.941034510025562878e-08
4.174637362629524652e-08
8.628297474800251780e-08
8.546976144731496636e-08
4.359465346758489746e-08
2.214240885774778536e-07
3.194700249986797661e-07
-3.315491520505162727e-07
7.878900603351862919e-08
9.702666538998484962e-08
1.272440067842267443e-07
1.384651324329252281e-07
1.874344667945404948e-07
3.206667610750615471e-07
3.447469649170215972e-07
-1.231359909306618221e-07
9.784398223834567466e-08
9.543124670158129165e-08
1.793587152287714064e-07
1.750773008591358334e-07
2.764738027759169223e-07
2.809402035277267468e-07
1.779835940872072271e-07
5.412482678207437638e-07
1.808131488789007620e-07
2.349915455651734511e-07
2.359953068826035812e-07
3.034564435139110422e-07
5.980267517123384914e-07
7.195115138305872712e-07
6.347061812158098210e-07
6.465078686756580970e-07
1.576397344638268662e-07
2.127273802602808352e-07
1.921119389489817865e-07
2.008538387795512628e-07
4.136821147885145393e-07
7.187141942047077745e-07
8.768968978091070379e-07
6.705157541245548726e-07
2.160686695351157025e-07
2.661960133921383277e-07
2.308396284852223953e-07
2.953916906288852658e-07
5.827326079033690670e-07
6.696721069621234995e-07
9.113635339256162510e-07
1.227145238950003842e-07
