-1.022214172117942786e-07
1.110167763264407296e-07
-8.766949438254682111e-08
-7.702454740337943101e-08
-1.490300791782856392e-07
2.028927304306539329e-08
-1.820170618867756182e-07
-6.568829650763732008e-07
-3.898291198806106148e-08
2.313551079407526170e-08
-1.187251871393122395e-07
6.017618699391000421e-08
3.765799684216597684e-07
-2.121089063383858641e-07
-2.735114448359342372e-07
5.368383043324665962e-07
2.184504737078123448e-08
-1.220366700413897126e-08
-3.018940962544636337e-09
2.836162900183146090e-08
-5.055865102613677742e-08
1.965159604833875927e-07
2.238484573526489034e-07
1.287168632720919765e-07
5.887599082749831679e-08
3.498173112746464013e-08
1.633438276422395426e-08
1.009190598459828589e-08
2.189067474127217780e-07
4.308933880458780280e-07
3.215119160178200251e-07
4.226872092540479272e-08
-2.704233764729770432e-08
5.898317802536472916e-08
-6.041192517187081128e-08
-3.106335085278599902e-08
2.012040283184124717e-07
9.370411758818864265e-08
-3.820667020029670838e-07
-4.548545922338194825e-07
-1.916471859822191193e-08
4.046413564924261221e-08
2.219919760495457951e-08
5.148188080723874265e-08
3.510186656409501394e-08
4.851720076083718164e-08
1.300627551532847493e-07
2.073790277161109414e-08
1.907833261006495236e-09
3.353359725834166901e-08
4.431587819162299847e-08
4.876036010594397282e-08
9.985062712809404847e-08
8.000795152144359884e-08
1.991710944768130050e-07
-1.595595413303505885e-07
4.300674209561822718e-09
4.970978559209930440e-08
9.136130979647040325e-08
1.476502743456886942e-07
1.848786615240585021e-07
-4.224223067803150676e-08
3.289808659035473953e-07
2.256554172958368929e-07
2.214041151103552462e-08
3.575834341382782801e-08
3.410700125234485870e-08
3.784738906978244171e-08
1.441262145535388749e-08
1.394363430248059741e-07
2.174775327600377733e-07
-2.250175971941096743e-07
6.630297527975393586e-08
7.975243736660097690e-08
1.088912845441517431e-07
1.237730615310631507e-07
3.054849094500729413e-07
1.929283951771172584e-07
3.142634209577001059e-07
-3.065964951455499034e-07
9.309346543488397791e-08
9.493706502897496813e-08
1.496082478073419574e-07
2.203942390004730164e-07
1.753031126503710089e-07
3.476768799063840246e-07
1.997870782498803634e-07
2.022060697230029085e-07
6.727400937920664852e-08
1.025533566057820683e-07
1.483881747569675246e-07
2.196297460958591624e-07
4.664948144610736858e-07
3.664169741758204848e-07
3.562530590627562040e-08
1.953524374819599056e-07
1.473978336291444522e-07
9.349564289314931586e-08
1.733825176446824735e-07
2.151510591816220959e-07
5.028943997450893504e-07
6.138035454953421136e-07
6.429031900092587558e-07
1.114774309510679747e-06
1.621324340858469992e-07
2.121233854519137494e-07
2.588592039962934377e-07
3.962058974671123243e-07
4.265884880373286143e-07
2.963052859245121430e-07
7.047645633363243854e-07
1.224308592434082055e-06
1.970706992362022030e-07
2.908186539659759510e-07
2.093470142933376472e-07
4.806015670122278425e-07
3.402642920927599636e-07
4.459346524619113760e-07
7.897603395203058280e-07
2.497574499192380616e-06
