-1.435081835447634224e-08
9.289909679144547810e-08
2.635582464105666789e-08
-5.400089264032240503e-08
-8.548332491990428616e-08
1.722626908147885197e-07
-1.320584873591765995e-06
-1.498695616604884146e-06
2.805052914791119902e-08
-2.464687420925764515e-08
-5.062282949281642573e-08
1.125081634017023574e-07
-2.380757545762055194e-08
2.627005059779609693e-07
-1.385515092156760036e-08
3.771746673077408578e-07
-1.336255148561423355e-08
-6.244688012535975593e-08
4.825301915743156004e-08
-9.511484633568627629e-09
-8.919851505644203162e-08
-1.706641037310965585e-07
-5.076987878496048243e-07
-1.239137956492876045e-07
-4.654662541477349491e-08
-2.910779887448370362e-08
1.663519436978738975e-07
1.151718750775627181e-07
-5.031790687951983464e-08
6.748967686641183698e-08
-1.552274945332305961e-07
6.686111066171359414e-08
1.875723390932997916e-09
4.474100686249389126e-08
2.953364074874032512e-08
6.865914178156914717e-08
2.387319045086015543e-08
2.208404143347218283e-07
3.264509594629948260e-07
4.424477726349743968e-07
-1.438550005002981575e-08
2.942035616880677669e-08
-3.772159751161899674e-08
-4.211246033828884025e-08
3.033676373826814922e-08
2.526179306012108075e-07
-5.148711130319061080e-07
-3.583146892514848492e-08
2.161758731674255039e-09
2.588811578484075106e-08
1.236663430370343622e-07
6.787735674818221766e-08
8.975920086761070031e-08
2.246482294231872139e-07
1.321248981648282448e-08
-8.758404426054783694e-08
1.748382849341745502e-08
5.959293175895438257e-08
1.479573581985211311e-07
8.418016201299709399e-08
6.879154818726662294e-08
2.226630377209995685e-07
1.922583798008765323e-07
-3.226445360608575431e-07
-1.690821339431145920e-08
-3.808326159103431669e-08
1.088232193322870760e-07
-1.294313560689382484e-08
1.373469635083852479e-07
2.154039160758076496e-07
3.886323525853650561e-08
-3.890453955478408238e-07
3.820358924903202805e-08
6.590828419277014852e-09
1.311477700575457677e-07
1.236629352393624742e-07
4.193943885809614039e-08
3.014477521937370161e-07
2.592275136343336607e-08
2.895372842053641225e-07
1.987100276109954268e-08
6.662878434358512883e-08
9.950002313407924237e-08
1.267932135408884206e-07
2.934690679770773305e-07
2.993921755200369744e-07
3.644881708944388757e-07
5.917790439293932349e-07
7.172696234539846181e-08
1.143579245943000868e-07
7.962935313043066078e-08
1.307391118412895304e-07
2.124148076565055395e-07
1.733384880219659567e-07
7.765414363667798362e-08
5.886322155671342305e-07
6.641767264890797793e-08
1.680079785669697131e-07
2.412554189840592468e-07
2.393352646607503879e-07
2.355818913863270948e-07
4.238024870976953956e-07
6.698990510412569451e-07
5.248133306645277428e-07
1.292352838057633842e-07
1.488643256137450286e-07
1.926220427657259728e-07
3.616446656580751260e-07
2.787827476458629112e-07
3.961266247725574397e-07
3.558643875536241659e-07
6.130084128025383244e-07
2.728285685065035029e-07
2.563653522846210030e-07
1.958342551109465497e-07
4.213884689857326251e-07
3.831463782822228845e-07
5.729456271635871266e-07
5.764001289317042012e-07
6.627386465310618406e-07
