8.003745355458633147e-08
-3.731863244993405483e-08
-3.703932859539004356e-08
3.297482265984249871e-07
1.337417871999529557e-07
-6.906456866271317873e-07
-8.761770249975861242e-07
3.243456034988127269e-07
1.621439509084512962e-08
-6.623142631042143133e-08
-1.645127190415475139e-08
5.106291380064654524e-08
3.481705273911105079e-07
-3.364561114611670461e-08
-1.109251031270336856e-07
9.078532543202660341e-09
-2.355506003565951873e-09
5.009439260761765964e-08
2.996227802440352528e-08
1.267426515508273421e-07
2.194367625022947117e-07
-2.935704234266365461e-08
-7.291605225961852915e-07
-8.786172540925864784e-07
2.608576441365766558e-08
-1.918367492815174105e-08
-2.364219516749488258e-08
-3.682062704490915698e-08
1.944550580901902436e-07
-2.905981588794033800e-07
-3.147978926617229862e-08
2.741987040476669552e-07
7.155048143987076733e-09
2.255134008437049061e-08
-2.564005247254133110e-08
-8.250305632827243520e-08
-2.032453969686954377e-07
-4.394188465894391598e-07
4.925688476995722627e-07
5.672803823869862099e-07
8.011809281444905821e-09
4.968795620267155903e-08
2.796153280841555934e-08
3.069264010232373732e-08
2.265551472760632940e-07
2.282120690565566987e-08
1.257067941811023368e-07
-1.007742819832254424e-07
-2.333743566181723114e-08
1.180911572012404257e-09
6.245025456319245968e-08
6.059552865038044839e-08
9.179105809306618649e-08
1.277690381240003458e-07
1.591903024235012221e-07
-1.074340100520648298e-07
1.747110850155492874e-08
3.848216499003541481e-08
1.078535071902132581e-07
1.376636897536873402e-07
1.188372996078512048e-07
2.407406083083067106e-07
-4.321354909671288275e-08
2.268090647068985163e-07
2.839182858856423665e-08
-9.316570134221547457e-10
8.581184780819975754e-08
3.438042009522542489e-08
2.664299641507624803e-08
-1.239828360685371348e-07
-1.274406105710169887e-07
-1.228281849475991827e-07
2.289347941098648969e-08
7.383754803849532209e-08
2.197056128865588572e-08
6.639084162995112920e-08
2.137747553305346013e-07
2.592654019739427932e-07
4.903901595952809714e-07
2.325419814748574990e-07
4.631729676858819252e-08
9.126658144405263659e-08
1.847604520432573571e-07
8.803523999550161075e-08
1.972111396745587282e-07
1.926071922433632666e-07
3.966740631474533343e-07
1.029030126207093657e-07
6.206445460526687245e-08
8.994789635900699933e-08
6.702283206847480858e-08
2.584410923886803055e-07
3.611337042014997096e-07
2.147259433372899935e-07
1.814792753777308207e-07
6.770323230787247021e-07
6.065663411209981531e-08
7.839227274089836781e-08
1.743066030913188234e-07
1.785899622889128079e-07
4.512663968850600608e-07
7.616492582926186515e-07
2.698458870540037040e-07
-1.685775569817173996e-08
1.487118820661289844e-07
1.674911693615950350e-07
2.704920518367517250e-07
3.987612827631441776e-07
4.417924208280312764e-07
1.513178191623236311e-07
7.584887970557937837e-07
4.346122637425574174e-07
1.185123555893210820e-07
2.349307952484654670e-07
1.662083881496334587e-07
3.894124585680962233e-07
6.073221707610570367e-07
7.399258649533384548e-07
1.011668061885186765e-06
7.202895292961960250e-07
