1.805177975473795842e-08
6.935346840954258993e-08
-9.081559320535811213e-08
-4.084436980168274386e-09
6.160216989391815542e-08
1.094452587389849373e-06
-1.016247774406752139e-07
-3.914289177561800285e-07
2.697725024872602787e-08
-6.408466243926080366e-08
-2.277408595581652504e-08
-1.113154203053448849e-08
3.838465481279089209e-07
-1.835327242108873127e-07
-2.765566029816379621e-07
-1.058100200532243995e-07
4.903146763341629112e-08
-1.100360738657869782e-08
6.160242391596074021e-08
-2.537061717049800101e-08
-1.631986036785773312e-07
-4.068946343994862158e-08
1.119474475768260192e-07
8.887590255844420224e-07
2.828186019655243016e-08
1.483823052157335273e-08
9.677760656374205831e-08
1.303582838409236387e-08
-2.207238902477723801e-08
-1.926040195055500113e-07
-3.004056009576485697e-07
1.291802624808207607e-07
9.378799088379109601e-09
8.726260718352594946e-08
5.971765089240085914e-08
5.078517186275107896e-08
-5.426592909094568092e-08
4.210667339928775736e-08
-6.909028148749475166e-07
-1.259223756759421300e-07
-9.471532945825983325e-10
2.636745537495716324e-08
-3.004994955705633441e-08
1.194707313122173520e-07
1.594571420314164342e-07
2.683496939952383704e-08
8.687982866446569507e-08
3.229901504877334003e-07
4.282495349306860835e-08
7.955494639051212865e-09
1.021734853613987138e-07
1.589087601586345935e-07
1.184680846776620782e-08
1.474254751103613926e-08
1.691487158084097271e-07
-9.438195148257199316e-08
3.544515055494577072e-08
5.567058857060042002e-08
6.558427187075343380e-08
7.137670751846917182e-08
5.845902659712090137e-08
2.309653550505655057e-07
3.876892558345746776e-07
-5.470636567068655154e-08
4.889123729104266833e-08
4.947726564734527607e-08
7.609628076280881363e-08
1.071543013415616167e-07
8.937884208836518203e-08
4.217574264227738568e-07
1.233441799411877632e-08
-4.096729840282527971e-07
4.011688588494272827e-08
3.722085791655863280e-08
1.278537921721446907e-07
1.973395429185561960e-07
2.610500563144670859e-07
4.046192107262073757e-07
4.406137229703403258e-08
-2.816398030499379386e-08
9.063033271839029306e-08
1.114656643458090746e-07
1.330175558913829910e-07
2.038550307684806446e-07
2.837646703982334873e-07
4.370727037666689959e-07
5.924202302931999724e-07
2.400768482666267721e-07
6.803767781558231923e-08
9.124238164892169142e-08
2.035436372782132054e-07
3.010049778780384927e-07
2.597223143963010689e-07
1.945390200528804908e-07
5.411068731724100014e-07
9.431843331686280080e-07
1.497560881397052296e-07
1.880243568019387770e-07
3.462145004130102406e-07
2.767908275499509785e-07
4.837618465136583666e-07
4.183019554737564111e-07
8.792794417247976821e-07
1.645254802309602818e-07
1.245657340416965399e-07
1.637925897204592598e-07
2.880329078723356504e-07
3.655770355558708903e-07
3.654552906947335172e-07
6.554554486028425327e-07
7.563744899833176575e-07
1.540783764613425819e-07
1.624444835801451744e-07
2.960339156976651441e-07
3.448345954775925297e-07
4.282463676711243641e-07
6.056205625117040581e-07
8.957406296866893501e-07
1.140617879903346968e-06
1.007066640326307762e-06
