-3.309022705991496493e-08
8.175933791381031429e-08
1.047124422243732112e-07
-1.188352655916721279e-07
4.639131308924502730e-07
6.966285078007691679e-08
-8.586730296919137140e-07
-5.205541134148803673e-07
1.606901761085697597e-09
-4.765107888469387774e-08
-6.345090913789330202e-08
5.505416789198360419e-08
-1.094612090542332105e-07
-4.546727080242898450e-07
-3.237309637108463021e-07
-7.509008387450961879e-07
3.905505948997763362e-08
-6.561765436922054458e-09
3.273413017619951137e-08
-6.497213440149813415e-08
-1.841411095792957515e-08
-2.969340576027397503e-07
-2.233202858539067044e-08
2.931076931978131145e-07
1.056657125672569909e-08
2.868149105622407989e-08
3.086360798237137667e-08
4.487745072810491898e-08
2.725729314707324752e-07
1.337307794662146771e-08
-1.718255884591294517e-08
-3.033398564117985360e-07
-3.722333861117247766e-09
-4.564225612654520185e-08
-1.135894636106023456e-07
5.891827865839660673e-08
2.830222510594842804e-07
1.166844522493546409e-07
-2.843508878754950708e-07
-3.521727906943656005e-07
2.759474372177907257e-08
-1.851639372548064358e-08
4.371968508161623607e-08
2.343735951027087450e-07
1.487790162569298324e-07
8.303357704712944431e-08
9.023247615481269397e-07
-7.804514975489771223e-08
2.407939702933291069e-08
-2.929136629727871806e-09
4.175866562211449122e-09
1.185607019006689919e-07
1.495840645985002111e-07
5.656502241410018472e-08
1.700198926319449595e-07
1.616083362010879790e-07
4.006402856855823607e-08
2.184872185856545605e-08
-2.754570313333981596e-08
6.217929946521031038e-08
5.495014176611510331e-08
2.521128659640508821e-07
3.169966878905847798e-07
-3.024766771729767892e-08
4.751337567024351320e-08
6.547827062333694485e-08
4.861850379105877723e-08
-1.087685599700545313e-08
1.555080103572190478e-07
3.382833786047505088e-08
4.945683615482039565e-08
9.741653579172338862e-08
3.804808710010941674e-08
9.975915567836401092e-09
4.141950802000630112e-08
2.155202372929738730e-07
1.722271645976200033e-07
8.246080753607833891e-08
3.335101466858832087e-07
7.322894713149105856e-08
6.701180644837680045e-08
8.816630018018336300e-08
5.217290674303018206e-08
1.818085156478441479e-07
3.602085748886532176e-07
3.780515812807015222e-07
5.560217250768386824e-07
3.442458925010724014e-07
9.806384471576770920e-08
9.434364741895517896e-08
1.460084793663585944e-07
1.574185159566216225e-07
3.892440671982297371e-07
6.325190354478503493e-07
2.459437940663645970e-07
9.223927859544494642e-07
1.878063586100593694e-07
2.825763333750979186e-07
8.163836017308150986e-08
2.965690048915281718e-07
5.928466789663631454e-07
3.720368817947760469e-07
1.861370173143459207e-07
1.041435523500807488e-06
1.416710264284019348e-07
1.537351300052275581e-07
2.414079626724457004e-07
3.750199472581628297e-07
3.809344904405392872e-07
7.643911325876314972e-07
8.626255627189831490e-07
7.280267571864864035e-07
2.063262293790450214e-07
1.243219473093340098e-07
2.267427311289932028e-07
3.624863799842334970e-07
4.389045676028977125e-07
9.718484441195762011e-07
1.190881393661106520e-06
9.411730458334320706e-07
