1.175507315252633304e-09
-4.346451602233959765e-08
9.817246236920503430e-08
3.226522930500452480e-07
6.211275554571547481e-08
-3.042283375903340219e-07
-6.548797262172062572e-07
9.703749748736756445e-07
-2.893325525780991960e-08
-1.269543617657708123e-08
-1.827325238403640544e-08
-5.575348851021498067e-08
-1.284197866919396255e-07
2.528106421712138383e-07
1.492843975905180580e-07
-1.308722332367644034e-07
1.012693883379281847e-10
3.832330616045371926e-08
-1.575224218544169945e-08
-1.076938773509418191e-07
-8.757395593612777306e-08
-6.285563968294627187e-08
-1.836588572414289285e-07
6.737686210096162637e-07
9.336633216438892874e-09
-5.507264833994789187e-08
2.488517905502130974e-09
-1.259689822545259978e-08
1.668633778516146753e-07
2.409737480749310327e-07
-1.333615077434547260e-07
8.432915412688913049e-07
-4.695154069661610337e-09
-6.751312736835690846e-08
3.938858639559200419e-08
1.531367223146603264e-07
2.059938212484977853e-08
-9.000364337121034136e-08
1.817321836733375168e-07
8.670530387494137044e-07
8.588869461091781225e-09
4.621313565906283500e-08
1.066425889247709429e-07
1.026872711881044599e-08
1.219350948194449880e-07
2.295232930003432740e-07
-2.437130863185281436e-07
-2.276123934232284127e-08
3.038075005934241914e-08
3.416578341141896709e-08
3.900588543147192460e-08
1.094743470165866583e-08
1.457037607271117913e-08
5.930015845416220410e-08
-3.615337231171677260e-07
5.966213226851227410e-08
7.446896154697099047e-08
7.536368143922195335e-08
1.390183999631009184e-07
4.897903714461830252e-08
1.340956479995320991e-07
4.442413312391272183e-07
4.893935626061195393e-08
-4.353982477851677137e-07
4.550668298714742645e-08
8.389576338947341167e-08
1.303571771522089494e-07
8.573558930529981633e-08
7.950931216479496587e-08
1.914434260468294466e-07
2.197431142555814726e-07
9.976933233004106301e-07
7.229017643122881183e-08
5.367660928514077333e-08
6.893765110392023185e-08
1.281717317687833237e-07
1.542621774100410947e-07
2.850690762295070521e-07
3.910486158598441647e-07
7.073533959432087983e-07
6.116037776668500740e-08
8.631707199413702428e-08
2.598527326854090006e-07
9.945914250084898330e-08
2.605050092513154119e-07
4.540321472966569341e-07
5.045464684621488000e-07
3.903201279277523825e-07
6.961790414288133343e-08
9.583895179765113458e-08
1.384884979349855583e-07
1.435203458269908886e-07
2.420164831379385146e-07
5.556675387269704886e-07
7.213443942284141640e-07
9.786493870182395227e-07
1.285473697480542437e-07
1.353811694213139670e-07
2.192519528330521603e-07
2.954043810277713732e-07
2.818291515209483115e-07
3.688681847020697935e-07
1.106472418744858133e-07
3.237012629180102770e-07
1.293300584532550123e-07
1.833908450065802261e-07
2.870339121321152754e-07
3.016537985767247401e-07
4.087798185694027182e-07
6.996222354979563976e-07
5.622248937441520897e-07
7.112069026783406306e-07
1.887854071872219159e-07
2.043981222839091592e-07
4.059494795892619433e-07
3.875305184668914985e-07
6.583756420906251837e-07
8.346680355487316746e-07
8.154478741705521785e-07
2.354137294396891277e-07
