1.776559479187536414e-08
8.423368228975000605e-09
-1.091101278448139854e-07
1.273464573102214736e-07
1.942515307166089055e-07
2.014826431724388950e-07
3.769025408732906468e-07
8.310291854010494068e-07
3.964876428195603682e-08
7.397633676383545349e-10
-2.819252006953173250e-08
6.389632499756289389e-08
1.169306748636122791e-07
-3.373018959537285803e-07
-1.419244736486566558e-07
4.854660180854878855e-07
1.678029000650512552e-08
3.406421086287442273e-08
1.042692836897877489e-08
-6.205458359955401242e-09
3.992922229596219009e-08
-3.394938673784545621e-08
4.096079213510261256e-07
2.903679983874948780e-07
-7.618268603000614594e-09
-3.218937490652024785e-08
-1.077948771545531228e-08
2.851958146230368266e-08
1.246845681589628609e-07
-1.825161847003208557e-07
4.376948426029194667e-07
-1.188761945350034407e-07
-3.824546314338039839e-08
-6.758474849774034796e-08
-4.252421033353023267e-09
-1.266396316502584711e-07
-6.798722520467874289e-08
-4.858074121972133736e-07
2.461428199047468749e-07
-6.363978522647755886e-08
3.813908992386815310e-08
2.228364110900120006e-08
-2.208368721409258408e-08
-2.155969740682623123e-07
-9.702838978478430600e-09
2.652201193997281324e-07
7.189848319739738027e-08
-3.724205917573808845e-07
5.448385279619770824e-09
2.056619866925435421e-08
6.325866746909591929e-08
8.318573263680735882e-08
1.807488524465124307e-07
1.017951653205003884e-07
3.115641673773895410e-08
-5.419766270818205041e-08
-7.126772508650347300e-09
2.848292389372735863e-08
-6.769332273515169992e-09
4.734789466468738772e-08
2.191760273528758800e-07
-3.710654405840895971e-09
1.325920159087174618e-07
4.815479285311357901e-07
5.568618398081059984e-08
5.317769617594472146e-08
1.052766267026819400e-07
5.030743720623861818e-08
1.149558124254791748e-07
1.146891173846141328e-07
5.482704618480070385e-07
5.500257166442337052e-07
6.341599401122586822e-08
1.207833979821306139e-07
2.091273402353311436e-08
1.936285871693005287e-07
6.338680170074638995e-08
1.987336533309179814e-07
-1.182664218680276120e-07
1.327970902668216022e-07
7.479047609622837198e-08
1.075516501898170098e-07
1.216917226959933138e-07
2.091597495438399300e-07
2.728086580949372210e-07
1.148909110137404239e-07
2.853637347636383198e-07
4.360340290839364368e-07
7.556339754441209377e-08
1.151153386978581143e-07
1.176638672157485375e-07
1.890129448546325883e-07
2.266316346340283907e-07
2.464353767562442868e-07
1.576186836378339592e-07
4.489359395083636393e-07
9.726729485471646366e-08
1.508654061953870338e-07
2.638510538729706099e-07
2.955439911058108096e-07
4.355703016834237246e-07
4.296010663852378217e-07
3.458413413293071126e-07
4.035035529705604213e-07
1.325106174228542277e-07
1.238231290856269589e-07
2.497569070662583957e-07
3.338490601273093893e-07
3.199019174835903447e-07
4.208991593179364474e-07
3.953194337761070439e-07
1.170447358892562345e-07
1.708978265699142107e-07
2.340657787858067738e-07
3.027763191608399662e-07
4.193583539954695673e-07
3.873579700175640658e-07
9.178791951588065568e-07
7.602439854874914295e-07
1.101988368646434309e-06
