-7.017118795906376507e-08
-6.901986389199206773e-09
-3.417980669529139473e-07
-2.734630677052053434e-08
-5.075420239335417690e-08
6.985147350375067743e-07
-8.313994150251775404e-10
4.308506547264537971e-07
1.774478372357082583e-08
3.931154912299858078e-08
-7.962087519851284373e-08
-6.164340829711741547e-08
5.972564301619175306e-08
-6.782398514136578630e-08
-1.412294507319097527e-07
-8.581171810556054384e-07
-5.820590145696229425e-08
-2.877400583881425444e-08
-1.147015074622529400e-08
-1.164764063358103352e-07
2.092385081157545171e-07
-2.849015217838367739e-08
-2.072459121561985137e-07
1.129866969865806065e-06
-1.445885170262441877e-08
-5.908859229295157546e-08
4.241550070084714421e-08
-6.038594186882513954e-08
-7.872229971063841585e-08
1.598022277919426325e-07
-5.797758779953379014e-08
-5.762833099723562450e-07
-4.879639905020533069e-08
4.623514347379808912e-08
-5.555369678431484736e-08
-2.882363657008133436e-08
2.383283309512278939e-07
1.613505938583132351e-07
-1.806972833141070154e-08
-2.121740179716111518e-07
4.328880185790981394e-08
-4.782410060967976771e-10
3.961203741127085163e-08
3.944518676389271277e-09
9.818033172450107440e-08
-1.256260420880764541e-07
3.334291422920028557e-07
6.125634110826079860e-08
3.478931667721253210e-08
4.708708839298157609e-08
4.275156854645151946e-08
1.111824454051357218e-07
2.534070893840708565e-07
2.026240521549877115e-07
9.141922261558182062e-08
-1.785115673616497115e-07
2.898205856300791378e-08
5.371156309712727072e-08
-2.300504598700346524e-10
2.414722224988412520e-08
2.978156325557912429e-07
2.811229635939673689e-07
-8.707897967693354938e-08
6.700049466980543432e-08
2.252211528883291959e-08
3.863431795187253011e-09
7.392396344888587027e-09
1.338002482663713677e-07
1.251918308364750181e-07
1.711797881218750975e-07
2.664072912488591613e-07
7.816347309805950586e-07
2.817974900575786621e-08
5.192252895196246519e-08
7.040943906752883783e-08
1.459951941059676535e-07
9.440345306299087947e-08
1.118798667644445451e-07
5.536018377457416511e-07
-1.237326655247524645e-07
5.528199827688368613e-08
8.938455981467025792e-08
1.383652097488834535e-07
2.035758315893829071e-07
2.974997662293896067e-07
2.574224658393330272e-07
1.575418260163191216e-07
5.892519623540318554e-07
7.180082741795922608e-08
1.570651842053460548e-07
1.183955721095108179e-07
1.148870374550411509e-07
2.741606421919585380e-07
2.854706000207370414e-07
2.574931947674855989e-07
4.696116666245059466e-07
1.076919139428968121e-07
1.991635594771503989e-07
1.096848723335120940e-07
3.417158804009477594e-07
3.953236683759349671e-07
4.149866408464007165e-07
4.509692450170924715e-07
1.205540334425007385e-06
1.156100851384755054e-07
1.783179822109210869e-07
2.193660385948079886e-07
2.439032559204139614e-07
5.893324125262569760e-07
8.662179886099305226e-07
6.533594352385999538e-07
1.143972529487377842e-06
1.463324391525711419e-07
2.973678480558863314e-07
2.930940034184681588e-07
2.866339500417044628e-07
6.473599718308880710e-07
7.655721637685289314e-07
9.238172443555507929e-07
1.883615950129690168e-07
