4.093909226203890307e-08
-6.403731906484661772e-08
2.553609386396789306e-08
2.156080679870098391e-07
3.865521071432176513e-07
-3.737038123577767134e-08
3.879670501935553319e-07
-1.088387019074871843e-06
4.201832102142248815e-08
5.069835506246739517e-09
-6.190875015934376035e-09
2.912343980523097111e-08
3.107382220811721708e-07
7.387930618612517449e-08
4.415542560416104539e-07
6.422980475976663255e-07
2.042630049962911726e-08
6.162270169739120586e-08
-1.324329513726405445e-08
1.001127374009206026e-07
-3.190108456938936691e-09
-3.001451616869121884e-07
1.264935840420677266e-07
-4.224687177484130088e-07
2.114496305057228066e-08
1.905899120883629996e-08
-1.253656346002394904e-08
1.271333654680235864e-07
-3.753604396867503437e-08
1.506386757447115678e-07
-2.960727028293603836e-08
-3.650093339375911719e-07
2.895920701620968730e-08
4.833745534968271673e-08
-3.664608997653130275e-08
-6.332902079981961260e-08
-1.646413271632890992e-07
-3.034590325894750844e-07
1.001350598277938961e-07
2.006806477333647112e-07
5.240223905780010068e-09
8.924453917362823942e-09
1.136178710247194660e-07
-8.391202985772155334e-08
4.400962194895356634e-08
3.130643214708098996e-07
1.134690547972582795e-07
-8.492932239738799115e-08
3.703356629140563811e-08
3.693974327707607019e-08
7.705755202262471689e-08
1.315620778364280006e-07
4.388291820290640199e-08
7.188212179851791452e-08
1.966098612955052151e-07
-2.108759262067332516e-07
4.423783413765035364e-08
3.991867509556904059e-08
1.049238469543790913e-07
2.116107111014777353e-08
2.113235067717108352e-07
1.713099795034439253e-07
-3.699217349745896603e-08
-1.066471975949880387e-07
1.824510610393981956e-08
4.751091364883189277e-08
1.123436566510507648e-07
1.703578810091731428e-07
8.198372407481853221e-09
2.859252674176723732e-08
-2.628417707950044297e-07
2.624452051914573396e-07
4.205775846015995348e-08
6.997246958979692265e-08
1.240701386737114737e-07
5.224624447016734439e-08
9.456560802652438212e-08
2.415276996141574749e-07
2.943559290980663506e-07
3.715684818350346000e-07
1.013657955810650055e-07
6.830429484878136400e-08
1.431264953264297189e-07
2.125477441644817840e-07
2.076380528468950657e-07
2.454219015821870235e-07
3.467098024971982108e-07
4.094513535668971700e-07
9.183294255921586393e-08
1.322025184477023955e-07
1.769424302928660043e-07
2.337156451866549952e-07
2.568949132960337804e-07
1.494341987344745143e-07
2.417522591479199506e-07
-3.461502306570305927e-07
1.269691988403247181e-07
1.761825926194572824e-07
1.735826910454788044e-07
2.351509811702152111e-07
2.194400737310739102e-07
7.093528398211664247e-07
7.094531952541435399e-07
-1.100663000717343244e-07
1.303165086723669220e-07
2.271698193801948086e-07
3.066813220735373575e-07
4.123215226533753721e-07
4.621536133040234937e-07
3.749510630459258589e-07
7.647067556174005197e-07
4.756664280323276840e-07
1.671133633851800425e-07
2.541554513902271887e-07
2.976598274326431884e-07
4.503085452878520005e-07
4.889872653357686959e-07
6.297585208761330558e-07
8.075125544458633298e-07
8.449569912627070642e-07
