8.366618014202008928e-08
4.515037572730026194e-08
1.010857665685005167e-07
-3.762338251176720733e-07
-3.994898629714049272e-09
-6.857800402846785389e-07
1.622959678575580717e-07
-1.127826348605576354e-06
9.587686827515643255e-08
3.517941699895264125e-08
7.501544845350113316e-08
-3.787650240873035121e-08
8.680549926680284394e-09
-3.512313315253566080e-08
2.388385571494634566e-07
1.667064666113231072e-08
7.048207720635153302e-09
-1.077561701446587717e-08
1.391879291841404323e-07
-2.322311271987902625e-08
1.045224302976889742e-07
5.653377935144690648e-07
7.946944776471088910e-08
1.212900161608178672e-06
3.372765199903875416e-08
4.858122737381279828e-08
-2.927040656473102769e-08
2.419508860040558755e-08
-7.555720679764608149e-08
-7.032367464367755214e-08
-2.554916962268019967e-07
4.849683464906535390e-07
2.477480648043594901e-08
6.218194391148744184e-08
8.212994165330484495e-08
1.855254728967733228e-07
2.098729560903153796e-07
1.581768694066787578e-07
1.189764642213546388e-07
1.118298645488768090e-06
3.134500103066914140e-08
1.165638040441015722e-08
1.070817285153491106e-07
-9.111788839656463938e-08
1.164142682873053755e-07
6.746941283609096818e-08
2.831984525340193242e-07
-5.571015878021990354e-07
2.695303033652960406e-08
1.155475473742041953e-08
8.380916757584021166e-08
1.038806538410806093e-07
3.339957587327088747e-07
3.118970928268402838e-07
2.352866187605266355e-07
2.495213042390822416e-07
4.221652098702640294e-08
3.051710070713410711e-08
-4.118465331424330058e-08
1.463346481405562370e-07
2.079024545782683445e-07
2.798925175852303878e-07
4.572358343828999854e-07
-3.696277021251499489e-07
4.299676651365427483e-08
7.357258574801332317e-08
5.698749601245835114e-08
9.672762724703480445e-08
2.512425601291609180e-07
4.102953460207596857e-07
1.876606813584789641e-07
7.349631114498798122e-10
7.394788029466497097e-08
8.958472631632285587e-08
1.115913592565482026e-07
-1.799258704611224047e-10
2.115924740397275181e-07
1.557322967152760950e-07
3.630394107912063069e-07
2.312375035595769835e-07
6.980701438730401072e-08
5.813163621676098259e-08
9.639287118221852216e-08
1.452158317845969217e-07
2.205894425760839483e-07
2.540889263198262895e-07
6.695950972759557268e-07
3.714151257323264992e-07
7.925462345441020000e-08
1.354092416405273925e-07
1.146083912798131438e-07
4.453582110953203575e-08
2.658155007872683825e-07
6.025700125911159372e-07
3.051653992111440963e-07
6.029049661047614521e-07
4.841468482547248354e-08
1.128896339872507210e-07
2.129665637841763066e-07
3.166427314491695171e-07
3.418914150471544803e-07
2.133416092917326954e-07
6.904503278269237633e-07
6.222398889790207008e-07
9.760440441633773847e-08
2.091261903670714590e-07
2.460790646212912917e-07
3.790519251728181645e-07
5.523723656937571657e-07
6.930220942865259081e-07
3.431716274186776863e-07
3.260442120795023065e-07
1.907116151028129389e-07
2.939267629185290320e-07
3.880761126931012226e-07
2.472616382680552406e-07
3.442879435183900108e-07
7.060601804503377473e-07
2.176353491611482813e-07
9.594147965526019321e-07
