-7.146154832725486817e-08
4.311972203550787497e-08
1.037694245205696118e-07
-2.680340369357653210e-08
-1.301844376855043796e-08
-2.557050565841266958e-07
9.518968788815345559e-07
5.244836131925925007e-07
1.521948128298143228e-08
1.006636012825095713e-08
5.477776553586186513e-08
-3.704974003603989606e-08
-9.978246850673284506e-08
2.124294231430379261e-08
-2.491374788753289063e-07
1.471906971869424713e-07
8.758966135699437711e-09
2.256564063027255018e-08
4.262486589027815433e-08
5.730741842619338806e-08
1.390010575251691723e-07
2.875796011364637511e-07
-3.252474575044554521e-08
4.011560549503361389e-07
-1.202200035034956421e-08
5.089376647096863957e-08
8.114666047392095862e-08
2.384071235430240293e-08
7.950058283671907447e-08
4.395546407697844279e-07
6.406477265359385699e-07
1.222383019380790290e-06
-2.550685399891013774e-09
5.884794392958509954e-08
2.759425596305571602e-08
7.571348555127994240e-08
-2.719654432180476609e-08
2.185679349883912062e-07
6.065819239296150699e-07
7.548551751666798761e-07
2.396588193450646600e-08
1.014756615171510320e-07
1.588642255665138012e-07
2.352755826790718602e-07
-1.249950971607504121e-07
-4.792445258671626307e-07
2.224874005800551709e-07
-4.255484021549016489e-07
1.349827104042525939e-09
4.380625852519465752e-08
1.189641374719341736e-07
1.116004025578326545e-08
5.972409218101937362e-08
1.120027120122563960e-07
-4.825898134310964048e-08
1.475667211896063210e-07
2.975564057785035294e-08
3.098767795087712745e-08
6.530181915483440989e-09
1.333953817893485378e-08
-5.099657266334106694e-08
-4.379849081737698394e-09
2.989583544058592609e-07
1.339999934524401705e-07
2.621595952049184123e-08
7.988214234368262490e-08
1.006251197283595394e-07
1.522282614429319499e-07
1.731915723533685559e-07
2.805238289997649943e-07
5.045923842879034411e-07
1.095072468453015009e-07
4.395100308233204443e-08
5.202280881441623008e-08
7.287928362822188518e-08
1.020538800041908377e-07
3.363516728824867764e-07
2.237430493161106176e-07
1.424712333052384114e-07
2.640460810381972784e-08
3.943486323200924751e-08
1.099416092968609908e-07
1.625812680004234482e-07
1.304286112487973212e-07
2.757737243434215110e-07
1.368666941875684109e-07
2.237729603252259914e-07
1.125452739629273739e-07
5.998583629406851054e-08
1.015217859504279580e-07
1.963859942517437246e-07
2.370614480401609471e-07
2.189749388724513742e-07
4.635165894768688807e-07
5.075227289228991245e-07
7.279040195898080138e-07
1.186024117496224783e-07
1.950270002869620471e-07
2.585532889452898395e-07
1.562538559158575978e-07
2.887825210686128008e-07
7.666822058579388522e-07
8.965109784194079664e-07
6.012067573413558760e-07
1.124854229552579895e-07
2.415322649444322864e-07
3.480334229835766163e-07
3.411564635972884059e-07
4.121549998723435326e-07
6.695357920039509130e-07
4.618994438334840908e-07
3.374445732016724051e-07
2.396028241685092391e-07
3.829586309571326615e-07
3.582187152404857677e-07
4.104439311470902164e-07
3.679342947451725755e-07
6.026983876770945690e-07
1.673515108823966449e-06
7.867059224603615717e-07
