-6.145292693071398969e-08
9.223867528930023384e-08
-1.452485114300700259e-07
-2.825615692831114825e-07
2.674951944239676408e-07
4.275058684876590901e-07
-5.091395886866612936e-07
6.357314124854900916e-07
5.160531471654634254e-08
5.883785534956821162e-08
7.499791789026968877e-08
1.833496936525312883e-08
-4.709082767599520633e-08
8.115754203641669673e-08
-9.252522648442003736e-08
3.336653500381274571e-07
1.079689892849812559e-08
-6.946274497608478522e-08
-2.838951413512741625e-08
-8.452528158805942413e-08
1.285017752129303708e-07
1.721458051052320836e-07
-2.841315189815125613e-08
1.570995993271362194e-09
2.497997401587125768e-08
-4.980525448942060318e-08
4.392999715698052281e-08
-6.703965192335561994e-08
-1.313887702271697620e-07
-2.466204527630665374e-07
-4.279157313778695855e-08
-1.673469079482405761e-08
-9.281470251479016182e-09
-2.867671541685005742e-08
-1.613310859349941105e-07
3.122754868900843743e-08
3.576794922662648277e-07
2.209113796125544384e-07
1.912329356641841616e-07
-3.348205721744426107e-07
2.233246937649998257e-08
4.635242779389244689e-08
1.968449997402423517e-07
-7.954714891385761157e-08
-4.532810253091190680e-08
1.259052601072314379e-08
4.354682903660757402e-07
3.437443836535250383e-07
1.586751004362593516e-08
7.272413392025443506e-08
-1.460024706199319761e-08
9.900690345531168165e-08
2.098185506768964170e-07
7.390099151792126178e-08
2.450841990361488847e-07
1.940313217161620409e-07
9.467145217092666253e-09
6.229489261321606166e-08
7.605026446160790344e-08
7.601861313634959313e-08
-8.431452113515282236e-10
-2.551295912390562898e-08
2.102107564307078268e-07
3.427280130954289464e-08
1.057761692194631509e-08
8.096251281150614715e-08
4.147643963774773358e-08
9.835975644704909067e-08
-1.484646905019449087e-10
1.316812810639803822e-07
-4.705606670060916331e-08
-2.219316105694818959e-07
3.800542346637967697e-08
1.233398004159438473e-07
1.338312886177753157e-07
1.157578322765389421e-07
2.665752994210250743e-07
3.028707709389942014e-07
2.585478400591754641e-07
5.002370819133454996e-07
4.423303472486581608e-08
1.042857373848653780e-07
8.458502275971957322e-08
1.204387150911626183e-07
3.185103924060587049e-07
2.018366412506810459e-07
2.764866831266016680e-07
3.911977847377288155e-07
8.029441026691643591e-08
1.282213681165928464e-07
1.996572175428055186e-07
1.832773190404468023e-07
3.109725697413164456e-07
3.590895123338748689e-07
3.987344385228764852e-07
2.735748277312459462e-07
9.446131922998402379e-08
1.595933787742193612e-07
1.730768070883819290e-07
-1.781073521842210114e-08
3.191161396594047053e-07
5.551179070881538306e-07
6.697642733744962671e-07
5.168682445628728535e-07
1.050410654626740043e-07
2.159352701139133659e-07
2.725844610699711739e-07
3.084832816885116945e-07
5.110496726771451785e-07
7.215341883926954076e-07
4.417326327083499807e-07
4.700646072928262759e-07
1.446140436652867530e-07
2.325038484384099927e-07
1.730152601868481704e-07
3.968693139111154124e-07
4.257808622476698879e-07
5.439500975392537104e-07
9.047179262144268255e-07
5.928228046589405903e-07
