1.116780627858500261e-08
1.350547697062602237e-07
-6.428514307705945650e-08
1.372584097559905625e-07
9.035240031337051522e-08
4.839692476891382570e-07
-1.196458667329421373e-07
1.967326300891704141e-08
-1.271502496407171258e-08
-2.129309654558408074e-08
-2.581691046801210689e-08
1.573102310151988098e-08
1.291934106967493599e-07
2.635433703047791684e-07
-2.588330256024345122e-08
4.980600013105115893e-07
-1.127609881629212908e-08
-7.012838366110509004e-09
5.527290650017663250e-09
-7.319041769571686348e-08
2.628146601143780207e-08
3.572623151604676830e-07
-3.778116715285702043e-07
4.617658206379557973e-08
-8.948597980771780843e-08
6.776895244152740251e-09
-2.590565624902130399e-09
1.186652975153324392e-07
7.735138667109632890e-08
3.209050748489755157e-07
4.159740978186182452e-07
-7.493425185327103898e-07
3.135129053177627781e-08
5.254789048160597308e-08
5.475399869738714131e-08
9.855878724206568206e-08
6.328311839220545357e-08
2.137839578708858781e-07
-7.448062574985525929e-08
-2.978260965373063375e-07
3.244164114975698180e-09
1.077209213680921765e-07
6.037735354367031599e-08
7.425849319390835809e-08
-3.254289146943884526e-09
7.914448235173864885e-09
4.043610609365967118e-07
-3.879510964632407654e-07
6.414442710948538332e-08
2.587254256241797456e-08
8.564191213987663061e-08
2.013864023520715771e-07
-6.447209040709653359e-08
1.549506309432232298e-07
-9.344974094060792232e-08
3.928976488651022998e-07
2.621404796865168559e-08
2.798823542777742094e-08
9.470726917991738028e-08
3.198465726305030839e-08
-6.327437144971396901e-08
5.323631375089348837e-08
3.996520142308030401e-07
6.173899221962004450e-07
3.376417952338783014e-08
3.534272506202950246e-08
1.032624025467583952e-07
5.327882306468910062e-08
1.101111644363424964e-07
2.746646918269342539e-07
9.542612024680831014e-08
2.694943495818388029e-07
7.092199255589854041e-08
1.166055144390807861e-07
2.990634597549156592e-08
2.518552261898795878e-08
-9.675335935333785984e-09
5.396001276018763322e-07
2.230946565974031227e-07
2.488567740040655103e-07
9.417922918609117578e-08
1.122574464707374492e-07
1.742733024223426433e-07
1.599645540125265190e-07
3.347947403391060780e-07
3.896412062424608726e-07
7.517312564157904996e-07
9.264355871066700972e-07
9.568525465184792360e-08
1.485825680264650637e-07
1.246213982756553873e-07
1.728842594130844833e-07
2.581619621432312600e-07
4.725091805441257371e-07
5.611462566917432106e-07
1.255320678752388468e-07
1.074091586775609476e-07
1.277834926416327894e-07
2.361227159770755876e-07
2.874887177613673637e-07
4.200553524992848328e-07
5.573518531675207728e-07
1.160626560440049444e-06
8.767757058084489860e-07
1.247980418146885111e-07
1.284014201909338004e-07
2.647464251149708924e-07
3.552819094307231677e-07
2.159101354854378833e-07
6.035886004614341921e-07
3.876969449546434964e-07
5.937861778386492013e-07
1.856965043010810631e-07
2.340398404332929265e-07
3.395338051413528670e-07
5.130566749762872847e-07
4.656983203057930172e-07
8.194714365220790137e-07
5.536606456627689298e-07
1.351816767627533957e-06
