9.329257903580604985e-08
3.031248760557938978e-08
-1.434742714399143782e-07
-8.974621321079042902e-09
4.860913481724445128e-08
-1.378945079317405995e-07
-1.050492283829278715e-06
-1.071444573897512759e-06
-3.709509371383152928e-09
1.236456702424284180e-08
-7.462919143768850358e-08
1.730146993298716190e-07
4.640234360097512472e-08
1.187911163881994270e-09
-1.069010189911850356e-07
-5.718528226460673610e-08
2.393095111755168765e-09
-4.038355312378491775e-09
-8.824043918773660643e-09
1.174319488281059818e-07
1.300904848273389326e-07
1.487365518846082051e-07
8.169700764211289263e-08
3.051437624644555673e-07
2.260031660559997193e-08
3.273464468758624168e-08
1.200119055788966167e-08
1.293877192669298933e-07
2.497468340569738444e-07
-1.338954066612281830e-07
-3.977360832509475318e-07
1.559809755931328502e-07
2.408607923604276748e-08
-5.361389160971857616e-08
-8.334066252579056331e-08
7.625493572924936909e-08
1.688961741506930128e-07
9.457643951304159965e-08
5.040468776250304466e-07
9.812935264971309953e-08
3.291945952197892778e-08
1.613259729573349830e-07
4.146579565157138582e-08
3.665016490678715779e-08
1.395708386914298392e-07
1.264805105947149634e-07
3.445684979634158781e-07
1.648404477529084947e-07
9.573923700547071513e-09
9.278071856944876079e-08
4.325932296635201736e-08
2.688995226985562696e-08
-5.860659397121136141e-08
7.604866714203033038e-08
2.855623564033085909e-07
2.912434293710714266e-07
3.552568826155532670e-08
2.447057334369237398e-09
-2.966668288678959811e-08
1.180263058051062412e-07
2.642039962304184123e-07
2.864139205444076767e-07
3.639565315702190867e-07
3.417605651109074195e-07
2.953626519300332165e-08
5.004232110551604447e-08
3.157025487061002897e-08
5.943919430481046667e-08
-1.990217330355107227e-08
2.955717113362734087e-07
4.798703241648005093e-07
-1.825235295766577136e-07
8.219196292587603811e-08
1.116063135014439655e-07
1.039755167905136369e-07
1.868251389040541776e-08
9.124548933072144123e-09
2.883242048346947812e-07
4.074356071136103588e-08
4.283648079657284411e-07
7.952157142305584110e-08
1.221731188664399770e-07
1.051854726994763570e-07
1.464726105080202976e-07
3.475849862867250209e-07
4.239786397749974025e-07
5.280947756275093996e-07
4.563142034484079537e-07
5.607085184348902934e-08
9.437901960591348167e-08
1.390716755098278887e-07
9.609900743947624661e-08
1.883206652206962989e-07
4.716451857855441474e-07
3.661663703758866101e-07
3.979124050349544391e-07
1.584427930265887364e-07
1.927400810682370206e-07
1.462306904925794586e-07
4.357538222378473959e-07
4.042358045313518654e-07
3.271344065274697435e-07
9.045659328177341502e-07
5.822819825294858937e-07
1.372913621124975935e-07
1.358315650957044050e-07
1.812350500848021236e-07
3.967161833363627050e-07
6.695894973782927800e-07
6.737340517370609286e-07
7.772372089389775534e-07
1.183231531001411246e-06
1.462194057407651009e-07
2.776080167655849707e-07
3.961576602182933114e-07
5.451045729867491714e-07
2.551341180911273958e-07
7.069615861427733936e-07
9.564320872605709412e-07
1.409871660527429997e-06
