6.517720724575515655e-09
1.134306014772350916e-08
-1.750188788081122544e-07
-7.453806904610197935e-08
-4.142403316502091373e-07
-1.646861530066336400e-07
-3.309060174386495319e-08
-1.174591888706321668e-06
-1.398100323704931768e-08
5.968626274472430768e-09
6.047298253321097500e-08
-6.509492898537004239e-08
3.492878118300546615e-08
1.911729265466182702e-07
9.898767096556019595e-07
-1.422922630458285479e-07
9.307475420549351394e-09
3.004588742678018775e-08
9.116673475072065531e-08
-8.789835901712301186e-08
-2.224339885355838043e-07
5.954888086838073271e-08
3.961637862758710516e-07
1.542770387858731760e-07
2.262337355623764917e-08
2.481313674788486442e-08
1.306434871377524987e-07
-9.489328919046156957e-08
1.075166287588417790e-07
9.599500682827086529e-08
4.665709310130107609e-07
-2.821873212106424668e-07
-2.888210900636912378e-08
5.971562293107019163e-08
2.094414305183829202e-07
6.248646407028225125e-08
-1.347738244054368695e-08
-7.752897309198592544e-08
1.912325856531664344e-07
5.478325486423845802e-07
-1.841499476140595105e-08
-9.016278727344533657e-09
7.892599568021598554e-08
3.023229603874483951e-07
3.568191739965604205e-07
5.023062714439927690e-08
2.405062971440786253e-08
3.144650254025422324e-07
3.585615468711870173e-08
2.811757871230449401e-08
1.985466510630339310e-08
9.129596111479841822e-08
-9.812082586390492648e-08
1.264190392747508044e-07
1.887266520038584217e-07
4.795855283653323501e-07
6.224480400506937596e-08
1.218304100218795804e-07
5.280799927243865323e-08
6.306540386995550706e-08
1.625026550256049079e-07
1.194797738876333860e-08
4.051166440845968527e-07
5.159693910846012753e-07
3.232795261666733678e-08
4.625437216065275335e-08
1.275536298944353026e-07
1.747738776382184984e-07
4.005777512104805393e-07
1.026048291107114543e-07
1.823797858274867986e-07
-1.784217263518047517e-07
7.230791517674214366e-08
8.869376146021448698e-08
1.693054236550872797e-07
7.409659109977638203e-08
1.669423371275605332e-07
2.292947510973764027e-07
2.525049318191977618e-07
4.764604568328974821e-07
4.519670784912528430e-08
1.109434452465761506e-07
1.724482775767886296e-07
2.809354476809558599e-07
3.823759643867255817e-07
2.121003216857656031e-07
2.646032761885778028e-07
5.907437660541171043e-07
6.147670819560505522e-08
9.058664817516909629e-08
1.237682611033504545e-07
1.078290516315069014e-07
1.332840231667274192e-07
3.530192057914361881e-07
5.408260254908950193e-07
8.614942663231719581e-07
1.099399509675317164e-07
1.683876865324628419e-07
2.129529076649915325e-07
2.015929051924234361e-07
3.260952813689583102e-07
2.622621800823432895e-07
6.731669034216821981e-07
5.050090940387685816e-07
1.258027522572298030e-07
1.674398872088197566e-07
2.687589012408510289e-07
2.860770057842923893e-07
6.050359558269546808e-07
5.952375478849351014e-07
2.596543880028929433e-07
8.078301885191222952e-08
1.950577635573458124e-07
2.789946407677982384e-07
3.851287062109092710e-07
3.568738808799702847e-07
5.167338412220842093e-07
7.843965632793837416e-07
1.117038194194767089e-06
1.049455291083261002e-06
