-1.504051591003894352e-08
-1.928894754704197883e-07
2.061091256108948387e-07
-2.226620765446397929e-08
7.953096030353432257e-07
1.315440618127469985e-07
1.465065065104027896e-06
2.637102122519062734e-07
4.993565134765395545e-08
3.331645117573695654e-08
3.263770912569161018e-08
5.048669959263435129e-08
7.043805422780265136e-08
1.850398205077597270e-07
-1.058696261429927679e-07
-1.037577479265496936e-06
6.227587069394895849e-09
-4.461564366017827580e-08
9.091087950343391017e-08
4.325768291173006543e-08
1.429926656964728585e-07
-2.528591972207237112e-07
1.698405906657141764e-07
2.921461885212972437e-08
4.123582065881514735e-08
5.210240724019370161e-09
-1.086472648733115206e-08
-2.912460893142177291e-08
3.663813370381502136e-08
7.851621510827209118e-08
-3.763202967699103187e-08
1.012361255520847170e-07
3.104244008832945826e-08
-1.091226493728447271e-07
6.206276432270412978e-08
-3.187343018778265460e-07
-3.709172184827082034e-07
-3.048832090481697660e-07
4.623414297250099020e-07
2.975827632379609487e-08
3.053150718557982666e-08
1.289659067686972704e-07
1.208315649412192387e-07
1.408808833947989351e-07
2.093080405894911735e-07
4.097845350278995650e-09
-4.723651395229909472e-07
-1.375716693384730949e-07
5.503944944699119923e-08
1.009730627117092433e-07
5.173813958347088786e-08
-1.198996248204586592e-08
1.979177561451029386e-08
2.981175020438330185e-07
2.145635040072220036e-07
4.910515215865638887e-08
6.224074180607872701e-08
9.934214715797150667e-08
1.306299402843756087e-07
1.469445224779466617e-07
2.528400153266132387e-07
1.535617297872497640e-07
1.056541864747491430e-07
-4.770495967593827360e-08
4.591291277155566839e-08
4.102326859935579081e-08
1.022799873204454473e-07
1.281026129098670038e-07
2.369565099402087035e-07
3.366317948341533483e-07
8.139436113844476258e-08
-3.281701122322441413e-07
6.733476271688205739e-08
8.145674873370971801e-08
1.404385097948727081e-07
2.562123456249054116e-07
6.604720983705717507e-08
2.178124827680326922e-07
5.129189310475708028e-09
4.295303176661054861e-07
1.169484897904070707e-07
1.210278381668555229e-07
7.961259999606139388e-08
3.688795589854051393e-07
2.041770389043153715e-07
2.661998770740614559e-07
6.885768578517943011e-07
3.241935307745871591e-07
1.000134372935281975e-07
6.957307678881665876e-08
1.429482337619852431e-07
1.947177854930709791e-07
1.157327669453312991e-07
5.074633394895497938e-09
7.044056668304228370e-07
5.009757693690688066e-07
1.905729270028238177e-07
1.873774303605114853e-07
7.671104279205526595e-08
2.756624941899727238e-07
4.777582275616614975e-07
4.934904939308739050e-07
1.071831911745627308e-06
3.773931330374758636e-07
1.844842065126096545e-07
2.126288328731930474e-07
1.396064490119186010e-07
2.774549103598548104e-07
4.113935114043928626e-07
5.382085662556277004e-07
4.104369869292423520e-07
9.513429660132758716e-07
1.923215564757947886e-07
2.023667206487970272e-07
3.658203532641530342e-07
6.936006290769707002e-07
7.337430834891561979e-07
7.950763566951209891e-07
1.055592884462414474e-06
6.274879375711429841e-07
