-8.524583761726142866e-08
-2.883119857963934197e-08
-9.745692778274177045e-09
2.422877614113084644e-07
3.765094434464111048e-07
-4.851084888725439934e-07
-1.672108641010862724e-06
9.354982501643277639e-07
5.225915964890768524e-08
6.195439836981520804e-08
-2.203557460892015986e-08
9.615970897328766326e-08
7.682205671267645139e-08
-1.614991431136672538e-08
-5.833400004168558641e-07
1.119572951267507242e-07
2.644470076485122318e-08
4.858020189902306206e-09
1.604078904211796296e-07
7.544778205671075338e-08
2.295200539421520343e-07
1.058866081427181906e-07
9.178791614189069847e-08
-1.755156941883188730e-08
3.070196403541227138e-08
-3.909059696388231961e-08
1.388293208936313015e-07
8.461791841992147132e-08
9.697780417675096097e-08
3.209876416791727588e-07
-2.978996670457055244e-07
3.523325425315524444e-07
5.642105791157272962e-09
9.770748102942207372e-08
1.703306311267071588e-07
1.342255544670160330e-07
2.490547447884730335e-07
2.542164616844117629e-07
-1.191654531092475409e-07
1.638894758713407711e-06
-1.929731028153660941e-08
5.660802202875437317e-08
6.248463931355056096e-08
9.638816219466595363e-08
6.079061996973906256e-08
-1.053951326929529434e-07
-4.644124303468520919e-07
-2.323332125379852685e-07
5.245438946345690537e-08
5.676479377123644478e-08
6.599055262071610790e-08
9.299757166747722449e-08
1.284415846901282524e-07
2.442136717356087442e-08
-3.496888626774447266e-07
2.859895105022718546e-09
2.427313915907760136e-08
6.279191061082836200e-08
1.241534979400597333e-07
1.309547767813813609e-07
2.294678155810285940e-07
3.531387716894587593e-07
1.875547961554011532e-07
-2.323417206337537771e-07
4.450869350234055548e-08
4.548773635750051107e-08
3.296533093010121397e-08
1.665497871097364939e-07
2.931163259248655641e-07
2.516173185137406609e-07
6.222360555810125904e-08
1.844707276865157835e-07
4.486495537413109837e-08
5.750759769936590351e-08
8.050179172205212220e-08
2.635374237508088515e-07
1.993161808854722295e-07
-2.917338315300081087e-09
2.266288347233089265e-07
5.055675992909765357e-07
8.584469335154385595e-08
9.260125282374734723e-08
8.267126860029961392e-08
2.553689781900335770e-07
1.747599670169871107e-07
3.273805995537006860e-07
4.682347342998776931e-07
3.123170683985301517e-07
9.035398074123750962e-08
8.245321316820566444e-08
1.973958279533640212e-07
2.943348445566706996e-07
2.832338430353528191e-07
4.938064804933203949e-07
5.757280596497266619e-07
4.721960578787251053e-07
1.159150492450227643e-07
1.116522376155948650e-07
1.651514281745524322e-07
3.352356041469734160e-07
3.544637028849784296e-07
4.502502629096968641e-07
1.454652613072233562e-07
7.557442088071492174e-07
1.548761362910962200e-07
2.418512890204778444e-07
3.197898368314650847e-07
3.838458724901494789e-07
4.598773163115250768e-07
6.246474875966318114e-07
7.809883196040379328e-07
1.273025601242824165e-06
1.793454766581570955e-07
1.834202515679877842e-07
4.057605347663127521e-07
6.877652467100027467e-07
6.479889048411830885e-07
5.412079563776322329e-07
1.482041340803232019e-06
1.511572094029872153e-06
