-4.109767008622238463e-08
1.768193803244281031e-08
2.357041619083711087e-08
-7.177637958105190163e-08
1.329923574377354324e-07
4.143558037219239920e-07
5.941126676417770158e-07
7.040029553151013152e-07
-2.762867457990684418e-08
-2.374875609306544361e-09
8.979829889153406332e-08
1.663172655896066393e-07
3.316029528418587202e-08
2.691116964992306481e-07
-1.020588584274758120e-07
6.069110104998416172e-08
1.568747141902301153e-08
-2.816719460919410840e-08
-7.470647672685212116e-09
2.393582672249926575e-07
1.696159880989013646e-08
4.591238017543872579e-07
8.299048097921297946e-08
9.993299168250608088e-08
3.166170778473412245e-08
4.156978789531147202e-08
4.515251894295511985e-08
4.253461971857908826e-08
1.379331814331256817e-07
-3.405279579223294049e-07
4.557161943805885442e-07
-4.881927432878587244e-07
-3.328092648612340673e-08
-1.509576865462745169e-09
-5.679085933595073710e-09
1.685026286305467949e-07
-7.280544230380685342e-08
3.441722775151420843e-07
-2.380142049677082508e-07
4.363975643088694735e-07
4.086912953051429589e-09
-5.371361007152453592e-08
7.918575351783632778e-08
1.100441554235073240e-07
-1.038608677686600592e-07
3.485902555953352527e-07
5.234259027946384338e-07
-7.076962319686403066e-07
4.089759631094485222e-08
4.679902017049365115e-09
8.227549489939021682e-08
1.378506276168544222e-07
2.116915457233856761e-07
3.741675781873931458e-07
3.568126796411306798e-07
3.228726434814288416e-07
3.253319172595045653e-08
9.148922043074495703e-08
9.548124837047322514e-08
2.396146838654259039e-07
3.227601310888390506e-07
8.275246270939064305e-08
1.420604904298790876e-08
3.447522984786583562e-07
7.782536248409413918e-08
8.160203919890096581e-08
1.224389011422772494e-07
6.893626239499352601e-08
4.433656132295186915e-08
-1.144410784475247264e-07
7.563018828486790635e-07
4.948964084452094218e-07
2.879087655695650198e-08
6.183936716952106785e-08
7.777269089399079099e-08
7.788126921572584908e-09
3.334242911688340268e-08
1.578672841679428814e-08
4.184545099599821864e-07
-2.684800773455478261e-08
5.108886951034021244e-08
1.022163086216068933e-07
2.216315042449502912e-07
2.021639894725914676e-07
3.127516883747650425e-07
3.756903033553271832e-07
2.859161559786961031e-07
5.294376246670121533e-08
7.780725362620524520e-08
9.530400720433725198e-08
1.604214207628997512e-07
2.930134124925310675e-07
1.816534171322255449e-07
3.724398695104525139e-07
6.103323386007347159e-07
5.102358253171505669e-07
8.374178728857765787e-08
2.068588313444378833e-07
2.535477483284562696e-07
1.526692808244159354e-07
4.798133312241446307e-07
4.262430678758256010e-08
2.917341821248943285e-07
2.748695188106932461e-07
1.467915591173344418e-07
1.757893501179841580e-07
2.140963245016833980e-07
2.951971531141349289e-07
4.564685510390897187e-07
6.134741668233786238e-07
5.257435236353646178e-07
7.871132981676739945e-07
1.620618811769241961e-07
2.162209420536640527e-07
2.986176477251604150e-07
4.323344187943675020e-07
6.498412131941145476e-07
6.938354796965129518e-07
1.210776711033241835e-06
9.527131988279660432e-07
