3.588651228969221524e-08
4.058007883900783464e-08
-7.641809144504043016e-08
-1.246604425995006390e-07
-7.724334530759790351e-08
-6.364682826611748563e-07
6.154673509037867096e-07
1.185812091879868117e-07
2.023790441122750437e-09
-7.863860246518551083e-08
-4.034656641908672742e-08
8.963467460414352679e-08
-5.753401405303987508e-08
8.860685783341922661e-08
8.599337588729851616e-08
2.270708011030708088e-07
2.982244074226750042e-08
-3.863278881409113233e-08
7.417653164467767197e-08
1.047129306679874308e-07
-1.733431509393613192e-08
9.363260323315916404e-08
-1.259067346069891883e-07
-1.971851751613948767e-07
2.322076902361144948e-08
9.004480097724596474e-09
-5.706475567118933731e-08
1.381325979364974381e-08
-2.356535718664360825e-08
2.760636078180634742e-07
3.118643589366676885e-07
-5.743264567984972086e-07
-3.700294857341204345e-08
-1.137953435502727251e-08
3.641096188535728225e-08
-1.697266991494105388e-08
2.536969063783380143e-07
1.904159936576377603e-07
5.231940951428600410e-07
2.936258497981478633e-07
1.762627551134964124e-08
4.710000303175583680e-08
1.079240563491124895e-08
2.083482783096479120e-07
3.285643358175243054e-07
1.191466039814109563e-07
-4.352488867305510595e-07
5.569262131436869885e-07
6.860443091243363977e-09
3.226927449494980341e-08
6.240090525973229388e-08
8.365025932094810041e-08
6.545023710502135846e-08
2.000615048101157135e-07
2.281931971262646973e-07
1.157246067951524695e-07
3.365370927989544116e-08
2.121740576488288187e-08
2.498390831133505724e-08
2.231636078257002929e-08
1.941936735148622570e-07
4.917456433995472050e-07
1.331286532324964479e-07
-3.219961049170542496e-07
6.715723531178829086e-08
2.444131659298619525e-08
3.484830456723855554e-08
2.293570858105646825e-07
9.589169050855830005e-08
3.348858851890542647e-07
6.287580625742121427e-07
1.906842412317663622e-07
7.357873710830764012e-08
4.994742158224026605e-08
7.971157864356673666e-08
2.263349504040973421e-07
2.340911544917090888e-07
1.154019576857217093e-07
6.500024936911441179e-07
1.317428961568583361e-07
9.313848820618489898e-08
6.953410658834497558e-08
9.451407753410407271e-08
2.263648642442120779e-07
2.323552463095404191e-07
4.293016289107725361e-07
4.357258744858645172e-07
9.555359011030352043e-08
9.428785154593314846e-08
9.098673052669438348e-08
1.869375656482617502e-07
2.602212271820039157e-07
2.361436795894489049e-07
1.564778675046448929e-07
7.321629342130655942e-07
8.451663292455216200e-08
1.194014537218265226e-07
1.259919931626445222e-07
1.151515610253218449e-07
3.474975088238187069e-07
3.270922455202373563e-07
5.928517405236672441e-07
8.545435742966810408e-07
3.432092130014646967e-07
1.749798952458028059e-07
2.296127213457264499e-07
2.053591888049315979e-07
4.805575506811882005e-07
3.298501661536548725e-07
5.170989865030898382e-07
7.204619264221344128e-07
5.910325446393821149e-07
2.420609174901191270e-07
1.390467987647817561e-07
2.671296080882241902e-07
5.426461912583415073e-07
6.409064014107858933e-07
5.535190881185621363e-07
6.840212516359350173e-07
6.408019929219917570e-07
