3.587927113417023414e-08
1.168965830710144488e-07
6.399101514947932729e-08
1.879940216450622084e-07
4.791602648198150939e-07
1.968491566817920937e-07
5.464634832818154513e-07
-4.221456810366222714e-07
-3.119903958148511679e-08
-1.376083969014209999e-08
3.570832747133114555e-08
2.043348232840845036e-07
-8.375591952771952197e-08
-8.486368322643068674e-08
3.023270888212080835e-07
-3.593144474374197692e-07
-6.836403514736809960e-08
-8.761693722999905107e-09
-5.717849315488403010e-09
2.256249029397402523e-07
-2.260961274476902902e-08
-1.291752776685250046e-07
-7.547617922076933842e-08
1.863899608023344137e-07
-2.485561404352909304e-08
4.215762284686848190e-08
5.866444703182689436e-08
-1.620828055079060653e-07
-2.720875076899748865e-07
-7.491455993479935914e-08
1.153477059768431256e-07
-2.669936197869893056e-07
-2.781542081362511033e-08
8.036921926076832767e-08
4.443463718496137737e-08
7.141869920566693749e-08
5.366312221344292712e-08
2.590006468083060092e-07
2.168274402335779060e-07
3.930682153600648603e-07
7.550769544096180104e-08
2.822598710977283945e-08
1.246762330874538446e-07
1.124452792482811113e-07
-3.162400775624266671e-08
4.652515493453994105e-07
-2.086471084251757551e-09
6.545067137747428576e-07
5.862520516983647160e-08
4.630467560414400203e-08
2.862805788569719712e-08
4.070693448246599029e-08
5.346281066156023325e-08
2.305518964027480516e-07
2.312147992212732837e-07
5.184779138497616848e-08
3.444855714220403440e-08
5.527322076796488200e-08
1.855025733903335110e-07
2.093086612650385410e-07
7.865013011571176927e-08
3.624260137400319203e-07
1.130917419460308408e-07
6.325632000189250540e-07
7.642520418213262085e-08
5.146423167866839459e-08
1.527028513048350376e-07
1.194392101438141068e-07
1.656188185689016029e-07
2.341903576323930309e-07
3.580347245448723870e-07
-1.785433284377698789e-08
7.272152371114035236e-08
9.067165249681795162e-08
7.825957385850524109e-08
9.851380359499348090e-08
3.166822398135979858e-07
3.314277995680279247e-07
2.664355126642848685e-07
2.907046629369552351e-07
9.470901717137746310e-08
1.017916248211703465e-07
1.310740389289443471e-07
2.131028608500580932e-07
2.770592912107250052e-07
2.933007976371432041e-07
6.297175550420406025e-07
2.458974356411081316e-07
9.337822017688974976e-08
1.109812607196435295e-07
2.180957507482841681e-07
2.278554769192620712e-07
1.786050963356895143e-07
2.244787163403125960e-07
1.155814760288712113e-07
2.569658335371886948e-07
1.611319864787808392e-07
1.641920916500870185e-07
3.716990186178090080e-07
2.357506641790907204e-07
5.184698648937294959e-07
5.197999723004444791e-07
5.513473393307849006e-07
2.687769613451326165e-07
1.681501764567297572e-07
1.750543397855708197e-07
2.342233695929535108e-07
4.135267290338968464e-07
3.329012273199167478e-07
6.040653200842934887e-07
6.821494542961591756e-07
8.789754652214227904e-07
1.809402393455945224e-07
1.780447399463803663e-07
2.028219534003558163e-07
3.168136899078569313e-07
4.960237474147802327e-07
2.205168462564639599e-07
3.885704987071114138e-07
7.081692541990731920e-07
