-1.083524637851358443e-07
-6.562370464506806647e-09
1.032342149724711733e-07
-1.136057689639638046e-07
-6.109567847386078001e-08
1.509804238488069703e-07
2.179515508719547271e-06
-7.457757916055037027e-07
1.998942084253382859e-09
-1.295889461047343824e-08
4.531041714842694389e-08
2.435076218590738257e-07
1.665947902598229855e-07
1.271743338990250088e-07
-2.394219679696590692e-07
-7.000035838473630208e-07
4.460913406474710153e-08
2.730088699432624357e-08
1.452443440394158615e-09
-1.288430314029527017e-07
-9.643236319483490839e-08
1.773284524017167671e-07
3.778053313172105798e-07
7.322142625684540997e-07
8.415961485602291482e-08
3.439496201539866764e-08
1.072855414324944418e-07
1.042686604265758008e-07
-8.149734488689633832e-08
-2.799450612653668389e-07
2.782125048365402789e-08
1.679194248851217020e-07
3.417168263578809289e-08
-3.889035394219874946e-08
2.203584224636654010e-07
3.787728325460254287e-08
7.019797788568566818e-08
2.010475513595668366e-07
7.551213359584725988e-08
-7.742159818798069942e-08
-1.464976086747568220e-08
3.368861440336211955e-08
1.199837977718251325e-07
1.199411465605389044e-07
1.654428072883953386e-08
2.407983038602950188e-07
-2.716705736331642856e-07
-3.118300538282879897e-07
3.724683273875054027e-08
4.079404247211939093e-08
-1.802524403438423308e-08
9.185082464156557438e-08
-8.215133614656502928e-08
1.127628199083729231e-08
1.850856101444585924e-07
4.561075331386349383e-08
5.745615779080136360e-08
1.824600961975660656e-08
-4.571971998769510459e-08
1.429204789422477608e-07
-6.122228463363428730e-08
2.692866148662997147e-07
-3.082023721636436903e-07
1.789468807600100088e-07
7.213151265968489329e-08
1.282744495442670175e-08
1.642423880819596893e-08
7.898621878567986274e-08
2.633431873137141578e-07
1.463179160041113788e-07
2.281558486607435878e-07
5.003403474101495860e-07
2.460295031178832732e-08
3.350308547416105953e-08
1.217336974669862403e-07
1.247747072027626409e-07
1.099399574478098087e-07
2.194161789189953789e-07
2.954935590168180515e-08
2.348284918968730784e-07
6.147279278070069584e-08
9.940232933055641552e-08
1.459826017336073207e-07
1.983939981260538705e-07
2.525673725894313688e-07
3.816188718018283666e-07
5.390788797747440755e-07
1.186065462968880577e-07
9.344971082875904510e-08
8.460990603696268256e-08
9.724811020792628657e-08
2.453274436654071955e-07
3.497741625541675979e-07
5.988100931255832949e-07
4.682359110912546772e-07
6.298988813934288704e-07
7.944351468894824070e-08
9.055867306591634429e-08
2.732674200104283215e-07
1.684435409379686790e-07
4.199734687976482811e-07
3.376591573155513579e-07
3.948418858507537670e-07
9.980298687104877900e-07
1.243022295433085388e-07
1.246653736702943758e-07
2.108744850349524161e-07
1.920251055050052628e-07
3.358886284871980234e-07
6.569710923632243276e-07
5.428516888189822890e-07
3.678346594284584262e-07
1.814256978860211183e-07
2.072196764368201729e-07
3.760658259382821137e-07
3.765820248367205175e-07
5.115271751825106107e-07
9.836760832083730266e-07
1.705560192539245568e-06
1.710138747888727502e-06
