-1.995587326914799731e-08
-1.238438205467828649e-07
-1.600891250147882442e-07
1.994566597887293578e-07
5.432257789882768148e-07
-5.284827270223326826e-07
-1.470451814904627221e-06
-3.719597501051299143e-07
6.918532225584485633e-08
-2.401282528550576105e-08
-7.438226533008150573e-08
-6.782830431922181761e-08
-8.284873406640509756e-08
4.458031754371673339e-08
-4.812011238115960450e-07
6.650359823175767537e-07
4.044674502991660110e-08
1.348227798035469587e-08
4.353513224981055152e-08
2.548514528547566787e-07
2.292378382766316952e-07
2.864942671771368637e-07
-1.872239412810680913e-07
2.810845407199441016e-07
7.703679159300934110e-08
1.023192828183719680e-07
3.451237202148780087e-08
6.048908662237193779e-08
1.312176877187987834e-08
1.935365078873660683e-07
-2.085911508627914457e-07
1.173451401062828102e-07
1.341729998963301154e-08
4.277927964957143715e-08
2.871670844583735802e-08
1.496323521126313797e-07
2.702453445753611313e-07
-8.163811880502998374e-08
2.417618444600337923e-07
8.056334331186391742e-09
1.642818560316081548e-08
2.994355510607782084e-08
6.047996585099900865e-09
4.413733141245827625e-08
6.774768636554411404e-08
-1.240397698329295576e-08
2.841506195891073207e-07
5.216375741111874130e-07
4.437872226342921257e-08
9.304316151685251287e-08
8.927448541084001177e-08
1.360075898690793097e-08
2.184647204989817966e-07
4.511513022733902314e-09
7.039680089535263732e-08
2.883475559327249770e-07
6.016858098570100166e-08
1.387745671573110660e-08
-1.582236017443420970e-08
1.489444040440191871e-07
2.926068900234016862e-07
2.624133434258271088e-07
1.349607237829119321e-07
-4.293527957987384547e-09
3.561553507511738987e-08
-1.810765901127459044e-09
-1.480797653546805224e-08
1.620301671461753867e-07
2.527161466270199490e-07
2.435679845185798242e-07
5.830587871772594070e-07
1.040871820864498595e-07
7.337747167108377983e-08
7.811137816557634468e-08
6.196506861334365878e-08
1.346587694294797948e-07
1.764750077245690520e-07
-1.824418573248116159e-08
2.321470676743043201e-07
4.588657679765452141e-07
8.954399601572705565e-08
1.443656993949850196e-07
6.621873420348825063e-08
1.710645718316525585e-07
3.800932595693275582e-07
4.040723395803169420e-07
2.933759801537028894e-07
5.910989076981849043e-07
1.085013768046092895e-07
1.454980130563034094e-07
1.603502140535093595e-07
1.383634444304192914e-07
2.684910556629199662e-07
9.775347063632473964e-08
9.089145173532503571e-08
6.583545679028952588e-07
1.170493159200234134e-07
1.862481213974367826e-07
1.356601304350277376e-07
2.032128943261015376e-07
5.054764408706104806e-07
4.068683568943860679e-07
9.143429597873107260e-07
5.806308057154450426e-07
1.317605953178164475e-07
2.265388873779876601e-07
2.218148746233454666e-07
2.746178977776612678e-07
6.752436720316887029e-07
7.194339955819844965e-07
3.630975145498971218e-07
8.827580032202973415e-07
1.455174289308625633e-07
3.030168610194662116e-07
3.755597743550007561e-07
4.352538387594013891e-07
8.365026692823967611e-07
3.607572377057836306e-07
1.132826491554895985e-06
5.661314268389021050e-07
