8.240920354451763366e-08
1.867302310614877787e-08
-6.146123305286369192e-08
1.067415351040414915e-07
-2.904057206164782056e-07
5.145654938232722079e-08
1.402181085077300377e-07
-9.510987838375266096e-07
-3.287960952643563379e-08
6.312613312130774907e-09
-1.184454067238799318e-07
-2.870690506962431466e-08
7.480579212274942217e-08
1.930528885377635288e-07
-2.749363492029570249e-08
-2.821725799305892830e-07
1.972772735983849743e-09
1.089728579417003768e-08
1.231120127585901325e-08
1.264484703352817722e-07
2.114204544350083573e-08
-1.198765989340862617e-07
-1.662426589483597188e-08
8.004947108361908486e-09
-8.765215495757574546e-09
5.396124882645579279e-08
3.637523027717676880e-10
5.650494948010632366e-08
-8.773552647192741093e-09
-1.873034428448609778e-07
-1.522241060637657399e-07
6.254977414916469803e-07
4.804914781089719115e-08
8.772703790455149101e-08
-4.573623014790802694e-08
3.387665848691071867e-08
1.439480326388625666e-08
4.801711660533019690e-07
3.523457778507410812e-07
-1.575125090891851922e-07
-1.129068368256833830e-08
8.315767969430407538e-08
-3.164249747091070928e-09
-1.085768210888876434e-07
-1.391811655061504904e-07
1.089084915876631796e-07
5.078190734430984752e-07
4.136746883854134210e-07
1.422429914614748976e-08
-5.286020769598205940e-09
6.733506706747274400e-08
1.587537921022842641e-07
7.750681708702484497e-08
1.295348812669824755e-07
3.597910029762666726e-07
3.807917415348714214e-07
-3.750888364497324529e-09
3.101951353314881101e-08
2.086730276135297175e-08
1.973649620653922292e-07
-1.444312422153283044e-08
-1.383644323089905909e-07
3.054100940957681953e-07
5.507452597460950874e-08
9.027818735336407950e-09
5.442886982525837564e-08
4.179226410482321182e-08
7.785134951577749478e-08
2.206042605415094848e-07
9.975031085128213046e-08
4.634992433382389913e-07
5.330829211077006770e-07
9.588992654832966685e-08
4.008824204794420796e-08
2.267350619585461397e-08
2.292327532802061514e-07
1.572648791902247371e-08
1.389566565154924075e-08
2.941433550179441874e-07
4.793826621494902145e-07
7.264025892031873100e-08
4.602449362448368676e-08
2.673614957855968038e-08
1.851149854025335605e-07
1.772104452695682449e-07
3.109839396682342888e-07
6.021331349690609000e-07
6.066840890915647249e-07
1.160323260773453786e-07
1.182691143000568837e-07
1.411276603137813724e-07
1.223580158990311263e-07
2.724531602126156022e-07
4.295514822335559490e-07
6.865915499455228314e-07
6.643537583713095086e-07
1.140443223818427591e-07
2.240059844093546079e-07
4.952391790527941004e-08
2.709434827050764137e-07
5.875763925016108063e-07
3.226543498597701992e-07
5.919330478272002224e-07
8.672130878148286182e-07
1.867465053658604520e-07
2.778127707140424354e-07
2.826928916137667479e-07
2.618407333986542363e-07
5.507948455143363223e-07
4.880056116921022047e-07
5.281745210851233032e-07
7.199809822900550319e-07
2.299920322262163706e-07
3.191658561565605617e-07
3.755571967132391720e-07
4.308330541587159365e-07
4.705945538401568192e-07
9.855978683029182849e-07
8.764864203988409936e-07
9.823241233776996658e-08
