3.822878857573326030e-08
-3.184503078262445068e-08
-1.288883869992489829e-07
-5.008243915637059593e-08
4.203041878746703282e-07
6.847366380030773859e-07
-5.601951381734984920e-07
3.675979842988549575e-07
7.902462454245201643e-08
-9.615487052847538802e-09
-1.087925470895087092e-07
-9.230993071577744463e-09
9.872663737330977489e-10
7.432844152724400977e-08
-6.633906044858583968e-07
4.031499217094068601e-07
1.648514305069190530e-08
-5.660833427065561433e-09
1.037510227982775463e-07
2.018671231341289773e-07
-9.251034580506641533e-08
-1.866154517573183693e-09
-5.578847894664812782e-08
4.017132622038272980e-07
-3.127386672164422448e-09
4.805480482185888940e-08
-2.297856027497901132e-09
5.531432574953825319e-09
9.574953505891251901e-08
7.060398555741791683e-08
-9.136868047441639703e-08
-7.184915424760918405e-08
1.398571558014976201e-09
-8.110518911244005829e-08
2.784888886769525469e-08
-9.044796927154101197e-08
-9.198860626994531485e-08
-1.344921569440634509e-07
5.009400703664388675e-08
2.513104213863246700e-07
7.515733514167540592e-08
-1.171713055088770316e-08
-3.019292575385023435e-08
2.739216422285044299e-07
1.408460574032012199e-07
5.045734017114487804e-07
-4.381982394405519581e-07
5.877852717492219723e-07
8.823563583775057414e-09
6.634975320374039422e-08
8.611883324753295934e-08
2.453599968010176377e-08
1.156769701709588645e-07
2.676152048276821388e-07
5.694682222085868782e-07
-1.761968264455599537e-07
3.193489293618803513e-08
7.739045692416075641e-08
1.877450428033318555e-08
1.525442138015434905e-07
5.694128389381190450e-08
6.715953430922895597e-08
9.067325274746863976e-08
9.195281425375785250e-08
8.778592835349778505e-08
1.339499969240561053e-07
1.357138396512091920e-07
1.638848115854808636e-07
2.627957057298525380e-07
2.801183116743739735e-07
-2.487384468391373993e-07
1.660327644892052347e-07
4.155195667906303121e-08
9.475407739012068168e-08
9.645181772669767000e-08
1.018588034684019001e-07
9.803523915647993772e-08
4.625660534758315790e-07
3.812083285310160521e-07
2.965359031539567562e-07
3.351757702809561659e-08
2.313492961351292085e-08
9.959488676519263333e-08
1.553121208548069560e-07
1.101076259704531240e-07
2.477086566477854211e-07
4.220945402604811545e-07
6.081193371750610628e-07
6.351857179099879961e-08
8.445637520625196260e-08
1.850904349493034516e-07
2.241794797481857928e-07
3.471487544264134999e-07
3.408690117197107862e-07
5.703876891297249971e-07
1.661858318879573431e-07
9.897675868675482767e-08
5.759772523498045803e-08
1.689949368402219205e-07
1.548288600812740136e-07
2.629453871312741230e-07
2.639578359284588306e-07
7.433310521744781239e-07
1.425447981712676612e-06
9.738488541700641787e-08
1.030746362240907367e-07
1.921559986605483567e-07
2.714334112429936104e-07
4.422045959983883859e-07
4.550367295354856760e-07
3.854504576260115753e-07
5.413545004810934641e-07
2.014231053114552590e-07
1.912490837562638155e-07
2.457907264254909264e-07
3.864910411463827843e-07
5.489094942412657683e-07
5.506547624727827554e-07
9.499643325597048749e-07
8.751951967174889384e-07
