3.576426822155394246e-08
2.377052108334111131e-08
-3.385447972999526803e-07
1.286369992208734615e-07
2.984449041418695144e-07
2.520054366557885835e-07
6.595623082648004648e-07
1.976690940190177342e-06
3.938948556969920500e-09
6.899866024239588219e-09
-3.167931314447810458e-08
8.128396290360266097e-08
2.375043155722358301e-07
-2.595183144942432043e-07
6.396743442561592985e-08
-8.040331346251779391e-07
2.978326675457385970e-08
-9.071465414739863951e-09
4.956783610440602709e-08
3.599275453359441154e-08
3.181952472690976234e-08
1.160956374651830727e-07
8.547470990281008598e-08
1.728885002623994448e-07
3.331956506642797015e-09
-6.065526210692292801e-09
6.478689820075915363e-08
-9.907803709857912119e-09
-1.249149479736513731e-07
3.247116184875307175e-07
-8.576243231511447023e-09
-2.565970116908410957e-07
3.111024725414226463e-08
-2.713810825761519361e-08
-8.259968231300353875e-08
-2.519543442027838015e-08
-1.548143464218511111e-07
8.112415052561717049e-08
-5.448899857729677008e-07
1.963960019004284062e-07
5.782009580677855821e-08
4.375740115526685483e-08
-3.066889423130323834e-08
3.472856964145190111e-08
1.784168766814349114e-07
-5.474691174578757741e-08
9.288774272161970870e-08
2.854209687295781062e-07
2.420316646904406942e-08
6.052229887363339486e-10
5.077137045362527614e-08
4.120692452827690827e-08
3.958084777798557729e-08
-3.908701612231257966e-08
-1.183111275265172588e-07
2.516252299346887227e-07
4.585432347647690615e-08
-5.883293563043417913e-09
-2.796589504473394410e-09
4.992799047568955959e-10
1.654938149209142047e-07
-1.110711290291162486e-07
3.104043419510595492e-07
-2.544716356208979441e-07
5.531156922828057811e-08
5.282144501617817697e-08
1.319422656273342659e-07
1.459555775357952313e-07
2.235013731869982599e-07
4.786027394060143845e-08
-2.864912663442845945e-08
1.720571065822145590e-07
5.135531120611678115e-08
3.781724176797175998e-08
5.931563348044199654e-08
2.040446813296565998e-07
2.888939586896789476e-07
3.441650641372773383e-07
-1.092219757955164420e-07
-5.195235162523106060e-08
7.867300343467359500e-08
9.801239284488208939e-08
1.988602443033848152e-07
1.461730477649903218e-07
3.401707203936628761e-07
3.722633595480547037e-07
7.149374033223663112e-09
5.742414163390149187e-07
7.268849072019066286e-08
8.460866006415984494e-08
1.279850944814877934e-07
1.522414952029449802e-07
3.829102210017653092e-07
4.924709842827478940e-07
1.720075881289385598e-07
4.554160930051877588e-07
1.646332307236510872e-07
1.764972410956131547e-07
2.384652679061201399e-07
1.987992205305145056e-07
5.026158492929323295e-07
6.617718893207780996e-07
5.789846505254873757e-07
7.926794345655450389e-07
1.606542547909868934e-07
1.761300773274225620e-07
2.591683063058915030e-07
3.913530816607655051e-07
2.314621293290557859e-07
1.918690647934924476e-07
8.090920359967246573e-07
6.622315194078158436e-07
1.786815299993826459e-07
3.042446739814789803e-07
2.372593497434336339e-07
4.731919070669294728e-07
5.280133145215963034e-07
2.574868117566152877e-07
4.444430554482737039e-07
9.601707713302514678e-07
