-8.681999647840345878e-09
8.356362883046371911e-08
6.593369004378167764e-08
1.939187356091239603e-08
-1.977588132792970449e-07
-7.775800091751154706e-07
-3.675828265729288446e-07
-1.634725433785498046e-07
1.157244765036799007e-08
1.680725156711012790e-08
7.659617804805963392e-09
-1.326414812992936135e-08
3.177214584072839975e-07
-1.974267761196260327e-07
6.940927223182287605e-08
1.420099433602808492e-07
9.299092287208357308e-09
6.484081985423216807e-08
-3.811887617465313692e-08
-6.739700383702775658e-08
1.975903591634373727e-08
-1.460535641707285155e-07
-1.705199523211812142e-07
4.803346569735776734e-07
1.279061320562723126e-08
-1.111983113597878892e-07
6.793736233757755409e-08
-2.436249160588252594e-08
1.620035787592075193e-07
3.868189647655677200e-08
-2.870470425933991316e-07
-3.835788375211168649e-07
-2.073285134294222621e-08
-5.492142766683965763e-08
-9.420121331395889230e-08
-3.267229608806766135e-08
-6.424969972048890130e-08
-4.267687566651813161e-08
3.720617757968356351e-08
5.957308934788044432e-07
4.346073725703916241e-08
5.218462457968137023e-08
6.967207463603514143e-08
-9.128821829280234913e-08
1.645189449258295646e-07
1.755831854588171548e-07
1.399080429403393750e-07
-4.785033540432329259e-07
4.145647529545714897e-08
2.433812437382980461e-08
3.329952308944665662e-08
4.086064403777818900e-08
1.916959461642379025e-07
2.053307393625386051e-07
1.617811349984934969e-07
2.336033185253607435e-07
7.198272019278404384e-08
-1.390470467684398660e-08
1.213534747893885307e-07
-5.106183905799676531e-08
-3.667064217584856252e-08
1.409798115869819592e-07
-1.339935474685135635e-07
-3.354095031507856363e-07
6.373483120774089555e-08
4.434900477497666529e-08
3.581827316717282578e-08
-7.524415403896364604e-08
1.034590198969566353e-07
3.337538278778423875e-07
7.529086837819510885e-08
3.655406422899516357e-07
3.839257321171258103e-08
7.600445534161388635e-08
1.533045865340232398e-07
1.158029997113304384e-07
2.030826028712532505e-07
1.836654471311081311e-07
6.815470914709251136e-07
1.810346177733912872e-07
7.451229359501529058e-08
7.282258838604572528e-08
1.866670245433859766e-07
1.093531578991257120e-07
2.626034985849041151e-07
1.527030237112505929e-07
4.040859350995804609e-07
2.006660254096537104e-07
7.657450118738655670e-08
7.177381268892978515e-08
1.207103502146250192e-07
1.670799003402708092e-07
1.299883013356734319e-07
2.016055017411807240e-07
4.204771677563245702e-07
9.149175239151078776e-08
1.313378815538146251e-07
1.770864805424042934e-07
3.148539162968159697e-07
3.845086007089045817e-07
3.880672774212869529e-07
6.506143990871331112e-07
2.417731025664137408e-07
4.567310897635542179e-07
1.523165992497385866e-07
1.087365088902792383e-07
3.413708351701024307e-07
3.155210680877022334e-07
3.446714769169971632e-07
5.531400660807126212e-07
8.119668477991487271e-07
6.665601629505128579e-07
2.209472241874858377e-07
1.947912099930252738e-07
3.392298987339730026e-07
2.266934952200918757e-07
5.911894200556890304e-07
2.218466493490292550e-07
9.460894422518093006e-07
4.991582064896795223e-07
