-7.882053273024256670e-09
-1.208234732936454791e-08
1.737693449724030842e-08
1.413937323202559668e-07
9.941410750120957517e-08
3.773231134542456208e-09
-9.246826952175459346e-07
-1.205561748850065423e-06
-2.261462869525224809e-08
-6.468926867432271474e-08
-2.491189945297023704e-08
3.082231622415126632e-08
-1.082823320559657727e-07
1.571683190399114520e-08
-1.584394721691588307e-07
-8.752841388021235670e-08
-9.708251672996568937e-09
-1.843583166489591203e-08
6.418982368692531137e-08
-6.798794535542858917e-08
-1.695381119285914185e-07
-2.632880925622868188e-07
9.576760470413130961e-08
7.822332252406230380e-08
2.814175720903977731e-08
2.102356064183583978e-08
1.769875601111251988e-08
1.708857538560719697e-07
-2.231021777997175165e-07
1.380904793752150864e-07
2.061587817532851535e-07
1.991937052757591120e-07
-1.082436205672743208e-08
3.220233185683224071e-10
3.793779850400065135e-08
-4.423062404767995450e-08
9.474021477136150732e-08
-3.028722280030678412e-07
-3.382028004959506981e-07
8.194330479238547738e-07
2.173158037920216897e-08
3.496468697315310403e-08
4.772327997384719584e-08
1.640445411116596287e-07
6.719053763406272267e-08
2.313075751471651347e-07
2.443099385791089967e-07
-9.120163939000785726e-07
3.534060404188433476e-08
5.284495777764828035e-09
3.989580764990486540e-08
1.543794184392100782e-07
9.873604332233555778e-08
2.278058458074495512e-07
2.680903518659310628e-07
-7.350281865831993057e-08
5.352755381003634250e-08
2.270063014928436931e-08
-6.312254237117892498e-09
2.231539615961580458e-07
2.294083404492316538e-07
3.002001189301573785e-07
4.109116785809091882e-07
-2.463738840552668972e-07
3.250564160374843010e-08
-2.346908818089042211e-08
8.621968302572897186e-08
6.453862978079543129e-08
1.703225637043061608e-07
2.447522650846572657e-07
-1.573286027102794557e-07
-4.267868460651331470e-07
3.270142376833638863e-08
1.354130894674296542e-07
4.905118788398903148e-08
2.950837391839361989e-07
2.458558835215733491e-07
1.084317239406003380e-07
6.894123852999303960e-08
-7.656540738659596685e-08
6.056184747518501767e-08
5.903152020491173698e-08
4.929193337802462110e-08
1.987418009838016727e-07
2.922279807889764040e-07
3.960782200917932107e-07
1.951859016144290143e-07
5.748982043532109815e-07
7.250613515673162903e-08
1.348221985163802605e-07
1.482427720483657727e-07
1.306793115726154398e-07
1.107385541705958700e-07
2.621953622251568844e-07
3.824254249452522286e-07
8.505406004205151687e-07
1.593142530544696028e-07
1.536252898487373797e-07
1.649180817098954783e-07
3.923410212829013571e-07
5.127264470329626991e-07
7.154360201279988226e-07
7.250579756781876976e-07
8.202300548859786394e-07
1.559241300705464978e-07
1.460945355482188276e-07
1.449135757534601224e-07
2.888580669238292219e-07
4.039312450923386691e-07
6.273109938530657004e-07
9.026047558713040802e-07
1.036255651047479469e-06
1.536684124099996366e-07
2.124731361713774132e-07
3.245056287198141123e-07
2.959190029561654117e-07
3.950054716809157278e-07
7.071265260761338135e-07
6.670882273775811362e-07
1.020067730199076697e-06
