1.282814662663461010e-07
1.079841217933544956e-07
6.035177553581845869e-08
2.640065886897732377e-07
2.867730373157434673e-07
3.026589882380071195e-07
-3.438159207438142939e-08
-4.333064931263243934e-08
-3.696728331891226914e-08
-2.575995741941367424e-08
-1.127134018553539445e-07
2.187644431151093472e-07
-2.108770970531773611e-07
5.903495982814390976e-08
1.885557378190415358e-07
4.860519919222823062e-07
2.071314813530933353e-08
4.249829033805867859e-08
4.789009761076527792e-08
4.377284329288495199e-08
1.456905465835010375e-07
1.368843373961113595e-07
2.020566318530298137e-07
2.254088181583178547e-08
3.663310428217097525e-08
1.465790505294639912e-07
6.476656441328160927e-08
9.842840006437803253e-08
2.041437278762156084e-07
-2.997627588018491174e-08
2.537920629877697085e-07
-1.365306209221722786e-08
2.735215879727202783e-08
-9.437997845330964160e-10
9.575391955979999418e-08
1.234786818720042174e-07
6.224979035643641153e-08
-3.606211535437745151e-08
4.721110840714406365e-07
1.667014649756787436e-07
6.404383106877236193e-09
2.642876110766392059e-09
1.988607683228596593e-09
2.120980968760610594e-07
1.489461449769148704e-07
-2.296601684440714292e-07
-2.749915777749923244e-08
-6.259974293538132968e-07
3.276251811194479298e-08
2.391727910774508033e-08
7.921076085441465075e-08
4.962574875325688697e-08
5.424894406808080941e-08
-2.669230292159836474e-08
4.007054594571602364e-09
3.791190488781606772e-07
6.481856876907047394e-08
1.379430074907655216e-08
7.089898361737396247e-08
8.436179102626726678e-08
6.893691322645810240e-08
7.208519137916231262e-10
-4.334185462313388781e-09
-2.611565407351662980e-07
7.119489750430672116e-09
3.925836349223063160e-08
6.851119086936830431e-08
7.871910807949372415e-08
1.102669771031900137e-07
4.065648214732200763e-07
1.773934882666780291e-08
4.650815267106712931e-07
5.153311522426199413e-08
4.468123524846415184e-08
5.164828043549239808e-08
1.505524295846125365e-07
1.582957579783953120e-07
3.095472772317455522e-07
3.078555847108534755e-08
3.134492873072868231e-07
1.058460647979924669e-07
1.566875311460468759e-07
1.776077558861167639e-07
7.100715626997158718e-08
2.880388170279060568e-07
2.438347509728475741e-07
3.868484630098842752e-07
2.414048399776993814e-07
1.079044863193343996e-07
1.140231138985741222e-07
1.295248140295157932e-07
2.642309737310746266e-07
4.425113007064625497e-07
5.248887249379630068e-07
2.178800250470260790e-07
5.631929397494491101e-07
1.551279477314144893e-07
1.680613603988747442e-07
3.358011509812717530e-07
3.599819760443146389e-07
4.554135170507304170e-07
7.367346325818473936e-07
2.872060390807327420e-07
5.454057287167592002e-07
1.584215024165799694e-07
2.343436119207099267e-07
2.887757729565545039e-07
3.106998224280153161e-07
3.945528288267611567e-07
5.712786493863768189e-07
7.323007618156620966e-08
9.809804864819763083e-07
2.078650421434918636e-07
2.190804194291572481e-07
3.646645121548146403e-07
3.527474105002404603e-07
5.523202074135865161e-07
5.424346383155791281e-07
6.575159365230668289e-07
1.272343353607145709e-06
