2.589481888386707443e-08
-4.214051413153539951e-08
4.923219445977892954e-08
2.490840706864116227e-07
-3.235396799195395475e-07
1.189493449771622011e-07
5.454871295622617518e-07
-2.725604849853770474e-07
2.588063726854181553e-08
-5.260141573338191668e-08
-1.119424559479931007e-07
5.621541402912332578e-08
-3.116312763383952228e-08
3.080327769793499733e-07
6.015346790330478306e-08
-1.003820692037618342e-06
3.267846588455936806e-08
8.490250847222358586e-08
1.428678713787731571e-08
2.939752094890035429e-08
-1.883384616322293029e-08
-2.461087466096990556e-08
1.371278228211740620e-07
4.505444786627967178e-07
4.148343886938647325e-08
1.287298076139294834e-07
-3.124570429756086676e-08
-3.722747875666930847e-09
-1.407350744857102248e-08
4.714761470709576804e-07
5.684873926448032417e-07
2.938243708595894596e-07
-2.932926657219405212e-09
4.734293029941316343e-08
-3.504091477723732151e-08
2.807734657307183184e-08
-2.263878420322932217e-07
2.010863205477208861e-08
-1.308211257508186939e-07
-8.584184880153902190e-07
4.283000159231867598e-08
8.258552181442898680e-08
8.338621440281907641e-08
-4.543884720996424913e-08
1.373969614376073831e-07
-1.574812035862025988e-07
2.569755980840447616e-07
-1.320178014206922581e-07
1.508807559854460230e-08
3.622717113013825682e-08
5.732204032629713045e-08
4.046102048338002480e-08
1.335139202176012699e-07
2.157906512805468754e-07
4.457439528145835474e-07
-9.719934120344285006e-08
1.939316364665100087e-08
2.900387151689714916e-08
6.850685371058569562e-08
9.365206289589352370e-08
1.009390973740630201e-07
9.166975426755082198e-08
2.188062387374963112e-07
1.046032838544516667e-07
1.620468122973835018e-08
7.000539738221031110e-08
1.275898751252248641e-07
8.469728430429094016e-08
1.960323874369675345e-07
3.903115832496324985e-07
5.957117003956069014e-07
7.309987505181787446e-07
6.931847911437732342e-08
4.157029668195465255e-08
1.317521564462400756e-07
2.030056514575189596e-07
2.832408513659726588e-07
2.984846826156643097e-07
4.100514969900601476e-07
-4.883134486340974641e-07
6.517740961744042172e-08
9.749281401327042398e-08
9.873045606346936765e-08
2.329346204094867880e-07
2.795796737310703229e-07
3.102247225971407157e-07
1.511658351923535876e-07
3.824611419570898518e-07
1.053324734503888338e-07
1.041882544072077289e-07
1.284445922213509498e-07
1.589849589422414064e-07
1.974214400576406576e-07
3.965460837935446358e-07
3.847460994961760564e-07
2.950512181883879719e-07
1.013601606572290902e-07
1.377551171944396747e-07
1.255050906895432049e-07
3.589456701849427992e-07
3.970099049113721954e-07
3.424851963510491874e-07
-1.572039383331392719e-07
8.018363678920493491e-07
1.575209855341822248e-07
2.009869635912491902e-07
1.477703720948647306e-07
4.614509133462032991e-07
3.578940663235823251e-07
5.635262384052002095e-07
4.802953459883390412e-07
5.163126014929091260e-07
2.070191551114736805e-07
2.545971405803657119e-07
1.651470133093027203e-07
4.708721502564754330e-07
4.567621990471500407e-07
3.905133714257162910e-07
8.226276460537539672e-07
1.313141273324743621e-06
