-7.545132805834371257e-08
5.990594574481289824e-08
-1.885114901537449407e-08
1.126819397811416520e-07
-1.065777110426999371e-07
7.019392802242123538e-07
-2.763285871205767775e-07
-1.433689484273651678e-07
-1.491827959592060803e-08
4.194694074775897100e-10
1.245509329232990853e-07
2.400441352240741177e-08
-7.086336432482894376e-08
-8.599729162363561335e-08
-1.664162895994350413e-07
5.368875686463936103e-07
1.316307338083538033e-08
-3.140278237517825880e-08
-4.857420165783300764e-08
5.842055109113202660e-08
-7.098384693602204946e-08
2.755789834445723364e-07
3.469307489761279257e-07
-3.708840283196619194e-07
3.358389650678858519e-08
7.726831998977564748e-08
-8.238391412265101673e-08
-1.165920866188890007e-07
-1.796975650201558992e-07
-3.319208578031233504e-08
2.956367712341877805e-07
4.767336957932271955e-08
1.137991784503107257e-08
3.983217257612724428e-08
1.857088945355350173e-09
-1.145513399620348918e-07
7.969322238810020857e-08
-9.135533894440279418e-10
-3.949660607056215879e-07
3.841304039349934728e-07
2.788298226736946349e-09
4.486257366180595517e-09
1.124226121699374630e-07
8.607739066125850061e-09
2.313270246336684168e-07
-3.171024535314479049e-08
7.861369245268237181e-08
2.748051817028949912e-07
1.539172356966794308e-08
2.788891602020063612e-08
5.348905670214318520e-08
7.968345865881491407e-08
1.555619141580343046e-07
3.519587216239639112e-08
6.178586469037942267e-08
1.015057579905947759e-07
2.949001401571960059e-09
7.336114834166198740e-08
9.589522664672079767e-08
5.502789748638761828e-08
8.925040124134352990e-08
3.707530191929743291e-07
-7.063756957080155214e-08
3.779044570400306551e-07
3.534424256250855816e-08
1.087178964224396047e-07
6.522531364540215458e-08
1.594773475105662157e-07
3.440904387608449428e-08
3.872243101874930324e-07
5.985906608911801727e-07
1.770774456678890698e-07
3.158782041699347312e-08
8.260507540464676160e-08
9.342628292311230457e-08
2.482720833988228407e-07
5.937264947309468411e-08
-4.639674878006347930e-08
2.451717278241467877e-08
-5.647262554439302017e-08
7.605749748918481415e-08
7.633782798231148026e-08
1.435947955687569291e-07
1.827207714684149392e-07
2.086683757150574153e-07
1.962696721039791685e-07
2.331488572504576662e-07
2.964034476442015286e-07
6.073389420273470785e-08
1.705091910466623433e-07
1.830060512003807487e-07
2.238268402767858148e-07
2.590915509736703389e-07
4.020691724198584168e-07
3.326438879292120418e-07
5.433803160484271176e-07
1.147825707972799704e-07
2.062264874430917785e-07
1.285153290407435937e-07
1.447282895880311700e-07
3.160416138357744411e-07
5.811194424799301839e-07
5.878787923233390047e-07
-8.052247180959758426e-08
1.271139075900211971e-07
1.833829194595771732e-07
2.436690088208597472e-07
4.144539541195960281e-07
6.905655205766027204e-07
6.379186738534708621e-07
7.703992342242094529e-07
8.680528339310195468e-07
1.294405329865343740e-07
2.491558996175451350e-07
2.973716657757366753e-07
3.390264268145461546e-07
4.742180866867211749e-07
7.304779173510533093e-07
1.468214263806475893e-06
1.485129016031573777e-07
