2.977547001424383628e-08
-3.140379824875669183e-08
1.334192363885516890e-07
-9.938707993609685747e-08
2.668853342879184941e-08
-5.066265874124722608e-07
2.027479026633716654e-07
5.882615520257816909e-07
-1.877553178987304794e-10
-2.112885996303299255e-08
3.887619547891322524e-08
-5.512359344573509787e-08
-1.540512997369441878e-08
2.134314934353122434e-07
-1.789755884671510732e-07
-2.049954444189682636e-07
4.645160683543329239e-08
-2.693566879698625422e-10
6.367902399520595733e-08
3.607032197467395456e-09
2.209914647740457584e-08
-1.058222961711002927e-07
1.081976253063407051e-08
-4.421535024946418004e-07
2.649080533131111677e-08
1.944955146537322340e-08
-4.220058800055238743e-08
4.495575431251997591e-08
9.095376745809877436e-08
1.661282503324585763e-07
5.390567550910395036e-08
-2.466356650945390825e-07
-3.969486651300112646e-08
2.947849102376782590e-08
9.419409442058714232e-09
-9.166310113625714846e-08
4.173390159067007842e-07
1.951516597202800054e-07
-5.481099951630748437e-07
5.113826117495908187e-07
6.821956191568950101e-08
8.229540023651775616e-08
-5.847450163793589168e-08
5.666855460743867284e-08
2.940716110460512817e-07
5.161614264159736144e-07
-3.586697318666451996e-07
1.870394110561512370e-07
6.507065094306065070e-08
5.607767697159943582e-08
1.151918253815698310e-07
1.495277526931711471e-07
-1.910766052859665360e-08
2.138712473198377276e-07
3.795524528285829630e-07
1.376989300412909556e-07
2.478789500055369448e-08
5.888113873766163174e-08
7.890486161374418129e-08
7.891934605158785799e-08
3.192851491005485030e-07
1.124240119888795611e-07
3.572195655706563425e-07
4.346561605494114000e-07
5.637394261192381249e-08
4.970273872854984059e-08
1.082987128981252964e-07
2.152312387215884727e-07
1.720313469496058825e-07
3.792684383258622362e-07
4.814818979988438500e-07
-2.995885499757273500e-08
7.993536121197395893e-08
1.200378991682217063e-07
1.263532526442050392e-07
2.376851986459638997e-07
1.284903932557896339e-07
1.721707942652610804e-07
2.514206690158784289e-07
-9.226806784598585003e-08
9.331371748344730061e-08
1.193027043028242888e-07
1.322952221336289955e-07
2.542281823635775009e-07
2.350233166698880048e-07
3.991444336400430821e-07
3.346096341561390879e-07
7.950261112907641435e-07
9.374547398331739054e-08
1.074568168028024500e-07
1.469314701141728066e-07
3.170242818708924698e-07
2.117034738719507723e-08
2.117349380336084904e-07
6.151582025217292556e-07
2.053947283856306882e-07
8.296003409674311432e-08
1.081966217602832483e-07
3.127275612332147612e-07
2.930965536884942542e-07
4.009038603678115333e-07
7.286602462279119032e-07
5.702025391682591336e-07
2.948015184312392637e-07
1.241078540396762029e-07
2.244278485674908798e-07
1.671398247955501755e-07
2.790932157416119766e-07
4.100843241752018221e-07
6.286403249566772929e-07
2.852911681183272576e-07
3.852676174005767498e-07
2.033024915044753639e-07
2.431298458967818930e-07
2.304739637144879887e-07
3.134721851321808138e-07
6.272709919887653023e-07
8.307033500811762723e-07
7.108747591577249104e-07
7.291326162096493150e-07
