-4.170246096568551394e-08
5.329297372047684883e-08
-5.390098353597522345e-08
-1.840129066574487868e-07
3.425118998164459731e-07
1.077404249785184620e-06
1.754199173338358828e-08
-9.498463933262435709e-07
1.973123310381618087e-09
-4.845382426751374228e-09
2.102659339160450361e-08
9.193670815008601694e-08
-1.389792416228604010e-07
3.490380737192380212e-07
-3.298577547293830577e-07
2.639928250750888891e-07
2.415751027354118359e-09
4.227178207005573886e-08
-9.908229734092286547e-08
4.896954841323186173e-08
1.189778178789865303e-07
-6.955055141898112607e-08
-3.994164528848101996e-07
-4.629553037824816443e-07
6.177278096806191432e-08
3.871492964365452000e-08
1.086040003595570266e-07
4.869256140260757155e-08
-2.512748053436438731e-07
1.356700006078585005e-07
1.299281189948547831e-07
4.336373177981044784e-07
5.571657378642555093e-08
9.228422386637584059e-08
-1.045408295148107150e-07
-1.129789783142257662e-07
1.468622704356419705e-07
-1.471438927821341986e-07
2.926008184257797611e-07
7.606451428088626037e-07
1.943808302632036935e-08
-3.394889222542679469e-09
-4.665367152293075840e-08
1.580767051980411291e-07
5.840176907570190696e-08
1.934955475359172417e-07
2.944987644061965158e-07
-2.137935339470476482e-07
8.353611511182468882e-08
7.061648152124149666e-08
3.651827691966816501e-08
5.167570378531411680e-08
-2.527423657378469872e-08
2.435030998703059139e-07
1.095606977962945589e-07
5.768454927656833598e-07
6.676945258740505935e-08
4.658119648019640620e-09
1.548493804576941615e-07
2.209859053693366899e-07
7.705478597223758399e-08
2.188953326626699155e-07
4.347076930562711535e-07
-2.221928773352875237e-07
1.194027418648610460e-07
5.127126843343895743e-08
7.718196101407448475e-08
6.665611211400951709e-08
8.750512846273592831e-08
1.695726580986262227e-07
-4.534154249304804794e-08
2.967600969252001611e-07
8.587630540371297776e-08
8.517852365271639079e-08
5.356310812727436592e-08
2.162725548550234232e-08
2.704493096058863443e-07
3.437137048635469545e-07
1.121578059824482087e-07
-1.928936407388384620e-07
9.261797617082528514e-08
1.102406814016989251e-07
1.262212250199173955e-07
1.875230889684185185e-07
5.017811820288285912e-08
3.778823257926370832e-07
4.746883761283522882e-07
-1.314566054982704733e-08
1.068721186950094031e-07
1.205458300172479648e-07
1.413231568613220070e-07
1.902386286358443278e-07
1.032315399464542893e-07
2.805370424995460578e-07
4.567561612147086831e-07
6.013637342114829763e-07
1.095259096948842421e-07
2.140132425002854814e-07
3.160950722592070065e-07
1.985710454151894941e-07
3.928392929649255754e-07
3.877831441413624058e-07
7.686886922954057080e-07
1.019452637829076454e-06
1.767568660949733999e-07
2.354235985978499644e-07
2.343897653605348270e-07
3.001789705620027088e-07
4.755505027874103654e-07
6.682196486018241396e-07
9.466681177021185715e-07
8.915279992499603597e-07
2.907650343739098709e-07
2.580328270147935094e-07
3.307887342969475956e-07
3.081621053160527028e-07
3.403701418286162326e-07
4.316872822640227737e-07
8.469039793216295550e-07
2.320735438479899099e-07
