-5.660634996908334690e-08
-1.713790666924677416e-08
2.484183280916425262e-07
1.880450425592910715e-07
4.272287400717038570e-07
2.711355243630558910e-07
-9.017607362522286960e-07
-7.019322100023659310e-07
-3.328785018759271623e-08
3.552472958602823320e-08
1.033192108489071741e-07
2.112527018369266197e-07
8.645498368721996558e-08
-9.337291284620559141e-08
-1.771447581546999911e-07
-5.060376195098786715e-07
5.824751880124735395e-08
-1.370498509734032599e-08
7.270416504158615794e-08
4.286827491110615082e-08
-2.005556040967028719e-08
2.492520429699368796e-07
-2.565720761119356295e-09
-1.240537049273814787e-07
-2.177524357394349935e-08
2.979097542537699525e-09
1.248495249253598872e-07
9.936638282368543750e-08
2.365892045415338395e-07
3.153065636675055932e-07
5.448257471577232190e-07
-2.185245266936700427e-07
3.777721649303083716e-08
7.939896605658888572e-08
2.387477007284394658e-08
1.216993028290077093e-07
-6.476780575440192249e-08
-3.110359659272718874e-07
1.027781041963028524e-07
5.060510747717703509e-07
4.671796305923165739e-08
6.534989558859680505e-08
4.145800631399809966e-08
-2.718556078536678619e-08
1.044963026654475677e-07
2.371856164373132115e-07
-6.097921314296678492e-08
7.407715530934346201e-07
5.450918564917848298e-08
8.406944793567478982e-08
6.371830889308743301e-08
7.094605053199634205e-08
1.957824245078359320e-07
2.647871636163608184e-08
2.241138979763210532e-07
2.818047775977821333e-07
5.056017458925428544e-08
1.077198401658441439e-07
1.120163168438145630e-07
4.630314484158937158e-08
1.359262513456923632e-07
3.304209201402012298e-07
5.699373097482191020e-07
1.636319592311265477e-07
9.522714446900659236e-08
8.405743000836531821e-08
-2.922926001335825887e-09
1.102057547109607525e-07
2.942245283000610089e-07
2.068425061753627690e-07
7.735537739227391274e-08
-5.626633605350671091e-09
5.230114680904655019e-08
5.550731896856467614e-08
1.141017786733116384e-07
1.861463758719060318e-07
7.553164380716475384e-08
3.181046340478137901e-07
1.569267976791342264e-07
1.385023078681416240e-07
8.053966943353890719e-08
1.049306189063611655e-07
1.929778728506830056e-07
2.349551783134497954e-07
2.129579229086956241e-07
4.185309314214753015e-07
2.428735062890550386e-07
6.216194083136163842e-07
8.656651713528727358e-08
8.636243358348546010e-08
1.884158586495520850e-07
1.802388124876771380e-07
2.383759342643482249e-07
3.894205123826691105e-07
4.813741733306447888e-07
6.462211445731635774e-07
8.731305022958236943e-08
1.002126912553227456e-07
2.729276556768617647e-07
2.379344867586392964e-07
2.479621126913956094e-07
4.332019542437448831e-07
3.805251343712529633e-07
-7.004978634405275253e-08
1.419795124765439999e-07
2.215890932640453752e-07
3.014947118585282147e-07
3.081505989867408297e-07
4.780249916423593348e-07
8.882219286196970875e-07
1.194763234661365037e-06
5.129937030942259855e-07
1.533830759481289221e-07
2.059300726395038548e-07
2.944947707428040910e-07
4.691239926102979157e-07
2.430571476013385814e-07
4.160172315090549459e-07
1.583838985229923967e-06
5.818727582210173202e-07
