3.105778943355586031e-08
-9.223185142601069824e-08
-4.087992288701821061e-08
-1.343138041914544050e-07
-1.530386325248710199e-07
1.271392241113451342e-08
-9.069604622977502903e-07
2.688758657775439442e-07
5.722659052367006143e-09
-6.188536174712247682e-09
4.388918449560171297e-08
1.115502369401492367e-07
6.745406269747399705e-08
-6.298126414150752586e-09
-6.109538430952848726e-07
-3.823324615948456592e-08
2.193281188793259939e-10
2.532319533642411963e-08
-3.938550375879154611e-08
-6.505966204684515023e-08
7.709677405192041266e-09
-8.807834254419782312e-08
-1.717621247114400450e-07
1.559765045377227945e-07
1.056719264237947681e-08
-7.175056290897264618e-08
3.781456667028104567e-08
1.915919699282531691e-07
-1.449411849833543170e-08
6.797594760427325725e-08
-6.201178550818658912e-08
2.983509043473658477e-07
-1.038945456911948550e-08
3.100578300595257713e-09
-2.410878089251576146e-08
2.322135892229667413e-07
-8.390664872143077767e-08
-4.851275631690072708e-07
-2.469531063382412350e-07
2.297800724897827529e-07
1.295338421171437662e-08
2.535394572502337570e-08
1.295430053374998831e-07
-1.836258415610930058e-09
2.336268743984034532e-07
1.721317636638198627e-07
-9.662485674093240691e-07
-2.916700877946621857e-07
-1.300239286114965670e-08
9.531859323931409865e-08
8.993190584845886142e-08
9.619472870053504026e-08
2.644986880277677233e-07
7.910815726415019894e-09
3.472107032961234125e-07
-8.925565105314326392e-08
1.461040664256196006e-08
6.304475166329985737e-08
7.402094285817500352e-08
1.565626562942221551e-07
7.308319830626540547e-08
2.518568808551233210e-07
4.552088255229009508e-08
-1.568179416432546007e-07
7.038071730830206531e-08
5.285791686020574120e-08
-9.268186816412362507e-09
1.381367005551208678e-07
1.221417760839771931e-07
1.323669086934216368e-07
6.661585507027066445e-07
1.119999908949940205e-06
4.233639915806561323e-08
8.888499333096756858e-08
7.647262003558231612e-08
1.313403460580663531e-07
1.613965108261218431e-07
1.920428166598964383e-07
4.708155494973814827e-07
-7.494620324973406904e-08
5.914325835094169656e-08
1.361372714958894043e-07
2.170001207090863355e-07
1.968190870906464832e-07
1.904909222440357936e-07
1.589455963205611438e-07
-6.640714328835297406e-09
7.336440073804838386e-08
5.639413160050590783e-08
7.221993425701489581e-08
1.244872454068878507e-07
2.409527350187650805e-07
2.798991307169928813e-07
2.708955562333865845e-07
5.565188755237986681e-07
5.883240528402693341e-07
1.360880037515771566e-07
1.803809419555269921e-07
2.181166469064986371e-07
2.352423138238695676e-07
5.067748800725868042e-07
5.438454873456199656e-07
3.234096341505060597e-07
7.907370615084797858e-07
1.146535086079768147e-07
2.427664961106597103e-07
2.156547586187973025e-07
3.751507817175643269e-07
1.581515525239923044e-07
4.977932446601943943e-07
6.109320812498546655e-07
1.077230782163126366e-06
1.763561082725991467e-07
2.445836874485273095e-07
1.937584210536047966e-07
1.854500311976110028e-07
5.553193023208024342e-07
4.324503634046296815e-07
7.281240519604901141e-07
9.633112727448646503e-07
