-4.801292549319090953e-08
6.935154512279194614e-08
2.715309765097725818e-08
1.921737268799678873e-07
1.588740555080505848e-07
-2.962413816543377606e-07
7.093110597236806180e-07
1.133061773174830071e-06
1.755951263420979451e-08
1.282535095278184404e-07
2.103890982589660468e-08
7.862200615854146899e-08
2.745092451401633347e-08
1.465932383491638000e-07
-2.383929418476380269e-07
2.146665987350736643e-07
-6.366320657968210362e-09
2.868512377581190699e-08
-6.874283452659742090e-08
-6.583300389632402015e-08
-4.339168340480311757e-08
2.607492802812977204e-07
-1.019113677767921310e-07
-4.778318537735360403e-07
1.927400913598985321e-08
-1.469350670490762850e-08
2.252040020054345866e-08
-5.916671242554593531e-08
1.271508439065452549e-08
-1.303809128804794789e-07
-7.233308440347747758e-09
4.156697852236158280e-07
-1.953667216183887236e-08
2.644181233910139420e-08
-7.523248485986523539e-09
1.964105291477990665e-08
4.540928365976455124e-08
2.116755918018860855e-07
1.287576471010168951e-07
-6.493743928307223165e-07
-2.407172304318314897e-08
-3.165175118318848503e-08
1.091421206277259502e-08
3.192107321986258043e-09
-2.000708620128093825e-08
1.595141768865029998e-07
-4.039342837728671825e-07
8.552889135314534638e-07
3.729639520100872905e-08
6.515001691741527349e-08
2.571562091576704521e-08
1.174224082057093117e-07
4.345026187302195868e-08
2.964794175428906480e-07
5.135495641736646996e-08
1.073768678497960116e-07
1.287122137103266204e-08
7.572684212244310875e-08
1.613485092510142865e-07
1.233386807776667928e-07
4.861104945076601660e-08
1.432247041245885132e-07
1.313707248298893944e-07
-2.406363543529163026e-07
9.228576807254162427e-09
6.861735643149898418e-08
6.281664257939671219e-08
6.604943687821469642e-08
1.179780610055438263e-07
6.459150861826007073e-08
2.225506770593853063e-07
6.415933247871981732e-07
5.612880397991692452e-08
7.439808112758374697e-08
1.144724342616576032e-07
8.358630485527429573e-08
6.227459864041199606e-08
3.497493832289034578e-07
4.453789845501556306e-07
1.121015564466743123e-07
6.103979796806757698e-08
1.071269880260747047e-07
1.984794897379871304e-07
1.528383761676690826e-07
1.704574427429239334e-07
3.502287155635372972e-07
4.735159231687884159e-07
5.450669097803105809e-07
8.329457603736514082e-08
8.323449771221263773e-08
1.450151680482794015e-07
2.600923849685968532e-07
1.808765771028393155e-07
4.461466996128219297e-07
8.302363747115582103e-07
6.425400486939332215e-08
9.134251547835991176e-08
9.322493666548739176e-08
2.442732903655467293e-07
3.315062685013585865e-07
2.589635657270344768e-07
3.970491488881980122e-07
2.033161210917488166e-07
2.172823360922739173e-07
1.304280936504427427e-07
1.339487710190189804e-07
2.783575811046427404e-07
2.729434919615990423e-07
4.381738840807272884e-07
3.977722585127248515e-07
5.791008543552385424e-07
3.062125375060212729e-07
1.727174890479581032e-07
1.605091034405470781e-07
2.242205953711712336e-07
4.763926974067716206e-07
7.868627564472133169e-07
1.049495047178270154e-06
5.886729091713611782e-07
7.268047899701292588e-07
