6.929899103854650848e-08
3.672812549338839337e-09
-1.215283675452118239e-07
-4.531882040662330466e-07
-1.128993536466063708e-08
-3.636532354870717771e-07
-5.786945484347453475e-08
4.250012816471527547e-07
3.703074384919444629e-08
1.680419702082024791e-08
-7.660945735434434662e-09
3.232019430627714441e-08
7.763784816035855833e-08
5.687713910677765658e-08
2.622973379007917869e-07
1.977968698305279367e-07
2.567834960521199785e-08
3.393067667443152540e-08
7.916046572940490758e-08
1.615825997832368605e-07
1.126750400066791535e-07
2.865891800319481412e-07
-1.193819353153808916e-07
-2.212698210970726836e-08
2.201452904425994742e-08
7.749626258495279278e-08
-3.398979576797153331e-08
6.334890247843212980e-08
2.152075017018551201e-07
5.508736604668140161e-08
-2.299003121452396087e-07
-8.304554633304874465e-08
1.166604829891188250e-08
1.135407936891429231e-07
-1.121281127599705260e-07
1.483358967810731737e-07
2.294143558364369980e-07
-1.648696869535324569e-08
2.674344335665811790e-07
-3.177811344195484567e-07
2.464501829811445920e-08
5.869797815132630742e-08
3.966556814187137531e-08
-3.500330396670959690e-09
2.452328623972932852e-08
-3.601741798539202190e-08
1.367050754092404079e-07
6.214882697996590125e-08
6.643271533804524610e-08
4.903102930654983631e-08
1.316294108440751068e-07
1.411983146885988944e-07
8.864994330588169737e-08
1.828446604097333728e-07
7.139451930082303712e-08
2.016077081186552214e-07
1.451144895344677894e-08
8.751628558023543843e-08
9.700166127417836957e-08
8.801689688174100227e-08
1.064461849877999546e-07
1.308692791141439746e-07
1.973251864359697520e-08
5.514677846587175740e-07
4.589378377680628025e-08
1.223337143540938223e-07
1.731314290341119339e-07
5.749070330400784374e-08
2.909863791861405534e-08
2.707234509101157784e-07
1.287519858926346193e-07
1.336077576313364370e-07
7.296822117972897263e-08
1.142572364183866943e-07
1.159955868553887773e-07
-4.404987663194865117e-08
3.449911377501555815e-07
9.936134584747228565e-08
-9.370703518116271971e-08
1.023188807585072503e-07
8.921590929650818161e-08
1.032074058676129816e-07
1.654583383559356127e-07
1.294143622340033995e-07
5.139060219884353498e-07
4.216008668340773481e-07
3.685011555966646245e-07
6.021288089515386246e-07
1.244133171639218416e-07
1.316183290170701062e-07
1.188945507563877849e-07
1.268881801506928876e-07
3.912528790853864540e-07
2.836080147934583039e-07
3.569234996017677111e-07
4.303580734449711777e-07
1.007783778626940788e-07
1.541064291683984463e-07
3.004446473811217645e-07
3.354613805363153126e-07
4.884153824909580366e-07
5.479797730395657406e-07
1.391841292476523719e-07
2.227883779973022440e-07
1.488213010269441839e-07
1.544332792911908659e-07
3.198332403471836376e-07
2.982821867677305300e-07
6.352066693924328214e-07
8.948922508754476708e-07
4.036664700257169995e-07
1.022385199933376667e-06
1.812188816658838819e-07
2.249241556479844822e-07
2.224682481050556471e-07
3.738610177211734041e-07
4.694391094952813904e-07
5.795156777235131292e-07
8.100235227138155900e-07
9.908419633047179563e-08
