-7.698870811316144607e-08
1.036410678412548454e-08
5.752693623733958705e-08
1.414845885388985477e-07
1.195498733164815765e-07
-2.259619382542427116e-08
9.494890172193341475e-07
-7.579623648585869446e-07
1.842997666760724766e-08
6.281955735057764310e-08
-2.314200255447738276e-08
1.508958380633754796e-07
1.882507932983116363e-07
4.087777174515872002e-08
-1.846898225287822981e-07
-4.643927063126114988e-07
5.219986832649103841e-09
-1.020895074381412068e-08
4.171469152161662417e-09
3.122888460439508276e-09
8.006053274174287516e-08
1.367252469022891886e-07
8.890551028890653843e-08
-1.789284724663635732e-07
-5.811598193343077404e-09
1.943516831907821015e-08
3.566111672072348160e-08
1.843385288304931753e-07
7.575411510414796655e-08
1.655427460840735726e-07
9.992300260486204024e-08
-1.481745913444181154e-07
-2.372177638591916297e-08
3.858899395443399534e-08
6.909205702225771225e-08
1.776653033786140035e-08
7.027548010950852863e-08
1.099884726405730175e-07
5.796834446236996472e-08
-5.931967243351158462e-07
-1.109329980680504127e-08
-2.524337440166052540e-10
9.240138910012886612e-08
1.584248551000982717e-07
2.479975886673928061e-08
-3.496811024796794356e-09
1.977496471185842393e-07
2.664438909696956776e-07
2.087929957969634308e-08
6.248064246426463515e-08
3.247405563027524188e-08
8.914008543595751499e-08
9.743548292684778994e-08
9.048940982306970873e-08
1.574892901565133266e-07
2.549953106162670008e-07
1.147291346700752088e-08
8.983490676429188365e-08
4.620743844392888117e-08
6.115798202169935456e-08
1.585424709396724663e-07
5.936097775318306709e-08
2.058815009929837415e-07
-8.789618822428260040e-08
3.045978507321960293e-08
4.156122713901315500e-08
-4.215952200101781744e-08
2.943370152116740616e-07
2.011673644315104141e-07
4.570516733112113004e-07
3.020436846589302163e-07
-5.166393744421585620e-08
2.210504436767947201e-08
8.628145221601288526e-08
6.724770779029045194e-08
1.660985071361510657e-07
2.010447318746486978e-07
4.655510390535087059e-07
-4.923655218500207626e-08
-3.143093812566995729e-07
8.910311210913395815e-08
1.352820041292325526e-07
9.247554581761327375e-08
1.309535779069742363e-07
2.470167083018627634e-07
3.495183022164065456e-07
3.657945291333237399e-07
1.893424196331263042e-07
7.852831662297542970e-08
1.064203453864437111e-07
1.358558422531733089e-07
1.233073845991795101e-07
2.943960006236792905e-07
2.993389598075710203e-07
7.014412691861554589e-07
6.259224099976503204e-07
1.607450967570117996e-07
1.515718562419957077e-07
2.451812015294178711e-07
4.477424323130601402e-07
2.411225092239874076e-07
3.970412684427506936e-07
1.505713811879552721e-07
-1.504536041686984943e-07
1.734025727002423131e-07
2.094081957706857756e-07
2.674241072659652392e-07
2.629122861880583051e-07
4.024835846922424597e-07
5.661132620360637041e-07
7.742789186970167565e-07
8.976574876263629135e-07
2.494353587624206935e-07
2.406893702085897092e-07
3.873280407192131331e-07
5.005607006456953085e-07
4.769402513703588482e-07
6.839967297461342006e-07
8.657839000691865776e-07
2.068597239932127172e-07
