9.874353433381804462e-08
1.615150339803324425e-07
1.286810692262241019e-07
8.415388948931216792e-09
-2.543193944070045612e-07
8.842987126511351215e-07
2.099346467266664352e-07
-1.562435731412841509e-06
5.875557801691291000e-08
4.846835350634546741e-08
-3.084741095989195120e-08
-5.795387300427322817e-08
3.535585236971570183e-07
-1.033208961231487131e-08
1.457227018637556421e-07
5.934731462042238887e-07
5.012347112570888050e-08
-2.147055866799200543e-08
5.727962635174202573e-08
1.471503096110848524e-08
2.251959311530097404e-07
5.728142573885358021e-08
4.103210619234155941e-07
-7.381383345051683412e-07
7.427175843932979845e-08
6.678746337564697549e-08
-8.016739258718560436e-08
3.580466956538404239e-08
7.592932889753097683e-08
3.310100482750108584e-07
-3.371342235896540137e-07
1.298520616492071583e-07
1.961828951989390418e-08
3.833977929138942238e-08
-8.892980912719129941e-08
-2.211458221018438567e-08
3.065189861802472832e-08
2.810730179327551172e-07
1.306388242006106012e-07
-7.544338204328106484e-07
1.471539840482551132e-08
8.141775962861178465e-08
3.641737039326320293e-08
1.382275787428053742e-07
1.537198381234304061e-07
3.039411268546188838e-07
-2.124371777484221575e-08
8.307937771475804889e-08
6.992745077510995622e-08
1.914218691239216015e-08
2.452365094467527512e-08
1.471537232703659252e-07
1.260740187013300259e-07
6.864792125945562654e-08
3.239012291822612077e-07
2.708221964317999903e-07
4.580132070736296852e-08
-2.591068717594653980e-08
-1.112784841453923130e-08
1.247814115378695407e-08
9.746724613839052018e-09
6.256368388031334006e-08
4.945430235499947856e-07
7.401842434736492176e-07
2.585232424861137926e-08
2.953596505406829612e-09
-9.377053252848955406e-09
1.373633947704477855e-07
3.092975388458227882e-08
1.864557895548193797e-07
1.047872821226021439e-07
-1.770349899668388588e-08
7.204755426026289805e-08
8.274278580623215381e-08
7.479996100870303747e-08
6.326305008913878092e-08
2.125249285345771133e-07
3.986201583634533105e-07
2.581107998034609501e-07
4.221045848365481153e-07
7.872331505663355002e-08
1.018063258401683073e-07
1.234911749924202496e-07
2.060320694810122631e-07
2.288287316095237383e-07
1.861506141334838293e-07
4.712886596024129948e-07
8.465549904591404188e-07
9.210755303189854587e-08
1.272180292972084763e-07
1.860725188364022072e-07
1.448300162722637712e-07
1.612846907313421086e-07
2.759612545408999275e-07
5.196320426513463639e-07
6.476909322090032531e-07
1.237410758178922380e-07
1.495208547772962275e-07
2.348224007806325572e-07
1.343499815267121313e-07
3.508997018011382400e-07
4.709557884429351777e-07
4.447049845252749146e-07
6.184927134678942463e-07
1.122591640311687600e-07
1.505883173415178180e-07
2.251416385258215389e-07
3.466017066039298736e-07
2.892134734566855748e-07
5.786401105681952868e-07
9.215212381668876723e-07
8.197190575533325889e-07
1.959676085369964743e-07
2.100321407214231386e-07
3.143169022811142044e-07
2.549430249867412807e-07
2.507491462107617202e-07
8.770036815891852558e-07
7.494986113923190047e-07
6.604427849422471174e-07
