-1.309770260759194676e-09
-1.251515889308445005e-08
1.754390597628391254e-08
-4.173271718012525108e-07
9.094002508759686886e-08
-6.895080158311031004e-07
-2.166221616794788660e-07
5.836593337906637408e-07
-5.571989357344396976e-09
-2.103080652716726595e-09
7.909345522028886612e-08
-4.962300691463863939e-08
-1.183044556994838655e-07
-4.592130262437519805e-08
7.582513173774443298e-08
1.201809581788446433e-07
9.766919558174141612e-09
2.798239483541696759e-08
6.338919954878861645e-08
-5.793302027000780563e-08
-2.188778167691050729e-07
1.783127548887290814e-08
6.856004570657669086e-08
9.518458131782336211e-08
1.666258079719121932e-08
5.223130434798157993e-08
-1.813219078981805627e-08
-2.852463455274044354e-08
2.608967934863963619e-07
2.606543723445192945e-07
4.428930904085725920e-07
2.308457118686134262e-07
1.733159405631672811e-08
-9.775911613872453420e-09
9.245805397381274938e-08
1.292787625659774753e-07
6.067145192088070342e-08
3.840022702124903642e-07
-1.555447200589283974e-07
-8.317196342332186452e-07
2.461433304098860080e-08
1.003125330420174330e-07
2.252163116772466287e-08
5.183041172501701431e-08
3.356479118074305277e-08
-2.460812874948692062e-07
8.590656468120852786e-07
1.002768014203430177e-06
3.255295059175730520e-08
6.089406427083437411e-08
1.138311077788269159e-07
1.082775794850922418e-07
-5.951122659195790401e-08
-4.566029698492283202e-08
-1.482207208674490661e-07
-8.546594746912686728e-09
3.670859696246120900e-08
7.413589419210266080e-08
1.109716533341142980e-07
1.247401727137880266e-07
3.703592205366423214e-08
8.027463561794503370e-08
2.104602436750153800e-07
4.953308935145477257e-07
8.837933544095971202e-08
8.025092083730848895e-08
3.348292706416755929e-08
-1.013678783464526409e-08
1.407547557218109349e-07
2.687333990235291920e-07
-1.176271135384695496e-07
1.646995660282143496e-07
2.522777902679899584e-08
9.304254314616934366e-08
1.878752732044108786e-08
1.071411435698334567e-07
1.545660149222048783e-07
2.103594959984030357e-07
1.052839400622999076e-07
-9.058156630477984246e-08
5.153003563856972164e-08
8.864188461744238719e-08
1.473148013611462204e-07
2.483221747959156613e-07
3.001890768778167980e-07
4.814217310636000096e-07
5.031462432542130426e-07
1.936017731748214718e-07
1.124254325973895286e-07
1.310587414734047515e-07
9.528443562358312572e-08
2.673814343137904127e-07
2.869472064880858362e-07
3.956649180958006803e-07
7.168772537486919312e-07
3.213290841046025788e-07
1.035068582428347534e-07
1.107934889689649033e-07
2.044715388356364873e-07
1.400497572214700572e-07
4.022663919852925992e-07
3.465634668597895024e-07
9.222621918485629085e-07
7.037489747778206368e-07
1.251708662680853917e-07
1.713145893949429690e-07
3.155365738053925309e-07
3.112099446332644374e-07
3.975312268966185080e-07
4.254363422373549324e-07
6.049983026994779144e-07
9.759406202876820501e-07
1.429253628676196403e-07
2.369927880286989936e-07
3.144237967050982152e-07
4.717770155992504303e-07
3.079329898222810250e-07
7.396418510044839431e-07
1.193364645894628207e-06
1.458813424884391657e-06
