-3.829349198901692298e-08
3.647080406149717264e-08
-6.238032546912216459e-08
1.114818580078594397e-07
3.403449397694052480e-08
1.526834776998691796e-07
-4.542369115364866750e-07
1.720808451761247946e-06
3.291818198948968346e-09
4.571822865262318866e-08
9.956766624952856224e-08
-9.851717607564357377e-08
1.821291514263810011e-08
4.911685990840345327e-07
1.776811483514055104e-07
-6.748934026200814104e-08
7.981752468227263552e-09
-2.629348457132494519e-08
-6.085321085050260907e-08
5.662212477865930513e-08
-3.736898424412453388e-08
1.936396074718081341e-07
4.147735343080266639e-07
-1.375018829824167055e-06
1.083919184562766995e-08
-4.341431853046769384e-09
9.421834642099550651e-08
7.763159421605105227e-08
1.455980710650071026e-07
6.742307792319139050e-07
2.870481039418074309e-07
3.965129270233880867e-07
2.609474353275815786e-08
-3.253351780011907480e-09
-1.301623255859738713e-08
3.814505104066273793e-08
7.472010847993114902e-08
3.053117507344216317e-07
3.380796670933598426e-07
-4.381554619573973695e-07
1.197365124441479450e-09
3.966083036170837920e-08
3.717856789752412054e-08
4.818859522745577120e-08
-5.436862362829408454e-08
-2.180880033878384381e-07
-1.863230593136829778e-07
-8.413357519251498004e-07
2.365261641218401333e-08
4.716003393365903393e-08
4.400866026869442637e-08
1.096245078174311597e-07
1.564535506019910154e-07
7.107916318552311818e-08
2.243249543411692909e-07
-3.197937896683707365e-07
7.006451474664037523e-08
8.211589217354926635e-08
9.766763646563827189e-08
2.480260543140291645e-07
3.111103794369109593e-07
3.134950663767662274e-07
3.535177918873483662e-07
1.608301835782922567e-07
7.386936932401000735e-08
9.395961327563779696e-08
6.528732261459678096e-08
7.901890860661139161e-08
4.130751531582423086e-08
1.586386831676176924e-07
-1.788051270031945875e-08
-1.779303860385804215e-07
6.697590445484708365e-08
1.027635493469940197e-07
1.227973726923001023e-07
1.983518362448128131e-07
1.011052168284208082e-07
2.294460440139820550e-07
2.581037894058585318e-07
2.947438073472323126e-07
5.356825803479233143e-08
9.070668656182850215e-08
1.721824143419539961e-07
1.523755110016292021e-07
2.314045138824936972e-07
1.967717190465178548e-07
5.002325546140093396e-07
4.708064387583702115e-07
9.773181230578045323e-08
9.718118473717447557e-08
1.088425456473526139e-07
1.565537818373365771e-07
2.950941354219106004e-07
5.716270517257803268e-07
2.613766405971346329e-07
4.724107883776181730e-07
1.071882719783429961e-07
1.477868858771383559e-07
1.632184540077543272e-07
2.358438230916156102e-07
2.918813122926012699e-07
6.570371451265794181e-07
8.014366439102481878e-07
7.663894753522520154e-07
1.545361737857511661e-07
2.226311095827121621e-07
2.163537190261838193e-07
3.430934282329169391e-07
3.276762866918209961e-07
5.562889919101730658e-07
4.222632575462745564e-07
3.024719207288473512e-07
2.161184934072741851e-07
2.105766627847811988e-07
2.325008632198637114e-07
2.840721861137637418e-07
4.532227127092309260e-07
2.766718044165446856e-07
5.632196949180198522e-07
7.544404353746340575e-07
