-1.018278360761303264e-08
-1.599438108251733745e-07
-1.375714917379863384e-07
2.904011433007190865e-08
7.955599866431166080e-07
-7.281509192369241321e-08
-1.167453474116106873e-06
1.088493874813973303e-06
-3.961144178779794943e-08
3.265307022849625349e-08
7.881534205712995477e-08
8.922666887725661366e-08
2.766313316950887033e-07
-2.398460349648799861e-07
9.743303069308755392e-08
-1.654814734280793539e-07
-3.209042106536536382e-08
-1.740480713088442837e-08
8.086710774172035804e-08
2.122347491544697428e-08
1.924471372269511723e-08
-8.266597459092936476e-08
-2.044493431474804336e-07
-1.313681224564110590e-07
2.449451630848727506e-08
6.501330389023305878e-08
6.314230376628636628e-08
1.650397681069230928e-07
5.359366407583245972e-08
-2.435104568596860854e-07
1.894923330501223448e-08
-3.254865611420220181e-07
3.710893016407013215e-08
3.634380868326090971e-08
-2.506122735710918133e-08
-6.210662816128264557e-08
1.557771264081312713e-07
-4.857487891496768030e-08
2.721271996458779146e-07
-5.674848624282722506e-07
1.939060293349967548e-08
-1.351528497071507375e-08
-8.348609428473444719e-09
-3.352765856528873000e-09
-6.639895576455476183e-08
7.840596046871873883e-08
4.090510881843755173e-07
-4.680239789836089720e-07
7.061836098839567845e-09
1.504101214818115082e-08
3.683661096100243700e-08
7.161110387192064952e-08
2.058091129016632598e-07
2.166352162506388722e-07
3.217766500854129339e-07
5.099928463778624334e-07
1.521552691597392151e-08
7.307982862699018693e-08
9.885158935229035523e-08
1.053653480875375820e-07
1.896074324944257744e-07
7.053385343943853338e-08
4.399685001122003664e-07
5.372655077956816276e-07
6.588724771150329060e-08
8.813088641829705021e-08
8.904747110316411757e-08
1.439157248569395876e-07
2.838881635060621535e-07
1.359958296818050467e-07
-1.328999914409330586e-09
3.896357586329821145e-07
3.652820416184886529e-08
1.333201830471136343e-08
7.936660025539666300e-08
1.658317015037437017e-07
1.109346031587269429e-07
3.630017893751142970e-07
5.809230545617825360e-07
2.779524832755530839e-07
5.275720334441251242e-08
5.661416265931447025e-08
1.753785353881193694e-07
1.793640049392762697e-07
3.742509395959524477e-07
9.833629582518751686e-08
2.527684888859587970e-07
6.005775114637999503e-07
8.554264748217923963e-08
7.757985164481048759e-08
1.283237493399244804e-07
9.225674174268999293e-08
3.481998000091075334e-07
3.097946550395149025e-07
7.870339657238724613e-07
5.364081572665219958e-07
1.161848174005244416e-07
1.871728143725708745e-07
2.147906473764426680e-07
2.826869360857163476e-07
1.491061946579713562e-07
4.836988978391189523e-07
2.567157172055518806e-07
-5.307488344409367287e-08
1.611661366413997569e-07
1.559091971199080188e-07
3.199108675274343723e-07
3.990014929987987242e-07
4.214905801139846783e-07
5.238515299803743661e-07
2.263796219867978779e-07
8.450259984960500541e-07
2.018567195045469726e-07
3.402720762973311984e-07
3.471557787498212297e-07
3.836386866584340843e-07
6.353696416693698768e-07
7.510103696607450058e-07
7.225214503171738756e-07
9.015137904936625685e-07
