-1.463558015037987823e-08
-8.670222209041898607e-09
9.708330537488863751e-09
-4.086303880444129069e-08
-2.264386257764982603e-07
5.849429157736414946e-07
2.378032896809060079e-07
-5.360701486885334583e-07
-1.908498397053173372e-08
-4.216133559837125879e-08
-3.569152354905896202e-08
-3.862465226861396518e-08
2.216372870696189649e-08
-1.735292428427220220e-07
1.645211698152159005e-07
7.690120147530532939e-07
3.260290058667594237e-08
3.089020228182218058e-08
-2.015256229687842184e-08
3.845624796964892686e-08
-6.249678774455198142e-08
-1.390884803201263105e-07
-2.455255120935104928e-08
-8.290530554088197572e-09
5.099146586888099990e-08
3.344986670102900667e-08
1.491321547420580541e-07
4.403885103490965920e-08
3.176162767490105346e-07
2.633176009198475331e-07
4.596109042610573753e-07
-2.559493117301925353e-07
2.455686656721133472e-08
-7.484695521007103058e-08
-2.722829778459959403e-08
-5.791147087905704531e-08
-7.729156767870830257e-08
-2.697597050719576625e-07
-1.324879392941773272e-07
2.485233022452292913e-07
1.665015383681468192e-08
2.308250137295642391e-08
2.145278456930605163e-08
3.649018700570795376e-07
2.016936689902474708e-07
-1.242916266125214786e-07
1.868700554047691656e-07
5.849317060991682139e-07
2.024231656851272334e-08
2.953492936111908347e-08
8.796916896271219622e-08
1.510674680399665240e-07
9.775751142129267522e-08
1.984727382091353024e-07
4.967092058043212913e-07
2.803916625493303852e-07
6.916346504084449913e-08
8.344253482335443750e-08
8.952950720089790462e-08
4.944856662076091561e-08
9.646586696440024316e-08
2.380137012464627420e-07
2.543625736479205142e-07
1.670256445836733394e-07
5.597493692290590637e-08
6.320667605815284259e-08
1.022486610882325294e-07
1.837297696019094215e-07
9.810755541157662560e-08
1.704062585943744344e-07
1.682769026397960471e-07
4.305058187405174742e-07
3.937189381764700436e-08
9.062394927333351365e-08
1.006788464521561481e-07
2.609761302034740847e-07
2.236482326532779323e-07
3.289128190455111932e-07
1.660318244706883316e-07
2.882014345634871995e-07
8.032689361169667241e-08
1.137807510048841656e-07
1.972917615269951509e-07
3.577430977858000724e-07
3.889634465956855719e-07
3.867371038370675058e-07
5.022439605817516989e-07
3.295353550614205922e-07
1.051210095375814624e-07
1.342393436355949571e-07
1.882830036257539313e-07
2.138577694418229905e-07
1.870375602867823561e-07
4.109178209033053259e-07
4.008724783966893567e-07
4.440132961812461069e-07
1.438097426154985351e-07
2.330571318479893988e-07
1.686491813812279948e-07
2.249736186674497109e-07
3.410349335677348754e-07
2.906764166213252179e-07
9.321654139380717825e-07
1.530837527145542380e-07
1.730121738196477169e-07
2.772748850357465699e-07
2.243976001485547561e-07
3.238070903252559050e-07
4.170582668822980127e-07
2.952385196048547561e-07
4.521098768413800777e-07
5.184630956272677632e-07
2.546096986008179308e-07
3.319657839353214444e-07
3.714411695959782066e-07
4.566996681980113884e-07
8.008804472984064671e-07
6.964683145324961172e-07
8.086472578450094722e-07
2.280765656071707453e-06
