-6.914822702374640267e-09
1.054339827205360846e-07
3.833765774854776682e-08
-9.369933798485426278e-08
6.399307964281665679e-08
-8.633369161785063007e-07
-9.594691541840291341e-07
-1.260650753860348551e-06
7.775459595723741992e-09
3.322918719128092681e-08
5.621985755210482054e-09
9.975448289448249802e-08
1.865389459402573994e-08
4.449711518564023887e-08
3.393157570002102869e-07
5.517445465242525825e-07
1.975373800479811269e-08
6.618781477998496616e-08
1.409984675336575207e-08
1.824011436703945584e-07
1.509855612050294288e-07
1.265899656287396952e-07
1.228354220476777607e-07
3.885765925014207688e-07
6.697369835882116027e-08
-6.685289725093746131e-09
7.406111611742368894e-08
1.485246216071591357e-07
-3.799924136036130240e-08
2.182196021177560457e-07
-1.293665075403703147e-07
6.127798633065030985e-07
5.108277001688926558e-09
5.113391058478442401e-08
2.769320407743842224e-07
-4.106809415877834203e-08
1.163595588902956339e-07
-1.897724037529210418e-07
2.218293858070561960e-08
-3.040664848682379405e-07
3.233785155424811800e-08
8.500910653595128735e-08
2.307006521978572190e-08
4.782596382424960627e-08
1.710777505624007716e-08
-4.360622281618430986e-08
-7.207808859445076000e-08
-3.094292514377841827e-07
4.315111103166970763e-08
3.055237314694284986e-08
7.430685661750727986e-08
1.008483976091700434e-07
1.083174368285490569e-07
-2.353258253130037933e-08
9.697775475455512513e-08
6.173675849630014451e-07
7.367265945777300842e-08
3.058231474541024517e-08
2.327722206078074358e-08
3.307886841087899241e-08
8.111003153226462132e-08
2.399904516904456871e-08
4.379079262622505878e-07
2.485665352129980670e-07
3.934887030613834902e-08
5.869715074275013617e-08
1.442492972471722895e-07
1.976392947144343018e-07
8.453335715087645130e-08
3.112628025036439333e-07
3.542284813526600616e-07
-1.767629742566177810e-07
5.990662228190553534e-08
8.359235542174002289e-08
2.735002855402716362e-08
3.067609921570950455e-08
2.285652572293944568e-07
2.349500468798035710e-08
4.249017811193242329e-07
2.929880187917334370e-07
8.052774145201069341e-08
6.923732288347341962e-08
1.519530748318384612e-07
1.115062995398471369e-07
3.792667739722278855e-07
1.412738212693335387e-08
3.494739052796080601e-07
6.772574379459001527e-08
9.759457177531674579e-08
1.393254363863291913e-07
1.914261669400400001e-07
1.740651587689963127e-07
2.364531796503294180e-07
1.966088991470505194e-07
5.964128102406517026e-07
5.779832319103004443e-07
9.975894470180784694e-08
8.134589567874442367e-08
2.781918259971216080e-07
1.887705411870560224e-07
5.299935057371181986e-07
4.930805781336692613e-07
3.234001918191611184e-07
7.623342750094224149e-07
1.078907722765584839e-07
1.284979507041335334e-07
2.408489984822203643e-07
3.315803368069695691e-07
5.972819903598055980e-07
5.157281560081429058e-07
6.694989516007787769e-07
8.818368132558336958e-07
1.866206760151107799e-07
2.543245072649331729e-07
3.657834040381886891e-07
3.676193497899461823e-07
4.130937224958779198e-07
6.603321637113209534e-07
9.872644334013006005e-07
9.306224334812834746e-07
