-6.367395453769341481e-08
-7.695589504248684901e-08
-1.775436100289566481e-07
-1.935877842179891800e-07
3.486972793372650890e-07
-1.533579244600871788e-07
-1.249148502476081807e-07
-2.117350154041329828e-07
-5.821092995935465595e-08
6.766705146251950138e-09
1.212469106087928257e-07
9.390972069182950081e-08
-7.416322241155000083e-08
-2.232695767725201047e-08
2.858715822246890149e-07
5.801891318038334532e-07
1.798318500192734311e-09
-4.114067976337362512e-08
-6.995465031224859216e-08
2.660196532829595561e-08
1.175230924661263626e-07
-2.527561035206289532e-07
-2.788565293683990924e-07
-1.397127141334004066e-07
-3.207925831012009509e-09
-1.080484840693155627e-08
3.416062997716140281e-08
3.045125192894210175e-08
-1.076184172117059409e-07
3.718695955238005893e-07
5.862137841818079539e-08
-2.407410956656820008e-07
-4.498346594902544095e-08
1.770354574737031097e-08
-6.430811492573477446e-08
-1.156673602809500637e-07
-8.649424240933281215e-08
-3.110024739785303552e-07
-1.074303570027268252e-07
5.310983609588036739e-07
2.837900610846306931e-08
6.590855442018183879e-09
4.241060116761014201e-09
-1.390622651837403852e-07
-1.569981418565525083e-08
-5.116485404959810986e-07
5.874398649014009690e-08
-8.248112037416078468e-07
8.158172389003310084e-09
3.479927877931564302e-08
4.383316592748753379e-08
1.656711596911367412e-09
-5.410004348150057578e-09
2.188071143027183241e-07
1.919452754938226509e-07
-1.220958746331941624e-07
4.233456965278034681e-08
6.829686142840694217e-08
4.947886711018943400e-08
9.694788904829631980e-08
3.264754968264181401e-07
2.472746686968558147e-07
1.513409751306265826e-07
4.947704043001197733e-07
2.078497873898489852e-08
3.608088868669624895e-08
-6.248684556984288684e-08
-8.757974551051004834e-08
1.229626102653333110e-07
-8.055587173909377068e-08
2.758601250417645080e-07
3.727521289176925839e-07
7.053485397166099313e-08
7.391775360296940776e-08
7.607281699834089429e-08
1.948140875991714510e-07
2.569188925684870670e-07
1.263251863381591116e-07
2.990544672337169561e-07
2.703360487358235381e-07
5.878328648425208060e-08
1.092639709258312199e-07
1.896373090710947329e-07
2.395555457949038349e-07
3.365304110854796188e-07
2.153866240643094488e-07
5.265366207755501658e-07
6.985281959422903378e-07
8.504330358114286292e-08
1.114452885093738000e-07
1.046787619198921145e-07
1.502727840451135793e-07
1.976921979091071158e-07
1.970516394852959836e-07
4.191384391186409222e-07
7.822375963223634913e-07
1.195051535092706545e-07
1.659848287904267132e-07
2.640561585507912568e-07
3.462471859692905325e-07
3.398479170910729595e-07
5.120000043747146109e-07
3.989831814591798312e-07
8.837411320642682290e-07
1.284394125328608453e-07
1.630603223862101341e-07
2.638148378060261247e-07
4.251940401432154854e-07
6.758972112855659400e-07
7.233111015631543614e-07
6.790425987576151982e-07
8.762893636711868287e-07
1.167899131989746610e-07
1.257736196494185124e-07
1.414320157112405099e-07
3.471491419944997844e-07
3.705206941313865508e-07
6.285830143354467613e-07
1.000653743197872854e-06
-5.541002297743014066e-08
