-1.003407351405061329e-08
-1.030074921784073354e-07
-1.888536032091527046e-07
-6.194073515089304671e-08
-3.320325835453469054e-07
-1.594287370573079628e-07
-4.659345212635646834e-09
-1.658897224623877882e-06
5.298587115532053480e-08
4.082313316808389825e-09
9.732867793909017258e-08
1.578889308210221034e-07
-1.267701115395269219e-07
-6.546613926152886049e-08
-3.490482792708998998e-07
-3.557860364984214023e-07
1.927244117840923653e-08
2.238304839603654576e-08
-3.865538612741950540e-08
5.508680445584193685e-08
1.005419347770829548e-07
-1.861561613721240907e-07
1.462506602160120243e-07
4.894382646308763030e-07
5.544533999509691044e-08
-1.129574404746010488e-08
5.334962448738200729e-08
1.440076610732040707e-07
8.094869156301116314e-08
9.990201750446239533e-08
-2.838847017633975274e-08
4.013577588549531904e-07
-2.083174907172526130e-08
-2.650959556999223056e-10
2.552564463303911131e-08
8.951645339102709008e-08
-2.340898224598916980e-08
2.998844289327651136e-08
-1.713234422887681631e-07
-3.574275164794884446e-07
1.477116231408879745e-08
2.598026520856499884e-08
1.430178886149687710e-07
1.344089801901241051e-08
-2.932823440151690854e-08
2.856417411801203630e-07
1.375881977534169080e-07
1.695258126040108948e-07
4.589417409605915750e-08
7.222219213628863828e-08
1.024068977899878941e-07
3.649485355110581378e-08
1.562907008906410919e-07
1.062009041272250055e-07
1.332442040553053990e-07
-2.743285249759140805e-08
5.485543650202553936e-08
7.826471363949154241e-08
1.386711169613528370e-07
1.622070399342741384e-07
2.528585755120802482e-07
4.775177492182188657e-07
-3.899960504446583528e-07
4.012347469767836885e-07
6.366907029910966263e-08
1.056443057743775423e-07
1.359109847425593213e-07
1.344546695001129076e-08
3.690500126762437649e-08
9.004930774070986758e-08
3.872710774165166881e-07
4.615891311995830021e-07
6.079308540273867382e-08
2.650622443525353573e-08
1.535214467249525687e-07
2.066524872108462830e-07
6.895386428246200216e-08
1.559106518708990570e-07
1.427443382921227702e-07
9.789345180318371322e-07
9.959108325534216313e-08
1.333717019929563014e-07
8.122172226886907101e-08
1.358595778377139448e-07
3.114172976657342872e-07
2.888719809060521395e-07
2.591342209116334239e-07
-4.273403465112384332e-08
9.424410606840937927e-08
1.205789760229801391e-07
1.231443767214131121e-07
2.382554804411404557e-07
1.678228964520832421e-07
3.367411365813366330e-07
2.756904862663377230e-07
1.901060170091177312e-07
1.199561220725198224e-07
1.788701425929598017e-07
2.491670711541222669e-07
1.173017942603064010e-07
4.823999860560423275e-07
2.601772165522946021e-07
6.504371116310857043e-07
6.016707401003042103e-08
1.375578646715852159e-07
1.889024836269606699e-07
2.335883703018880274e-07
3.343392580630900544e-07
4.757505752025054902e-07
6.693532017683883332e-07
5.877432331251583516e-07
7.266663468605368374e-07
1.631550167285451472e-07
1.931097915214509752e-07
2.807928608311159940e-07
3.007869174297449935e-07
2.862867006114897059e-07
3.088650537488087174e-07
1.101583665712448202e-06
2.029975189101816896e-06
