1.774890959451686452e-08
6.707266088093359333e-08
-2.547471710000329644e-07
-3.617052891063829291e-07
-5.149131744645090259e-07
3.638402122525068038e-07
-5.788166182746780724e-07
1.432425270056226911e-06
4.632318092961379753e-08
-2.184856043640542127e-08
1.989140606437007655e-10
2.573358681673417943e-08
7.050008472696501083e-08
4.129876273904337644e-07
-8.513429241561630351e-08
1.014765941487692792e-07
4.377286155550763552e-08
8.413649298582405142e-09
-1.749209192447316735e-09
-1.070573549242805826e-08
2.247209904528891554e-08
1.790406555179089129e-07
1.229551247965894929e-07
-9.774015876852940873e-09
-2.708009290521279275e-08
-6.541145233805873827e-08
1.273124073918891000e-07
6.272541878576928600e-08
9.705492746849494661e-08
3.590727197210628443e-08
-1.291939428778175260e-07
5.355877775441064662e-07
3.383667422101846007e-08
1.526889738679294284e-08
-4.790599375679891786e-08
1.035882056457529746e-07
3.265841826146982484e-07
1.728538877905768589e-07
5.722198999233667911e-08
-6.381355120895910131e-08
5.870684699681051570e-08
-4.004312996114996538e-08
6.779777756073616286e-08
-5.728800457242374524e-08
-1.785793193587556097e-08
-2.535282297807710445e-07
-1.475268729279180891e-07
4.921349008223717820e-07
6.154231902737277154e-08
7.315343202168389659e-08
5.358860041064802071e-08
1.197838045945980835e-07
1.679302049692670487e-07
1.950208041158468038e-07
2.184310557754958731e-07
-5.082161955439801713e-08
5.396114870422832429e-08
2.698788767458719721e-08
1.378175019268528721e-07
1.201075485857758329e-07
1.611640128040210280e-07
8.449797811183331626e-08
4.868490096975269208e-07
-2.666740284458911056e-08
4.788153039011769381e-08
2.527387478934892299e-08
6.836300825193755305e-08
9.597046016029159460e-08
2.024159448937905551e-07
1.097784384080493139e-07
-2.243895906750898990e-07
1.770033222406445917e-07
9.123161607855289846e-08
8.280935915483207984e-08
1.263506993988682493e-07
1.089313531005406746e-07
2.190721068685180226e-07
4.110390291187598209e-07
7.560804787938447490e-07
1.122322965756519658e-07
5.698615570962006739e-08
7.205321857864615077e-08
1.235148440491914859e-07
1.141217753830055071e-07
2.416414591212039400e-07
6.377572328779764694e-07
3.282670308786620974e-07
7.207589825963619273e-07
9.079930114363635117e-08
1.490692129417956559e-07
1.344542112456436495e-07
1.550202854466511629e-07
2.063797101287039623e-07
1.704879889381585720e-07
4.655355232727557104e-07
-8.559128707943583250e-08
1.044319428584818347e-07
1.109650104236881810e-07
1.658304577658783104e-07
2.646541274020074677e-07
2.979099688825113873e-07
6.013342641412228996e-07
7.681460090639643626e-07
1.152788147847898287e-06
1.670446158868396884e-07
2.200343403905171149e-07
2.415968599911649545e-07
3.157701803848544413e-07
2.595511246577731420e-07
5.211621292832282661e-07
5.542568593779048373e-07
5.338635531181857809e-07
1.403530574748190171e-07
3.338524416027136545e-07
4.022182287452076644e-07
5.310283142517743857e-07
3.985879016736573007e-07
7.337303356069646366e-07
1.375461720417677719e-07
-6.648477498629829629e-07
