6.041173693658598914e-08
-5.278417342810509290e-09
-2.406258033454286917e-08
3.181942660128175498e-07
3.340430736156742843e-07
-5.008903039767334855e-08
1.331400880802595627e-07
1.176197730084177375e-06
-1.030725328373629468e-08
-2.175637371622577777e-08
2.450909871861256764e-08
4.924083734176821381e-08
8.326267038584869666e-08
-4.705227980333790199e-08
4.866342180482694019e-07
-2.329588250186152585e-07
5.052879314862380780e-08
5.442274928574629981e-08
2.506520728959189541e-08
8.994639851537332359e-08
1.089604498350526639e-07
-2.098423408638986932e-07
5.221838516089550820e-08
-2.461180519019982986e-07
-2.778102636929451723e-10
1.387497298192103283e-09
2.498306645228676226e-08
-5.164292565261765762e-09
2.445305761760726907e-07
2.701882351270119180e-07
-7.493018128842091718e-08
5.119418935232605868e-07
6.541954912489851994e-08
3.754960360474854754e-08
5.342720657421390395e-08
-3.059892440533739676e-08
-3.561252346981205146e-08
1.480655900999157869e-07
8.321633174997502034e-08
-1.016006949683616813e-07
5.127385408800872784e-08
1.279506968875223011e-08
-2.225331649821427335e-08
3.151132804058682980e-08
2.226648923371299335e-07
3.466055572221054139e-07
2.159221595591899103e-07
9.288957637622516153e-07
3.853672376990223027e-08
6.491792079992109418e-08
1.749368611865703080e-08
4.878150497144719833e-08
-1.490339308587448392e-08
2.565315722172332126e-07
3.206757584569525711e-07
5.460440372240511376e-07
4.153594634873044396e-08
1.166815799672139989e-08
1.536742928916758491e-07
1.710048959310558938e-07
9.852896550372475025e-08
-6.164891926733775518e-10
3.293541236380121044e-07
3.067793162963157941e-07
4.986846291778442677e-08
2.783289915494886470e-08
6.637809190547743952e-08
1.236460412052669046e-07
2.630277899766373726e-07
9.790157951013469172e-08
4.490639682417807042e-07
5.431550458352958499e-07
5.505687553055026781e-08
8.096128517306585882e-08
9.592976447062330136e-08
4.173512370104969639e-08
1.516155730191665676e-08
1.653507467525338633e-07
3.026361967114864805e-07
7.582838932549504830e-07
1.246727319567921890e-07
1.434363531589550745e-07
1.502412224466640177e-07
1.736227114907381229e-07
1.485488148571927659e-07
1.604553088697292699e-07
4.588035786210769704e-07
9.029015084575552696e-08
1.192217555051668417e-07
1.466622804918701563e-07
1.551558419257391648e-07
2.806046691362623034e-07
3.784864497952259035e-07
5.405679121889762520e-07
9.224365987974297855e-07
6.100978457502327598e-07
1.666468542204341799e-07
1.871503470582408668e-07
2.391153436583924970e-07
2.626297763560448446e-07
6.373318100340490351e-07
1.875749377193746996e-07
1.227599003531844143e-06
7.047860368975105724e-07
1.875264543515992342e-07
1.557105411073499512e-07
3.136244756580106685e-07
2.580709471694745389e-07
3.726775688488411425e-07
5.302123188399124959e-07
9.990566516297684422e-07
8.982586513924587150e-07
1.902535856971245344e-07
2.665687880732139097e-07
3.716747278318987319e-07
3.556323541363264901e-07
6.420534954517534098e-07
5.476640871601128622e-07
6.694731161384624635e-07
3.150715395658640124e-07
