-6.844147880554171072e-08
-4.603836182614595285e-08
2.461808708322794639e-07
-1.128167863386712892e-07
-1.533352937209972442e-07
-5.390682313833244535e-07
-7.782684985467915290e-07
-1.561837908119382408e-06
4.788201953871475207e-09
-4.680470009190973678e-08
-3.668046924192370273e-08
2.194344463043809005e-07
-1.000333384148464975e-07
1.794937364403946384e-07
4.553131647171391823e-07
3.551553031689564644e-07
-1.573038426517737802e-08
-3.983250977809076091e-08
-3.925205901341623622e-08
6.857442496705668735e-08
2.956534490536200390e-07
1.344081392136452636e-07
2.728651446700734922e-08
-3.612800993385787674e-07
-6.023094995799552936e-09
-8.655287005397720016e-09
5.740128239178577522e-08
8.534083947386934770e-08
5.605882284442695982e-09
-1.277309527991832143e-07
4.466524254622267674e-08
7.388260260661958262e-07
1.771450544524756497e-08
5.321455845684400579e-08
7.493962153940855015e-10
-7.609576940792507638e-08
5.237962535508508492e-08
3.118291931482716793e-07
3.910802459368073958e-07
8.424453271943366409e-07
5.925787177769115970e-08
1.301797772554476901e-08
-3.276699672759610393e-08
-4.596996208074752033e-09
3.243109787744276895e-09
-2.783817458837130331e-08
5.282999293643668325e-07
-4.759697516559798913e-07
7.025667309874836828e-09
2.757991864864253789e-08
1.812845604843460955e-08
-3.346035836088456603e-08
4.982007784534457252e-08
5.652681702771369887e-08
2.056509895394207889e-07
2.520247550305827531e-07
4.324009852968370918e-10
6.274105209843102121e-08
-1.234352687829576437e-08
4.171476535757073792e-08
2.820761710629802107e-07
1.604228357665987154e-09
-1.320345935829967734e-07
9.455752102978186529e-08
3.339991216959682085e-08
8.173294293695179054e-09
4.335296205687548866e-08
1.812470288534180179e-07
2.232606285145925832e-07
1.036746153838168996e-07
-4.274873491844329974e-08
2.247172063865604453e-07
2.705503876364199965e-08
4.910853883174850061e-08
1.588538142169335960e-07
2.472103797485839487e-07
1.200582658430005250e-07
4.575905736184759004e-07
7.892867883734850340e-08
-8.672482458499176502e-08
2.957009017906828564e-08
7.409862861556394392e-08
1.482474874611692160e-07
1.321053252883872347e-07
1.618976350944678750e-07
3.021397703510788418e-07
1.233968700841450815e-07
4.967684030902844986e-07
5.295660529965284610e-08
9.643532852165780208e-08
1.768282796101669928e-07
1.648541264672480258e-07
2.032472306861682953e-07
1.761387222420474308e-07
5.324571937152618580e-08
8.487671931173338937e-07
5.927141852185753752e-08
2.061829107728124580e-07
2.172543169097338490e-07
3.543670910928966430e-07
3.578143692153758274e-07
6.381973167495763956e-07
2.173198632801929097e-07
3.933303555988666995e-07
1.176442342802177487e-07
1.526569795540543275e-07
1.280664778785946257e-07
2.700159422120399037e-07
2.635263438687254083e-07
3.089528755563017230e-07
7.069839217315268536e-07
9.143937343418621963e-07
1.378837193456415405e-07
2.472063293976991468e-07
1.786950365224994448e-07
3.581599381553447431e-07
5.662795251699269157e-07
7.905483570428381262e-07
7.263778700623678029e-07
1.299423808638322091e-06
