-5.337528045938179721e-08
-2.731352709032865927e-08
1.437338889888423025e-07
-9.726202148555581805e-09
1.590388389249934298e-07
-3.092557033292233180e-07
-2.039213765539990710e-07
-7.055541151352813919e-07
6.178144220850851988e-08
8.655383794698869775e-08
-1.722611469029873978e-07
1.472648316693751563e-07
8.673593736882088246e-08
-4.305494106710906561e-08
-4.208942933115357675e-07
-2.664606704533937214e-07
6.707179177234037548e-09
8.788847344552953096e-08
9.847088178665178065e-08
1.375093028382335729e-07
-2.186540482002138750e-07
-1.350898188535153455e-07
3.398146147362060234e-07
-2.408298957127444062e-07
5.672970995433548697e-08
-1.061517587025728600e-08
4.624020026175219265e-08
7.577342655049974524e-08
-2.204366248554042828e-08
5.471567058622750892e-07
1.825599217496267982e-07
1.594211146111570870e-07
3.235378435652146513e-08
3.492130076709380440e-08
5.009437005281430810e-08
7.199318476247451562e-08
-3.640874952275832263e-08
2.635729766144204080e-07
4.592725861311602126e-07
-1.550780250986548989e-07
5.546590421550654720e-08
1.508451350562608996e-08
1.137129040860246294e-07
1.243238496153028947e-07
-1.295962729225617885e-07
1.386457675983290769e-07
2.862302798763329244e-07
-4.422875326782695662e-08
3.145813946616023899e-08
3.028564268211128050e-08
5.209825860862281601e-08
9.377357790430495157e-08
1.690087998622121618e-07
1.200965331664565524e-07
1.718071776922913880e-07
-1.741044179137395835e-07
8.542523084800751109e-08
-5.296086690194246408e-09
4.265617961348166022e-08
-2.024890006965844714e-09
1.579725880543341416e-08
-7.889549287367393741e-08
-5.735460120986060005e-08
6.930322243770391142e-09
3.939468620607611701e-08
4.072001089448400416e-08
2.066643605459237318e-08
1.240069638176575846e-07
2.527557917452266542e-07
6.071412693381720477e-07
4.126484475761392744e-07
4.798323973096109131e-08
9.026925828576510225e-08
8.621645904234643940e-08
1.135401755660607589e-07
1.592156990410506389e-07
8.047809179668734733e-08
3.184674654364619774e-07
3.606878142520136303e-07
1.501083944695948639e-08
5.909378901559932457e-08
1.006802524218397320e-07
1.520596394762872223e-07
1.809591322036378395e-07
2.322419394453670779e-07
3.441609799569637258e-07
5.321247672291709153e-07
3.579002661689170118e-07
1.088545612820558966e-07
1.585002036620403081e-07
1.934737003476801576e-07
1.688915627577904564e-07
2.426830287918575642e-07
3.635275926090476324e-07
3.679717397576373950e-07
7.081014586982803457e-07
1.517457254075576543e-07
1.673929080952547371e-07
2.489488766129863237e-07
6.853253954872831596e-08
2.886747034065615909e-07
5.048768923673898012e-07
4.775823719737947005e-07
2.623863745296253874e-07
1.429525356362227292e-07
1.852774423649993222e-07
2.746700041316218510e-07
2.159913971421329780e-07
4.182528847361125626e-07
5.782670534363596698e-07
9.598219464399712462e-07
9.305109655708374123e-07
1.799633518975215745e-07
2.834216968889453459e-07
2.933787447395554187e-07
2.518431870427352779e-07
3.144068003289119527e-07
7.857259151184154578e-07
9.860027608237704789e-07
3.424018279784816136e-07
