1.186465875921756832e-08
9.271728404991461285e-08
-1.303546195332779933e-07
-9.410409825631656871e-08
2.941594728347619532e-07
5.639471656514129152e-07
2.747347244129839724e-08
-6.950453961420668490e-07
-1.792137136623577919e-08
3.214056407103112720e-08
-2.679616060614403829e-09
-4.405469205819900599e-08
8.878392439037249632e-08
3.148783598978024089e-07
-7.979622389854934512e-07
7.460945987466697430e-07
8.367502856369066120e-09
5.381611855118450363e-08
3.565225496288378961e-08
9.188001546769526470e-08
2.510801681577455626e-07
1.329677141382383426e-07
1.673187775203612736e-07
1.155166321023839989e-07
1.292751477083988084e-08
6.346096655903834121e-08
5.852079304088110080e-08
1.168901944513603247e-07
-1.821474056749218178e-07
1.193009510390930834e-07
-6.537355262446351582e-08
1.017475144601891914e-07
1.087056141734841367e-08
8.006990427849889838e-08
6.951653838832822825e-08
1.257692648943453730e-07
9.810906097003507609e-08
2.249497681062382784e-07
-2.803137155599099305e-07
-4.944072558611748372e-07
-5.869862854305203517e-08
1.947684397551951652e-08
1.110086992696437851e-08
9.961636324987977849e-08
4.965778496902630930e-08
-2.709146803395257634e-07
1.009346138313174777e-07
9.438679678387077031e-08
2.509236469084132994e-08
6.966477557099590780e-08
3.151267181715469055e-09
-2.815117406451965860e-08
-8.907215903351795351e-08
1.741164573751256259e-07
-7.773962983878820399e-08
2.909393762850613113e-07
-7.878872908017049181e-09
6.360628173614672014e-08
7.577577489221536927e-08
4.740196523048182928e-08
2.067963063322543307e-07
1.720632104275170278e-07
3.215977503102799330e-07
4.957282983296249090e-08
8.364922713828920595e-09
6.146405647223916366e-08
1.232626119756756808e-07
4.794051440799924316e-08
1.644104601259370726e-07
4.825411623764104947e-08
-2.011669822096368741e-07
2.382541259171009030e-07
5.742701565636390860e-08
9.012572901245174710e-08
9.944317919399187953e-08
1.435127388515401140e-07
2.214550087225115826e-07
4.098700945003303185e-07
-2.137106105750651883e-08
4.506468367973806560e-07
6.711720734401352565e-08
1.016711431761751241e-07
1.206380116744230495e-07
1.474923839634733169e-07
1.669888194927643213e-07
1.699695976433186911e-07
2.431751597349349657e-07
2.089473931763604862e-07
7.099538306205112681e-08
1.242805300454582089e-07
1.205683855690114471e-07
2.370810365361842455e-07
1.531610305278539462e-07
2.389625895902208544e-07
2.205815737938503647e-07
5.355278120356004597e-07
9.781156898428947201e-08
1.250997427435593154e-07
2.720407799373706121e-07
4.757475568850634927e-08
1.748156031898588462e-07
3.345052755896752822e-07
6.821809579162599594e-07
6.970115876685778808e-07
9.554333689253968502e-08
2.166805411188271642e-07
2.973230310110819453e-07
2.272093149713354366e-07
3.433616024220008272e-07
4.584401223042081112e-07
6.785493082332358977e-07
9.922427558843820026e-07
1.597357747149780715e-07
2.888391877744042659e-07
2.437515341834322919e-07
5.455793547315468655e-07
7.174125619572611983e-07
4.879847319495261726e-07
1.077093781690728286e-07
5.902125167910485796e-07
