1.455656721802362193e-07
-5.929993669141196566e-08
-6.748637020258734997e-08
-1.019278350751762734e-07
3.013811263031767800e-07
-1.371117750909753304e-07
-1.500996316537669606e-07
5.016879633392805925e-07
1.890047351520104606e-08
-2.457925614806737458e-08
3.801065471189481368e-08
-4.937834948728981179e-09
-7.265535546298011097e-08
-3.958915472415481012e-07
7.208184855854059389e-08
9.396618621239596879e-07
1.050976387360987821e-08
-4.101907864123031485e-08
-8.253211996891714595e-08
-1.195023451918509652e-07
-1.073852027711536678e-07
1.297408981367401657e-08
-3.819438114158229244e-07
-1.963296436168378609e-07
2.526427901109393466e-08
3.246558909367327340e-08
4.139874283950376020e-08
2.197518429501114875e-09
-1.051126191193670235e-08
2.237277116397376349e-07
3.277502319894917104e-08
-1.822275634239106205e-07
-1.300530459369965393e-08
-2.993610166602432911e-08
-2.570138259211578343e-08
-1.317776802277794624e-08
6.687551991471463675e-08
-3.197073247258364319e-07
1.992354077162559217e-07
2.233078370011468772e-07
2.636261401852920498e-08
-2.033900275848938546e-08
5.850944318333651308e-08
7.149068997024947833e-09
2.106290602173086904e-07
-1.985371678829832456e-07
1.451231153927083390e-07
-3.125368847385405642e-07
3.489118918814231164e-08
7.345015263903197133e-08
3.206479687727178929e-08
1.230400629717543485e-07
-2.057020352806980027e-08
2.718209251423629204e-07
-1.397853763939772499e-07
-8.629499786838660336e-08
1.875873635944950015e-08
1.233707729655257033e-07
7.876962225798769550e-08
1.189221598500268171e-07
2.201825805051000853e-07
1.968900302062043885e-07
-2.319831958987228014e-07
4.946220449215440743e-08
2.435569878039137235e-08
2.827659891924934837e-08
4.998486296127571822e-08
1.742539407372955546e-07
1.796787494436808273e-07
3.538133306833256976e-07
5.876525395666901317e-07
4.497065598671726179e-07
4.939432366560961307e-08
8.451187008964062421e-08
7.778088831576699150e-08
9.019893314735588103e-08
1.030249851802671098e-07
3.396424867181495333e-07
2.973823306802903971e-07
5.943842887326000101e-07
9.954580803192729410e-08
1.359742003877985316e-07
1.965822347703085786e-07
1.224599483872652595e-07
1.576082808317147278e-07
4.530818727327251553e-07
4.526128679712486863e-07
3.930164374705365966e-07
7.600071789673838828e-08
1.328946648215067875e-07
1.464297974024789543e-07
2.049849727227604652e-07
5.223761613845524223e-08
4.754444065349909553e-07
3.570920205330776959e-07
5.280038971201198777e-07
6.587077044326919676e-08
2.022478034597576243e-07
1.953063005960792584e-07
2.582563394555978386e-07
4.205822917557537888e-07
1.307339598865105801e-07
8.831075421275503524e-07
9.530373400460552478e-07
1.274633903398032213e-07
2.118273452623297721e-07
2.521177096758071011e-07
3.368654747426608243e-07
4.266094324949214941e-07
4.144190778693016169e-07
8.520973374615025545e-07
6.296749853205547258e-07
1.687449977752024182e-07
2.649198502904072620e-07
2.311285331655813932e-07
3.873477894688376705e-07
6.137201153702547898e-07
3.422087656130863235e-07
5.385709159066090840e-07
4.442702062446406381e-07
