-2.301371405272424736e-09
4.658155750889769999e-08
-1.411743852867534067e-07
-7.207142062825228999e-08
2.106701738445387119e-07
-2.407456347903177649e-07
1.592362900557420244e-07
4.456492227393922720e-07
3.479614094796285975e-08
5.276695933285585270e-08
3.868015331408197288e-08
1.675994917026096460e-07
-1.296574932994178313e-07
1.073407185350698832e-07
-3.623857355440027726e-07
-2.229093788711643294e-07
3.729087077290322879e-08
-1.784680597652213131e-08
1.183986518606080712e-07
-1.759608564839232406e-08
-7.863900442672794104e-08
-1.142836219978908728e-07
-1.458615387094758862e-07
-8.333583209114679211e-08
2.357942928859540458e-08
-3.196893277786543926e-09
1.250353553329638588e-07
4.388183030035850600e-08
8.820539258111254579e-08
3.206153208372441965e-07
8.764213618077196825e-07
3.848036698584679181e-07
1.416938345777426856e-08
2.625304931801323532e-08
4.995155985975804028e-09
-3.715310015553019859e-08
-1.373634249412038072e-07
9.853900751411524212e-08
3.932349292575399119e-07
-4.280125209904329932e-07
-1.630480036653947417e-09
6.213209153567893801e-08
-9.798573407896877842e-08
5.451992805333556501e-08
4.686616298478292068e-08
-2.725017284402507277e-07
3.139732038004545231e-07
4.014328361729177324e-07
3.233864589086891258e-08
-7.806519833232120885e-09
2.298451068224116501e-09
9.317359777763481491e-08
2.590581428583934342e-07
3.267687158051057737e-07
2.348108481575143546e-07
3.984567271156702053e-07
4.769481452214645067e-08
6.564609538182730348e-08
7.803918143239448699e-08
1.611999987741632390e-07
1.457587218989259134e-07
2.277044157208905329e-07
5.918359609081347214e-09
-4.311284497206929094e-07
5.513923706352565891e-08
1.999498029008027809e-08
7.741614075289330991e-08
1.786146258103948857e-07
2.399313936311266072e-07
4.454147283905829999e-07
3.822266462127575355e-07
-1.277369585247162453e-07
6.358546721428879729e-08
5.638857065168871818e-08
1.759494737172837304e-07
1.312525829844943077e-07
7.890329186889395307e-08
3.062592260576355518e-07
5.590267771035208781e-07
7.434662370773589709e-08
7.079016414528618801e-08
1.019337244496003729e-07
2.093777375181803293e-07
6.824820171469968424e-08
2.778882898832024678e-07
4.806021493880852598e-07
3.576908869868769817e-07
4.814001349233691636e-07
6.022186309346270153e-08
9.543558273997003495e-08
1.345044795799752001e-07
1.314104427148141205e-07
3.156256490859120842e-07
4.228423743453636310e-07
3.877487502421187893e-07
9.221470996705319213e-07
1.309569192497842953e-07
2.039167126257590096e-07
2.563039292845981971e-07
1.703832855761612862e-07
3.583523232851692973e-07
3.396792263389152792e-07
6.351823298093426598e-07
8.589945470055651864e-07
1.696664566952838103e-07
2.208365229588138676e-07
2.789428991206671119e-07
2.257789228612113867e-07
2.496463788932219771e-07
6.689753316888889871e-07
7.259767753110053461e-07
8.048524152797171554e-07
1.933371276386880317e-07
1.583460794999014310e-07
2.156470467547395823e-07
1.079226949490347274e-07
6.518866905198714011e-07
8.233749887352787377e-07
5.165023190068354442e-07
1.033099392903643360e-06
