8.361403021270331362e-09
-1.043409160164770448e-08
7.370593866899339648e-08
-3.919496853196247407e-07
7.157798369204049612e-07
-7.221461339922865173e-08
-2.026533104228079515e-07
-3.829594110435179226e-07
6.215060532112163347e-08
-4.210218874993406231e-08
-8.146292365285285918e-08
2.699012275121262765e-08
-5.201459278334324479e-08
1.693469218877503692e-07
-3.212970812124991766e-07
5.057631413485830778e-07
1.537690573213906777e-08
2.799468327730082082e-08
-1.583472945604138487e-07
4.988106216550221261e-08
6.260408070356072819e-08
5.921858035615739036e-08
2.815804990725251524e-07
6.757847541182084443e-07
5.142998689614899986e-08
-1.258390938827139580e-08
-6.377800759489172911e-08
-1.190532419024883810e-08
-2.901228530063126514e-07
-2.210573412851861581e-08
-1.644013934744666043e-07
5.340229469085947257e-08
-1.601530374861185017e-08
7.860010869658165524e-08
1.769510431105327749e-07
-1.056360728932267131e-07
3.447583919139266841e-08
-1.763690493851838669e-07
-1.413494161560507634e-07
-3.639572632783199476e-07
1.836869319332918082e-08
1.655481509559420838e-08
5.821334152190662241e-08
9.636184679386009344e-09
3.877670722871493610e-08
1.031078013125455675e-07
-2.842609397916064436e-07
5.941056523504666792e-07
1.455831392904114618e-08
5.736153775163178097e-08
3.699224970372692495e-08
7.783559681088323532e-08
8.301828427121503346e-08
-1.366987461221660305e-08
4.691140190542286016e-08
6.926449028145221101e-07
6.665957875481934936e-08
7.270430475279219855e-08
1.735115070354307104e-07
3.145093851393419170e-08
2.915043238346709196e-07
2.551366054269587758e-07
-7.696548982645870392e-08
-2.466582817609375781e-07
3.693315983439600809e-08
6.029126998296384510e-08
1.019102266435152855e-07
1.579293418951665246e-07
5.162483289198206095e-09
-6.533801100696008232e-08
3.831188247173869061e-07
-2.334531962873693366e-07
4.650165698130202061e-08
4.437637489170716547e-08
1.095894034088771459e-08
1.495828148925263031e-07
4.735865812544279778e-08
2.066204100702987169e-07
6.415274994640754103e-07
5.103565350831236867e-07
5.959487223430844838e-08
1.167733423833241442e-07
1.884507799639975202e-07
1.396802630678149585e-07
2.219483392468296447e-07
2.761371005668759514e-07
3.123537188394126171e-07
4.999023840177648636e-07
9.570988134106585627e-08
1.480322168830099845e-07
9.083474133095503513e-08
1.380363815121773826e-07
2.274097833923286177e-07
4.436922242104318283e-07
6.033438023344289123e-07
6.542415496890155311e-08
1.033304395688550359e-07
2.135503890531249648e-07
3.105273081743512410e-07
3.182757865356876988e-07
3.220727493824442605e-07
4.163315181918304340e-07
6.354957148274527316e-07
7.336494861366609276e-07
1.561051204881458212e-07
1.985500311143981732e-07
2.374513781970830945e-07
3.871560327705342118e-07
4.486257474793716181e-07
3.875668886945785141e-07
7.637997191378174850e-07
5.305397023891347336e-07
1.834893627882070640e-07
2.530747664367878449e-07
2.832905581701739518e-07
4.530541897539350785e-07
8.762736084835088092e-07
5.923727912666162358e-07
4.240163740674496935e-07
3.421500201404604524e-07
