6.825955696639376749e-08
-4.265531600011924167e-09
7.742632521584119599e-08
1.740311720638867391e-07
6.642211197175986737e-07
-4.128195681249869456e-07
-1.046002052329803132e-06
-1.614479063215573410e-06
2.318430383244351775e-08
1.999393763490004726e-08
-3.186621919333259934e-08
1.713177484927100507e-08
2.896188042969655803e-08
1.636119824103084544e-08
-2.722892913152414504e-07
-3.729224943688094489e-07
-2.882507130740986367e-10
-4.713361313670716984e-08
7.813651042624249312e-08
8.823263252261811929e-08
1.168170481981329130e-07
8.432877196944124202e-09
7.040308093736521816e-07
2.945084964002725712e-07
4.440092191737239918e-09
-6.258314270795737439e-08
1.057763227729316831e-07
-9.825025377793802219e-09
2.330046378214227946e-07
-4.202350973637313382e-08
-9.803256387160360430e-08
-8.073943536453449463e-08
2.205597862051895184e-08
3.208017128246170314e-08
1.441273252833840229e-07
1.392631953667159930e-08
-1.796742372774472143e-07
7.312043029456182892e-09
2.058506559780435339e-07
1.358507077104115322e-06
2.618634852263042801e-08
6.041518591358341081e-08
4.581900406708570705e-08
2.097629928063135269e-07
-6.544025832373063747e-08
3.318362872138502657e-07
-1.429528333650961606e-07
4.558756122288550086e-07
4.724110320111842671e-08
1.616839186879122370e-08
9.053352471745711837e-08
5.847166577134720317e-08
7.335505675142243778e-08
1.684287660964764741e-07
-1.073979771570537414e-07
2.911973490130265517e-07
3.279357532020421169e-08
2.031187353606479798e-08
2.251086533753383707e-08
9.292679785159838904e-08
2.604472878887575635e-07
3.745078989114246382e-07
7.150419931462948777e-07
3.986658653654761791e-07
6.897775072650235953e-08
6.202121752350422939e-08
5.838242595807426106e-08
8.441115758559407182e-08
7.637149888928168939e-08
2.922091403956834983e-07
-1.665839958432978096e-07
-4.038433793158836498e-07
7.174319375865553586e-08
1.322710647449939066e-07
9.402866548523299173e-08
2.467272917444249971e-08
3.485955607511855830e-07
2.424958703321874833e-07
4.287784056316835454e-07
5.626849361703647079e-07
5.915150843533111537e-08
1.249054255470724804e-07
8.256491682819706352e-08
1.350325961554682975e-07
2.543626648656723157e-07
3.762175614871069527e-07
5.107449478396772385e-07
3.208017097384280432e-07
9.694886915507418786e-08
1.197874017370133313e-07
9.698096301316780028e-08
1.807023912468662053e-07
1.220238073955936315e-07
4.239062481910850582e-07
6.997158009981380989e-07
6.332965853877690757e-08
9.980892566178882345e-08
1.329619470681947179e-07
1.091329950771215660e-07
3.948421085651812294e-07
2.690234357920010340e-07
6.599138959907976576e-07
2.377235689436089039e-08
-2.868080224989998512e-08
1.283802776026892879e-07
1.907456503137598043e-07
2.579339845528812549e-07
3.722372575192291907e-07
4.640384923309054386e-07
7.938469074796290528e-07
8.263309925492461403e-07
7.297233224909235465e-07
1.954738684399718537e-07
2.370219836945555894e-07
4.283656229308133113e-07
4.167413010752998717e-07
4.641724695377446531e-07
7.557434825515267575e-07
2.574510348291988914e-07
1.642240823916820509e-06
