4.420122088519240078e-08
-4.017305015575640323e-08
1.558507343821181337e-07
-6.459541395778015560e-08
2.800531453464759118e-07
-1.124352339483466627e-07
-1.210479859105168605e-07
-1.659993953714430584e-08
-1.597382959369485209e-08
-2.639114465187767864e-09
-1.184297972946564122e-07
4.718363007239467717e-10
2.542590496590641929e-08
-1.157716743757773076e-07
3.735659286079633788e-07
4.427834118801766951e-07
-4.042121197404346597e-09
-1.308322996806763473e-08
6.492542941485240700e-09
-1.886382151297308090e-08
1.933775320568437021e-08
-1.540220794907666244e-07
6.758844316516438546e-08
-2.583252486931861727e-07
2.331391634861150967e-08
-6.057642151211986320e-09
1.173443748343294401e-07
-5.558824539084485432e-08
1.208632255491375848e-07
1.919110402460344738e-07
-2.216160085169188165e-07
3.066560537086708004e-07
2.890470739430953253e-08
1.058911826565164473e-07
8.406616290919274979e-08
1.595464333677817856e-07
-1.562433448659315977e-08
2.674782064391132759e-07
3.737809697101365117e-07
2.460703255474423108e-07
5.900926198068647751e-08
1.231793150780269531e-07
4.552858153051475320e-08
1.635781066535731878e-07
2.728167803124959675e-07
-1.462467956590662480e-07
9.611657849247409967e-07
2.381678067467579080e-07
1.974477294625964680e-08
1.754465928164254762e-08
2.344983903296390164e-08
1.234511526883954622e-07
3.268555832681527853e-08
1.632698258518851285e-07
2.638326060301792852e-07
5.703324390751813794e-07
5.478101603149615032e-08
1.256043250958841481e-08
1.259202728878684049e-08
1.106123826665863495e-07
2.406363223212567419e-07
1.566266778833323422e-07
-1.533677171130710433e-07
5.540812576564784360e-08
7.410393063301282531e-08
6.206919001157915130e-08
8.281206113172659042e-08
-3.316199933495708699e-08
2.974717226518392098e-07
2.741857846328181047e-07
1.293707614732591791e-07
2.482421279397645703e-08
8.740859926610436035e-08
7.070261384425225085e-08
1.564712418029087505e-07
1.042051538929468163e-07
2.529565498230317774e-07
2.840806180214187155e-07
-7.398653427079692596e-08
4.142048410587494917e-07
5.158405496486946224e-08
4.632057868497677023e-08
1.031625351908820140e-07
1.702473633439111747e-07
1.325098003846552662e-07
1.594248722695662490e-07
2.405514247789651652e-07
1.398733346880313818e-07
7.713984286642653137e-08
8.345411105585165155e-08
1.546161316790617726e-07
1.838346347941621041e-07
2.402359001299317729e-07
2.813225762475201873e-07
1.811357720590929971e-07
1.393170801990782400e-06
1.149897906630874130e-07
1.183371340663651034e-07
1.829065887539112028e-07
3.465680224812318003e-07
3.043950898063643268e-07
3.387425246132086270e-07
9.266189009301598096e-07
1.456082293961512791e-06
1.638175760050170179e-07
1.884070023303580248e-07
2.505494352004046523e-07
2.378962069024068074e-07
3.808025877738577538e-07
6.216621054937619569e-07
7.454751199076353537e-07
1.220825942333728550e-06
2.355755158407705470e-07
2.566162368323661306e-07
3.141508597546119481e-07
4.750666958942714522e-07
4.145624647393021808e-07
1.231318083038468026e-06
1.010327641708152460e-06
3.024633455505392093e-07
