3.770419069280166014e-08
-1.419500250799523318e-08
8.754555995544863513e-08
1.236562433205847788e-07
-2.913735773745861330e-07
2.653487457376443371e-07
1.802997131641229412e-07
1.193998321873118672e-06
-2.593460378231165884e-08
3.857926550245318061e-08
-5.682869479359255394e-08
-3.526110898356736782e-08
2.999635905238985006e-07
1.775137198808832396e-07
3.577549163604545293e-07
5.265666496180211821e-07
1.534754052565873592e-08
1.648867794819623542e-08
4.698255733421396765e-08
8.655770594363074368e-08
6.459577896068269983e-08
1.402327575216603029e-07
1.593608851327349066e-07
1.163258643555754863e-07
1.744080375894409877e-08
5.298554579744056382e-08
2.551819383995240950e-08
9.845573629055674595e-08
6.710576326380182646e-08
3.114706339683480127e-08
3.818518197332778275e-07
-2.451485154490472192e-07
2.091865748787324958e-08
8.786995342101110593e-09
-7.555527087893058409e-09
8.811162641700324855e-08
-3.226072463828311821e-08
2.699056302503153250e-07
3.478739201445685226e-08
-1.271194578379238911e-06
-2.563446432761836014e-10
8.637414664542085814e-08
4.981008862751603648e-08
5.107392162840746617e-08
6.958328763528765808e-08
-1.918767390235483607e-07
3.162400525801402323e-07
1.204540211358694454e-06
3.468221708145329431e-08
9.479164921503461651e-08
-1.111491587937067992e-08
7.978272898699499041e-08
1.013686365587562578e-07
2.991261231665597356e-07
2.567686808636646692e-07
2.182339104370088201e-07
3.108783319367963862e-08
9.576419436492873865e-08
4.088461529212932017e-08
4.694710993752666024e-08
8.827533801043914825e-08
-6.984064656602998818e-09
2.001217046618155699e-07
-4.375781723138271010e-07
4.452831144827787046e-08
1.833543455491432613e-07
7.913279249173346099e-08
-1.451051177614901128e-08
2.709578685881223791e-07
2.223370011784402401e-08
3.322978532737007221e-07
4.609355547382894967e-07
3.744516969247617521e-08
6.202607158026960363e-08
1.414396314313644583e-07
2.889459663683576429e-08
1.269334728957780066e-07
1.852569427453969648e-07
7.349272155326678254e-08
-1.779967164640820241e-08
8.119698076415693023e-08
1.176476218176806060e-07
8.432961313150787416e-08
1.775893491250467709e-07
3.039036889760188060e-07
3.729322256906753928e-07
4.340833301728174217e-07
4.900576321027961518e-07
4.611166925990406594e-08
8.515297392812939328e-08
1.054106305318979767e-07
1.830473861707614271e-07
4.373514773068691243e-07
1.662722337706768642e-07
3.807621185910253219e-07
3.336087831500443295e-07
1.129290524584615937e-07
2.247519518380447703e-07
2.145146201236889226e-07
4.011109831562494038e-07
4.349614086619959503e-07
8.558581526651147898e-07
6.821016756595624682e-07
-2.232725228204095404e-09
1.245315964387045783e-07
2.328451821067394557e-07
1.603290554905087001e-07
3.554094390950060285e-07
4.563467130863264426e-07
5.365855970661021653e-07
5.130408766613513028e-07
8.083696992234004384e-07
1.732142636876541488e-07
2.321248113695147070e-07
3.304811494618253032e-07
5.586364359686220552e-07
5.623950209437934855e-07
6.489426616215178406e-07
4.489308456677750786e-07
-3.163498195612590945e-08
