-2.376658981478162683e-08
-6.063597743899382732e-08
-6.130516263924743796e-08
3.314622709224358802e-07
-3.500009411240025228e-08
-4.520026064642116433e-07
2.761080077169536463e-07
-6.151187306543973433e-07
5.003906444717022883e-08
9.618377721677631272e-09
1.584006071275613294e-07
2.735926530517268847e-08
-3.878356569574731948e-08
-1.278431755286903195e-07
-1.261810289335671094e-07
5.242766816867181028e-07
3.248364104436233115e-09
3.736272693517548737e-08
9.778917575139978015e-11
-5.413757634408021699e-08
2.910896075937885703e-07
-7.919112794942756565e-08
2.127507157445270272e-07
1.562813140289567436e-07
2.588316606098278641e-08
3.853735785413746346e-09
8.599980172444670804e-08
9.227931508807748338e-08
4.310910057447591951e-07
1.822453682786793585e-07
4.955363451601042406e-07
6.359850085078452106e-08
9.221788011835713838e-09
-1.935214534251316116e-08
8.213643034754926481e-08
-1.149265050480918689e-07
1.105991282668334947e-07
-1.688595570965982569e-08
-4.092252886177302485e-08
1.841906564761014512e-07
-1.563760631489151026e-08
1.663353300490498114e-08
2.742644225216969118e-08
1.359110020130113649e-07
1.856261973887742764e-07
1.990048766852415292e-07
-1.119526764457034289e-07
6.687880110119068280e-07
4.620303731699560410e-08
6.956091897997497047e-08
7.011913525909437605e-08
1.542099655960626779e-07
1.915687418065295786e-07
2.503635026628491512e-07
-1.134068784022253593e-08
1.725949648896591853e-07
3.032682730294544827e-08
2.439735145313984233e-08
4.770226329916901980e-08
1.510918566684231010e-07
2.138296780096580281e-08
2.506607051859411612e-07
3.629699633412951957e-07
1.541896298515446787e-07
5.426239603333835019e-08
8.728595468633577236e-08
3.745487141224171282e-08
1.647322336598955963e-07
1.722029532047409776e-07
1.497877876142244719e-07
5.959425676779666755e-07
7.360020580258989592e-08
4.957919856824172774e-08
2.860488024439561255e-08
7.131460836273374117e-08
2.236852366688773710e-08
1.429483275767031884e-07
2.382197695404075307e-07
6.139889192694584425e-07
4.206166217039136964e-07
7.427916245668451530e-08
9.905265185327355337e-08
1.129280589837359941e-07
2.676373956701665451e-07
2.077090063186730838e-07
4.804465472384320044e-07
3.516461871067953841e-07
3.646826608257117198e-07
8.109887760446962527e-08
1.064212327653140854e-07
1.513931693556520504e-07
2.369738143449276734e-07
3.094735623534426373e-07
1.399563789026528437e-07
4.416937012671269923e-07
2.577739301066146343e-07
9.835013032037632788e-08
1.067528158709695891e-07
3.250160346621331138e-08
2.918902481407339433e-07
4.356876151069232286e-07
6.480840637435639405e-07
9.458551193192432799e-07
-1.122376173829659782e-07
1.228992574591536380e-07
1.301956415663880666e-07
1.822836516618498108e-07
2.269423626594590209e-07
6.352609988244325788e-07
8.179005370815580240e-07
7.848124025850707261e-07
6.136597763444521273e-07
1.063720556625992874e-07
1.248541163615893239e-07
3.434226934386825081e-07
2.706432647810724022e-07
6.405679724505301808e-07
9.269920915959488560e-07
5.056890876274978832e-07
7.682131616865677434e-07
