-6.240373902117120504e-08
2.147095376290330136e-08
-8.837058494484885868e-08
2.046763702805021252e-08
-4.952043516613840192e-07
-2.719466821652551001e-07
7.074066308282555080e-07
-2.654247515391628674e-07
5.837815473174987500e-08
4.169015604909162900e-08
5.390569981543924012e-08
2.955016981278247604e-08
1.289505281169223464e-07
-2.162758414623708571e-07
1.373216239126712767e-07
-5.818861653410838522e-07
9.132781995609953086e-08
8.879584204545788172e-08
1.287508980478542247e-07
2.862716516002888768e-08
-9.430892749404827272e-08
9.438971310625017641e-08
-1.915415789884729043e-07
9.715162759154705034e-08
4.770689269743306220e-08
-2.853288850053412110e-09
5.790505748532958606e-08
8.477822421770325514e-08
1.372628789412287918e-07
2.484289223227233800e-07
5.068539811670572418e-07
1.642759526108524722e-06
1.073740526550448788e-08
-5.169302099536266184e-09
1.150740117426170407e-07
2.905503458656124017e-07
2.486090659304322584e-09
5.453697981358980729e-08
2.886949524055223604e-08
-5.254606089962329604e-07
2.939670211897045541e-08
-1.017709841029649678e-08
1.192392055880417998e-07
-3.594945931960322330e-08
-2.359552081324762286e-08
3.668645103200737851e-07
4.285810249826134868e-07
1.945552862551681353e-07
2.554633783867336153e-08
5.331547663080034243e-08
1.173010768235686891e-07
9.990863456978477717e-08
8.376581992416433885e-08
1.767423385743163604e-07
7.343920390872698427e-08
-1.985878341652053172e-07
3.195944920919768536e-08
1.103662220442682795e-07
9.134241745860641706e-08
2.061587663404245646e-07
6.416138599632906366e-08
4.303580099497003559e-08
1.515026572034714521e-07
2.730803299802202853e-09
4.513233706458646899e-08
4.256963535679531397e-08
9.674513656521969985e-08
2.356409131161730975e-07
1.328242589026142251e-07
2.088964652400238976e-07
4.700857156894086026e-07
2.703691917731928321e-07
6.650660898959107581e-08
7.821034086142676281e-08
5.620828794741024087e-08
1.303142285696356041e-07
2.145784818546741128e-07
1.529857418077552133e-07
2.605351720701533716e-07
-6.689446352774097340e-07
1.010488748601674769e-07
4.962282264610058880e-08
1.304031212057298987e-07
2.608384899350995681e-07
2.258542837789053192e-07
6.031786203144395433e-07
6.412767758398577676e-07
3.637522197915349919e-07
6.036695244933926408e-08
4.630477786963603645e-08
1.035431876820972685e-07
2.174013451131704936e-07
1.566708451301451373e-07
4.471799432408041246e-07
2.067279490861254335e-07
4.492398754210698069e-07
1.964766679965029250e-07
1.405766598416051428e-07
1.693515297176937480e-07
3.383649351935256163e-07
3.494067807413042526e-07
3.242115489338947663e-07
5.894619724911984747e-07
6.073833009111628536e-07
1.554899331140495120e-07
2.273583337026878462e-07
2.179229159760261337e-07
3.476150173470200431e-07
5.546151914167369260e-07
5.852813285825485609e-07
3.078053832151079167e-07
3.428063625496388015e-07
2.222077729824946322e-07
2.274724337829583949e-07
2.643215201146098926e-07
3.003330937069707951e-07
4.339187423233152286e-07
7.852374131536658535e-07
1.051879102316957656e-06
1.533926318576324403e-06
