4.105692555088170859e-09
1.433612936624838041e-07
1.049882648760536112e-07
-2.186505195703538627e-07
-2.678879949693727492e-07
-2.136180733177758195e-07
2.836554343921954127e-07
-6.196108704081870900e-07
2.080436720800341262e-09
5.279114245364756469e-08
6.014092619910898285e-08
2.660489120139362337e-07
1.502859101096465532e-07
-4.010888867153372531e-07
1.439032480761685522e-07
-6.156451403662748702e-07
2.918605757663241165e-08
-1.500037868978461252e-08
1.143726832304662459e-07
2.294559274883622058e-09
2.211822352636550260e-07
2.731854132824010064e-07
-1.020218496360091874e-07
-1.525136936528080110e-07
1.613189203635932314e-08
-3.447070168472539924e-08
5.029835061147099736e-08
9.578778809350299669e-08
2.885308455861594503e-07
-2.547813643438688874e-07
3.266597065654683235e-07
3.996650849449861395e-08
-1.199033915346222227e-08
-4.385970088029226568e-08
7.125971830240600904e-08
1.180686408101739258e-07
1.958720610931992517e-07
6.857221688096899429e-08
2.767257559487733275e-07
2.092420742093607024e-07
8.418099542662491871e-09
2.821463774773485625e-08
7.285240316198034941e-08
-4.227948992689607533e-08
8.957904168954139901e-08
2.608136817484338417e-07
2.911038451959430506e-07
6.022053585613490495e-07
1.889519206058559305e-08
3.267831990218834032e-08
4.450383228679452853e-08
2.371080653153623361e-08
1.295211943332774757e-07
-1.111896635856521059e-08
-1.069207873972373062e-07
6.426634673718192360e-07
2.032930678080129162e-08
2.468605004619430122e-09
1.064959001919212255e-07
4.203353831027636365e-08
8.732348101181128379e-08
-2.414106607127109400e-07
-8.756855652857152054e-08
3.616320475638761364e-07
5.541581902968850803e-08
7.904314192788593169e-08
7.986615550530276064e-08
2.105321913617243880e-07
2.546145499852101589e-08
1.343924813977660643e-07
-2.558581118358117123e-07
-4.026902073872028191e-07
7.419904964735972055e-08
4.201841001833004886e-08
1.747330383639361886e-07
1.883106698917658308e-07
3.084125257047268008e-07
2.568912386585546272e-07
6.156973521244705558e-07
2.503795225800203252e-07
7.223339518062133135e-08
9.630582139035922475e-08
2.391047378068434523e-07
1.782868392228351367e-07
3.167187756914362735e-07
3.762268262063434219e-07
2.934074638266964672e-07
4.319537211753830934e-07
7.813237933569294724e-08
6.389548814821446117e-08
1.691521241146826012e-07
2.005903296979809836e-07
3.077659130595353584e-07
4.678355158271674525e-07
2.965525219266447052e-07
4.283767257581411342e-07
1.474099889838003171e-07
1.151630549131147861e-07
2.999544028829157142e-07
1.830488187363668106e-07
2.837025436898771468e-07
8.796944361022583262e-08
2.684625996792982034e-07
7.403721786355019446e-07
1.894990682169259883e-07
1.933393486847728013e-07
2.703004294507031073e-07
3.854812916091502616e-07
4.288864449289466340e-07
2.881571417046793851e-07
4.868633691535160911e-07
7.738512550168450607e-07
2.126381989368957892e-07
2.812018584458903924e-07
2.770699516261357144e-07
3.763124105109894271e-07
6.349944302457518656e-07
7.403328319282205375e-07
7.106503599133532508e-07
6.101123130688023436e-07
