2.501873861033177697e-08
5.699997570346798258e-09
4.030877284607546314e-08
4.172273105495367855e-07
4.084049142163267775e-07
4.926953051208158962e-08
1.122021309209802565e-06
1.271927264004675261e-06
2.318970173944844564e-08
-6.207929776451427120e-08
1.397069599022906819e-07
-7.195423875152463562e-08
4.845170111402264867e-08
3.101033235418035010e-07
-1.718915084429273489e-07
-9.534049983164780574e-07
3.353147260177614146e-08
5.582464337265494494e-08
1.825790688668642303e-07
5.597216112952205283e-08
8.632581291690721749e-08
-7.133261050255701792e-08
9.805442012654346716e-08
4.454702925930918129e-07
-5.187494570887883811e-09
4.782840816085696402e-08
9.890489701408734391e-08
-2.655216050485694483e-08
1.173635515220700048e-07
5.625171907286933073e-08
-3.024570438324505772e-07
2.210059291271643626e-07
1.497685025870507187e-10
2.780702792268487185e-08
-6.652143333165707360e-08
-3.252013293604135816e-08
8.057249069248849630e-08
-2.125895529627069322e-07
-4.588471169973221386e-07
-1.424177206584051572e-08
3.653077653909743404e-08
3.475797617531217421e-08
5.573706798511833248e-08
-5.288795531215207480e-08
1.051057472917733468e-07
3.378658254402761751e-07
5.468105594358857755e-07
1.386873524101120807e-07
4.242490175981010266e-08
4.914135657180910996e-08
5.597294264427576797e-08
4.043980717494018108e-08
7.639951127450606251e-08
1.263072320922403413e-07
2.080887876499814520e-07
4.367180568222043450e-07
5.783934963825948387e-08
3.512148466708277893e-08
6.634528297078749832e-08
2.254463828243223547e-07
1.510400489403887596e-07
1.600937173541503613e-07
5.036274263905817124e-08
1.487162873758665841e-08
2.837583460512414798e-08
2.237998045426390805e-08
8.443439509422427963e-08
1.141480992338532758e-07
-6.716514043534349990e-08
4.021568096571985315e-07
3.293162679413808218e-08
1.459899065452356661e-07
6.839198203489992344e-08
1.222741199875031526e-07
4.271461999653751490e-08
2.042958627943726913e-07
1.804203672481300216e-07
6.586672404325228706e-07
2.417425790807803983e-07
6.872247647260161908e-07
7.284569811003315886e-08
7.611435900515585757e-08
1.252915469917818273e-07
1.520681400271845833e-07
2.397196013871266813e-07
3.545006432269222519e-07
3.295062605011063620e-07
8.879813632022109667e-07
1.158069526993379271e-07
1.371776148996037976e-07
1.507477270538985692e-07
2.462021946123344499e-07
3.395446543114233921e-07
3.644803105558160898e-07
7.401917754257016525e-07
2.756162104485558183e-07
9.745477959760796311e-08
1.432207862686848864e-07
2.004355349168747438e-07
1.809643200869689502e-07
4.182534897252808882e-08
5.387841145362411061e-07
2.346061124379051671e-07
2.991688144553713022e-07
1.640159690399818852e-07
1.338845385986147828e-07
1.576795577425789626e-07
3.495274523885398384e-07
4.687675373608386764e-07
2.835729500778681605e-07
8.757600924711436717e-07
4.717267420423885891e-07
2.177837777018282843e-07
2.324463144287804822e-07
3.486369089269438197e-07
4.240859971651832490e-07
4.738289418758504623e-07
6.738139337640484374e-07
-2.372187774691078763e-07
5.829398082494794155e-07
