-1.823539480763104981e-08
-3.836649784469545777e-09
-2.767496524715033069e-08
-1.703757557399571047e-07
-2.136398914898414837e-07
1.783625961904604245e-07
9.589161251204417179e-07
1.540152174886043508e-06
2.775963444303698405e-08
6.555128649573061925e-08
6.343466758322413380e-08
-2.987205501212428277e-09
-3.790508638439590812e-08
7.812335936360956165e-08
5.753518629920156642e-07
-4.366967790799948521e-07
-8.429164062910078231e-09
4.116460783431339310e-08
9.647713131606646280e-08
-6.973399936720994915e-08
4.149100966909826166e-09
6.713374849217289781e-08
-6.262672821170472969e-08
-9.113842059169244475e-07
-3.914043243156249301e-09
-2.000185364253894325e-08
-2.173288775434164926e-08
1.680307495199974905e-07
1.846164969412920867e-07
2.006153717581609758e-07
5.510727347855776251e-08
4.744650497118803433e-07
8.576814401985238469e-10
4.535521816536644892e-08
1.001674968873316768e-07
5.626167327882963693e-08
2.333051702407978002e-07
-2.452568523422703732e-07
-2.487751764192701973e-07
2.255408554543041868e-07
1.604868970552844739e-09
3.001030885993750840e-09
-2.408125716549269661e-09
2.440557073451427064e-07
8.233910308685311404e-08
8.293361150407638602e-08
-4.944502452275386980e-07
8.332697178281074010e-08
2.319189409667215758e-08
1.894931020481109694e-08
3.173273555607825672e-08
1.565814728733324030e-08
1.353486439518143426e-07
1.588074251568720176e-07
3.403083936866750009e-07
-2.793069552589912786e-07
3.721880660628050298e-08
2.806166044475069053e-08
4.175358018555855781e-08
7.076235849533763825e-08
2.124063846868726683e-07
4.410716927055340966e-07
-2.314204351752760315e-07
-1.615159442591927541e-08
2.095840663775819633e-08
1.495757943925097301e-08
1.227330216987174663e-08
-3.745144893942865724e-08
1.890058974377726887e-07
2.930579136522501025e-07
4.297590807428650499e-07
6.280089753185089629e-07
1.937895998980200605e-08
6.415029027415312737e-08
9.554742202039493612e-08
8.863531215512630824e-08
2.668005010010103492e-07
6.166801647139667709e-08
3.224211853181271604e-07
3.992137144158626429e-07
6.807016097630013901e-08
8.520493502279830546e-08
7.924781999258171671e-08
8.308732908439428366e-08
2.986723025941702128e-07
3.058648205899802871e-07
7.068011894209064752e-07
4.415985986888651418e-08
3.969862335876473483e-08
9.104590104145706643e-08
1.328400057355730814e-07
3.277427804255312686e-07
2.894724128284129647e-07
1.619690320665384312e-07
5.890506948530989473e-07
5.530507609517092225e-07
1.288132532680897077e-07
1.915105824104924347e-07
2.325384912197298444e-07
1.901022122040910719e-07
2.570787231670087415e-07
3.164161271796590796e-07
8.567376721874116046e-07
7.147777819437574356e-07
1.634014966341351280e-07
1.698496816962903944e-07
2.503299834982170340e-07
3.938675832044505523e-07
3.791253267423667468e-07
2.196454845275030172e-07
3.633396032217907189e-07
5.425219392272534964e-07
1.953158558101513628e-07
2.731198128600458146e-07
3.251803380321538068e-07
3.199510876332348189e-07
6.271416968095382405e-07
4.838407466351657903e-07
1.058331712518599037e-07
3.754361110122011456e-07
