2.384355548920837066e-08
-4.816471260908189309e-08
9.497501238645313648e-08
3.007618305297971606e-07
1.267731116644106043e-07
2.445532317558821142e-07
5.359880231396764731e-07
1.534124471295732548e-07
1.136981264767130053e-08
2.271482741089176819e-08
-6.320796500156355469e-08
1.399545991522881192e-08
4.867760957309944011e-08
4.060032760330106024e-07
-3.001775644784870951e-07
1.037747484590621586e-07
1.825821203739092465e-08
5.703281500519516655e-08
-3.969683155630135250e-08
4.355800824276522904e-08
-4.789673734496388968e-08
7.268951149485995182e-08
2.213802224091106657e-07
-8.538185906469207506e-07
1.621777591983493718e-08
5.715373205400160358e-08
1.224057157407562423e-07
-1.169765117337426500e-08
8.199711841890376466e-08
9.658384752953232237e-09
-1.783618866907349100e-07
-1.332681767207985443e-07
9.337129204505895314e-10
-3.137973739432593085e-08
6.366120991226109556e-10
-2.034428170940600196e-09
3.549903476177560235e-07
-8.988026505177235103e-08
-2.643439593215138657e-07
6.487058534496772797e-07
4.371821379793474850e-08
6.239776903266404861e-08
8.349950074994685076e-09
1.528182155538996974e-07
3.552049586216600751e-07
3.052312027640611535e-07
-2.894927703831785112e-07
3.375341557051105287e-07
2.785209942347474930e-08
3.045028777265290647e-08
7.259947001170875950e-08
7.927949010784285386e-08
1.263709695584876869e-07
1.982194214562049060e-07
3.287736353530266060e-07
3.172842510158903990e-07
4.006587037779465537e-08
8.132549677006735931e-09
-3.402890645737241658e-08
1.790112518341686588e-07
1.998913617932637580e-07
2.343627291751022394e-07
2.251011139783888163e-07
8.879192832612481939e-08
4.021158782895948801e-08
1.173942356831878878e-07
1.442821100536515663e-07
8.269684108113066350e-08
1.827339004969237981e-07
2.428363562067618400e-08
6.669950617032617116e-07
4.745765646814115711e-07
3.265952155666123731e-08
1.243947530328913487e-07
6.227449429203314829e-08
1.993949045779604268e-07
2.330114248800573828e-07
1.917966206655690603e-07
3.583729381567510858e-07
2.202138823058567262e-07
8.559974293084224107e-08
9.913174782454048957e-08
1.173660983091595398e-07
2.835532904196276307e-07
3.117437128041453163e-07
3.705643100922535561e-07
6.371644028414600556e-07
6.088328866645162662e-07
5.306263553940053630e-08
8.407131099022452718e-08
1.690644889790438603e-07
2.464866375567052137e-07
3.464447207767428641e-07
2.446252631072673620e-07
6.366393485411064371e-07
5.022455661196542533e-07
1.162645289671518385e-07
1.357219848578071509e-07
1.831793122985581983e-07
8.727554913695482358e-08
2.105773637818361729e-07
2.222073331699142693e-07
1.439143438823435812e-07
8.598069025254387367e-08
1.486324148294954445e-07
2.108278831421233797e-07
2.521340848392749328e-07
3.039142985241933802e-07
3.246055488898795166e-07
7.226907083445823688e-07
8.276280413692987361e-07
9.619482683806553607e-07
1.491700381468658621e-07
2.514665120385587010e-07
2.687352955843604487e-07
6.215429770615124243e-07
6.952141437833892044e-07
9.020644775507365937e-07
1.392460210123637889e-06
1.601382373075630873e-06
