8.557979044929905995e-09
7.690067672715893623e-08
3.993851249146526188e-07
2.462580392320524743e-07
1.529355627073425895e-07
1.925497758229705062e-07
4.930737928393098052e-07
-1.280755753298826647e-06
1.089080823208580304e-08
1.632130406061091028e-08
-2.567803783622674767e-09
7.869995592201209745e-08
2.072717522994206197e-07
4.424551640671412707e-07
6.445827167118357134e-07
-6.845803702309915213e-07
-1.918196625169330089e-09
-2.153688389398446856e-09
8.543901366492258657e-09
-1.620906156532608050e-08
2.750166295099647996e-07
-2.742145782220119166e-09
-3.594677326306420826e-07
6.502865249860804717e-07
1.083463211306693004e-08
-3.083604657781906976e-09
-1.151269907611821736e-10
1.723518475621905186e-09
1.235157887896946443e-07
-2.890057842180969793e-07
4.702321956873509487e-07
5.508721972211946580e-08
6.900379444502972830e-08
4.058299821860972042e-08
6.328190542720680754e-08
9.091995895630425001e-08
1.705171327758303187e-07
1.203819939719401844e-07
5.996333865678946464e-07
-4.139710291797966869e-08
3.765419077947381964e-09
4.527474618092634857e-08
-2.296322946675584007e-08
1.100892832006030990e-07
1.245329113237792595e-07
1.597249746822397170e-07
-4.272507791307506902e-08
-2.520832602260643437e-07
3.578357880877108183e-08
6.467458068512072026e-08
7.131747101871646737e-08
6.733582359381107925e-08
7.209426298633848157e-08
-1.572820735770453166e-08
2.970763203919833450e-08
3.086800236872110246e-07
3.620772476572520949e-08
8.919203358052195427e-08
7.862943128594913526e-08
7.645619436398342019e-08
3.637615872319254122e-07
-4.477550952900235273e-08
2.988605445248963437e-07
-7.116191487775934992e-07
5.382959938747004770e-08
8.152741230139527185e-09
5.066663768015929048e-08
1.127662129209709894e-07
2.720903845663857986e-07
7.916053518307849259e-08
3.163616674481092487e-07
6.097321183199987785e-07
5.498501990567517079e-08
4.574726994922515856e-08
1.512600902995659087e-07
8.338596041937175962e-08
1.408913565550571253e-07
2.137685883351812614e-07
5.966919454666404490e-08
6.854120724136435567e-07
4.226800696458631740e-08
1.179993252453892013e-07
1.903263764150413999e-07
1.229173730900594989e-07
1.036674581249029935e-07
2.694231851515959740e-07
3.445194349395308795e-07
3.743595915701325006e-07
6.711742862643438194e-08
8.937278046601781916e-08
7.423514696970562168e-08
1.152841190026334751e-07
3.239051145386466254e-07
1.722021283149255628e-07
5.212638675237901353e-07
6.310554070173516842e-07
7.800906113604073430e-08
1.818290668764158661e-07
1.641119889808401351e-07
2.613156954174338912e-07
2.482651828734364780e-07
8.769428760871874503e-08
8.910140866727764404e-07
9.730149685593349487e-08
1.252413324818367199e-07
1.781498035937224410e-07
2.565709431570811550e-07
3.568735804510168889e-07
3.272637960289419901e-07
4.386418928644910341e-07
3.129052133695555119e-07
5.712646090332763096e-07
2.281788103256444572e-07
2.294872578106834561e-07
2.436125356545038735e-07
4.049147296772450270e-07
5.259096647144661775e-07
9.700292369799717965e-07
1.007894359327501151e-06
1.302850089362350267e-07
