8.877067607880688387e-08
6.218557808945140699e-08
8.217205328635979997e-08
1.128066057921966649e-07
-9.930257832198446433e-08
-2.833767465774769296e-07
-1.557108313272094425e-07
1.307981976204645342e-06
5.700768726858393635e-08
4.522631377123314139e-08
-1.347090507974755458e-08
-7.515159521212338427e-08
6.821809513430634778e-08
-6.264697891257008802e-08
1.985610078612484887e-07
-5.111308885803742602e-07
4.791343570321514703e-08
9.089726652591551285e-08
1.159761423105723771e-07
-2.084504425163212074e-08
4.347460625478904975e-08
-8.976396790190997028e-08
-1.926991892610907141e-08
-3.662664309699938916e-07
3.709525146810961459e-08
4.332899503424734743e-08
-5.782691828435383010e-09
-7.117454066845947544e-08
1.781502692454827876e-07
-1.450782773062639488e-07
8.651124727413372275e-07
4.081500994774765491e-07
7.548402461577958262e-08
1.477240802397727188e-07
6.291557118329189262e-08
6.152728431572019227e-08
2.447726473671236215e-07
-1.410976293144447704e-07
-3.624717060588499801e-08
4.455018756227074259e-07
-1.698191593546978669e-08
3.282518079273944121e-08
5.032383377678665624e-08
1.057362044355219350e-07
1.237230487642611433e-07
3.095420416162488647e-07
3.411995687462347883e-07
1.323836841092908824e-08
3.229218863103897920e-08
2.654681989791638489e-08
4.509960949721300330e-08
1.201947151560232807e-07
8.996747942150232658e-08
-7.377538976797856037e-08
2.930360477218257970e-07
-1.881727549628927686e-07
1.478176855656821222e-08
6.043764848095485832e-08
1.115190054044898364e-07
1.575421285242696761e-07
1.133303945868521227e-07
1.461878228097733192e-07
-1.103270532497137960e-07
3.721241108334849790e-07
3.007921797305742138e-08
5.908423338768402827e-08
8.642324586835220509e-08
1.838746915213561256e-07
1.846753708122478417e-07
3.386530718962628210e-07
5.976030693803398359e-07
3.395403941021431554e-07
6.612431349815237238e-08
6.773528406068060844e-08
1.236455610878522091e-07
1.563403849782372645e-07
2.095741473979404974e-07
1.143131749455525225e-07
-7.077372169591500622e-08
3.729652339530803635e-07
7.162112591026800007e-08
1.262075742122206415e-07
1.973417819694072060e-07
2.053724760507638497e-07
3.177917090362460165e-07
2.537103074541817815e-07
1.571077555454064381e-07
2.861263675330630182e-07
7.283020907994957522e-08
1.306915676422326171e-07
1.956423370560823202e-07
2.359566889914981285e-07
2.651021821995866767e-07
2.524567111661896700e-07
4.902342948747782282e-07
-7.153155333759363808e-08
7.519009854205762131e-08
8.607434738873238582e-08
2.763539390165749571e-07
3.988746701973256662e-07
3.727948654770847007e-07
7.520063051782478783e-07
7.649225639411123436e-07
8.071064818304992601e-07
1.093632460135620467e-07
2.031468050701182277e-07
2.721919569571270660e-07
3.080690731765589927e-07
4.402348657832053993e-07
5.879603265225865027e-07
7.738016127763277503e-07
4.846390233192589802e-07
1.259405134332802583e-07
2.394341178359819990e-07
2.968136854523915048e-07
2.407110616844048715e-07
5.335997161952589771e-07
6.975909813039750315e-07
5.439845645049196390e-07
7.144054896334391875e-07
