1.919929464476040227e-09
-2.707614083444242653e-09
1.869535911136104047e-07
3.924728611239873282e-07
-8.297332446930050557e-08
1.661289156115607799e-07
2.053602372780956801e-07
1.787265647854280453e-07
-2.129222883945525442e-08
-9.181394361688604453e-08
-3.595049637722024703e-08
1.508401309209234308e-07
1.335251508417015773e-07
2.486491313682810488e-07
-1.355569358802742821e-07
5.155746612787351144e-07
-2.043099779159861312e-08
7.107669299561831167e-09
-7.111819782685981394e-08
-8.761320829299186478e-08
4.572345269850103185e-08
-1.932100863410091799e-07
-4.450109283497481266e-07
9.845807034428060096e-08
2.429885019538750852e-08
3.842625650891862181e-08
5.061625921533531113e-08
-5.965098158792963823e-08
2.967727339341677667e-08
-1.644085170395713625e-07
-3.721299161362691227e-07
-2.583925173273045402e-07
5.882129088932571348e-08
4.552880281603489643e-08
2.998185517043758092e-08
-1.794369843077830687e-10
1.333688832600990759e-07
2.184443053973969307e-07
3.137929613341414219e-08
-1.727558759883279807e-07
6.252652688139444260e-08
7.983829450820704735e-08
-7.182636645672563278e-08
6.070014942558530405e-08
3.821813577189112176e-07
4.060478493971374777e-07
1.411943587795162044e-08
5.411628517470754647e-07
2.272087692102980073e-08
7.007960661420877903e-08
6.149203276742794642e-08
1.393148659106215771e-07
1.577066628636495255e-07
1.753418825331347973e-07
5.024062097988629474e-07
2.539490370841049404e-07
4.785445217141729815e-08
5.070189942860972630e-08
1.374898524987259731e-07
1.305252241631508585e-07
2.372116969546130692e-07
1.321493680761306455e-07
1.173928300903202248e-07
3.149344415021453158e-07
5.838629419462283168e-08
1.162725621689182594e-07
5.791810874513460997e-08
4.492539734113297493e-08
9.649879701949037456e-08
3.464401451238459781e-07
-8.305574360777906163e-08
2.539002075840087033e-07
4.883206829554036861e-08
8.226680821604252590e-08
1.298925905074334361e-07
1.031091628496700841e-07
2.202666212877785153e-07
8.900274479081062328e-08
9.117752068747952492e-08
7.425235541135701071e-08
4.891561963661132220e-08
1.243976139502624397e-07
1.051351382538364041e-07
1.297804341099782293e-07
2.505339547662697360e-07
4.063450099165144606e-07
6.075085336906400039e-07
4.213151381519808540e-07
9.313652982567511162e-08
1.322887571302322880e-07
1.589966856688448758e-07
2.238009413601398053e-07
2.925131582871573354e-07
3.347669184741826125e-07
4.270264741771612296e-07
2.209899211696757608e-07
1.301738013919567979e-07
1.488419771859067644e-07
2.936499397807492602e-07
4.199154189991587073e-07
3.574619488846877952e-07
4.121569333871802933e-07
4.964411088432420112e-07
2.159243392154671895e-07
1.503456024107545464e-07
1.946887558588346459e-07
2.593652146760801278e-07
3.061787012597056011e-07
4.256803053187351417e-07
2.547106226280904571e-07
7.297712713094424777e-07
4.858770613461496357e-07
1.811959263555552347e-07
2.311620688749378628e-07
3.015745050155954150e-07
4.115414311270693358e-07
4.901054516591722116e-07
8.433285840220747046e-07
8.593518888583989071e-07
7.695034707768207876e-07
