4.996556138145211724e-08
1.454796815889788117e-07
1.241982957670170695e-08
-1.101529735967409070e-07
-3.175122660884514188e-07
1.830303435238026784e-07
4.484419208533014550e-07
-6.329688679949748241e-08
-4.621785420429664793e-08
3.200922632316129203e-08
-1.469839288005426155e-08
-6.768134725884940124e-08
-2.780832444773378746e-07
1.234915798924819953e-07
-5.458398265087976568e-08
-9.003201939468709637e-08
1.144296907731458034e-08
-1.866279297303995702e-08
5.240192213634224471e-08
-2.173303559566791440e-08
-1.675014999085440786e-07
1.418720767094518730e-07
2.519969318771244456e-07
1.459804433090627413e-07
-1.362868750230203417e-09
4.872518510531749979e-09
7.384745668584217957e-08
1.936320199288104967e-07
-1.178102073332077305e-07
6.306198970490027504e-08
3.483274136292732526e-07
1.971761702184186681e-07
2.679180605687650249e-08
1.376632240460630994e-08
4.910864286053744326e-08
5.848050341012317188e-08
-1.484857608239420879e-07
-1.517834273322192826e-07
2.404594131368823362e-07
-2.815651103621447501e-07
9.106766110798856105e-09
-3.930553674836856999e-09
9.781439708450616344e-08
1.152401130552478873e-07
-3.245962378146929545e-07
-4.016947057807839196e-08
2.061513920139231008e-07
8.901816765771825300e-07
4.509296699753124795e-08
-1.617495219340016303e-08
7.714270846016758020e-08
1.060962526681408066e-07
1.430265839178951383e-08
1.988270535226547893e-07
1.796967737726388059e-07
2.494118025266707730e-07
3.260423893254815127e-08
1.429371745159820450e-08
6.587515793289510185e-08
9.731818804112967530e-08
-1.364107041069040825e-08
9.677317768201725342e-08
3.812010863085476007e-07
3.892373196428535633e-07
4.517662950850312635e-08
4.639164514888525632e-08
6.772479925879991031e-08
1.182894463226754918e-07
1.160093824522064848e-07
2.959446962429039325e-07
4.313423012290416583e-07
3.222852277930767962e-07
7.870387863751575648e-08
7.600142406791834053e-08
7.981442334909899285e-08
1.000268015537243559e-07
6.336876337016529983e-08
2.272145289199974987e-07
5.575879464599628909e-07
4.922086224508022263e-07
7.648440713498696148e-08
9.646005145761431883e-08
1.854408971838637706e-07
1.748513046182201515e-07
2.158217775692099756e-07
6.239725853144661185e-07
4.907007424501960642e-07
4.732982920801651382e-07
9.419304558889313797e-08
8.099501446524347670e-08
1.815603185874522705e-07
1.206097887073241713e-07
2.539469148782294849e-07
6.930454637474893524e-07
4.922512697701438241e-07
3.215065826037557284e-07
1.734398043387621720e-07
1.551645053275417688e-07
2.314342550336583678e-07
1.280964177321551774e-07
2.732314730373092224e-07
2.876670673135728503e-07
6.866673514842544201e-07
4.115481567558743983e-07
1.139013619098806028e-07
2.063443682995074317e-07
2.643322826877193953e-07
2.445302312394998074e-07
3.926539461142087140e-07
5.055991615427074576e-07
8.274251954531993985e-07
1.058499254061944104e-06
1.681210373048469483e-07
2.346925888749502634e-07
2.528815455635861478e-07
4.002234630813256799e-07
3.001252024942941106e-07
3.942255791175645275e-07
1.116175800202812607e-06
5.679223824621893287e-07
