8.632576451156671558e-09
-3.557499481427861067e-08
1.686983111008958741e-07
-8.399190857807761201e-09
3.266301877507528270e-07
2.066623405099074455e-07
1.153986736974479686e-06
-3.595633518975309913e-07
-1.999128227772571931e-08
-7.238245373201932765e-08
-4.273312626073177272e-08
7.127726821572015699e-08
2.046258710233000539e-07
2.273522856766376699e-07
-6.097498619662807496e-08
-3.825560821055493918e-07
-2.956652895657923301e-08
-4.043976525986713206e-08
3.357834609916633838e-08
1.739657343732791071e-07
5.395823564728986416e-10
-1.226791231950995132e-07
-1.374027915107170191e-07
1.983277917218475496e-07
-1.255311283896672953e-08
1.943059444399562267e-08
2.502668193661391290e-07
2.410117986637666981e-07
2.173671020497770455e-07
-6.886651130351532098e-08
3.691220714309761680e-08
5.934612569001105447e-07
2.182693276403080802e-08
1.339675697338242250e-08
5.500902126517708086e-08
4.360683764517819878e-09
1.295236078935393105e-07
-9.610224238700690540e-08
-2.676641202792093422e-07
-9.573202433283508199e-07
-1.342065806894579692e-08
4.614529310744391719e-08
2.705985817983697617e-08
1.594075111480249302e-07
-1.193422758719031606e-07
1.133181173471348378e-07
-3.485604295209966914e-07
2.862585360704062324e-07
5.694290523785414591e-08
1.729666715456647530e-08
1.271623300917039327e-09
3.728897591523967899e-08
6.522818209102211281e-08
-2.821931759873093761e-08
2.132324276005442688e-07
-1.469406695771859940e-07
7.075959153312460659e-08
6.110872889078594523e-08
4.029323084706517032e-08
1.593689972282197315e-07
8.564945928351828470e-08
3.179060488984354362e-08
7.628747399862271286e-07
-4.318277682182380648e-07
5.721368130003640056e-08
6.105246086704199372e-08
1.244170709523798485e-08
2.328249982288231065e-07
1.450506410981952733e-07
2.735620963381074439e-07
1.872205778036243155e-07
3.536563795062407277e-07
6.287357358440090306e-08
1.129007624622637012e-07
1.004429410870361352e-07
1.257655083099870642e-07
2.164547133749148410e-07
1.063822689366251825e-07
5.139866230634884456e-07
2.866235885272000832e-07
8.045889756667056359e-08
1.585124643367574821e-07
1.324120629403051396e-07
2.793274860721586175e-07
2.507587558649616572e-07
4.001154988388735183e-07
3.004687374156615278e-07
4.343999163025795828e-07
1.197911985286341300e-07
1.021588226323408377e-07
1.370676160847224889e-07
1.205056953462807927e-07
3.298644841038511929e-07
4.507624758245430305e-07
3.888764534006505774e-07
3.496209706427940881e-07
1.755156012897079029e-07
1.953006714679798343e-07
2.373082087890032064e-07
3.049770676417736468e-07
5.816378700319114518e-07
3.023482622536126223e-07
9.438883804492438983e-07
-5.135865786470428133e-08
1.602045733613669767e-07
1.759205632697600955e-07
1.787842214602537772e-07
2.711083685095201819e-07
3.848882239672507057e-07
5.357641580222814364e-07
4.770156506876350734e-07
3.534391760153088987e-07
2.158536317692054226e-07
1.241038651781664957e-07
2.620382225501277738e-07
4.363326428875275198e-07
5.910137063931181483e-07
8.113129590284387777e-07
1.845976043972977227e-07
6.630256874465272355e-07
