-1.003423514697194099e-07
9.172934519374597646e-10
-4.472065652664180530e-08
2.106460738063290098e-07
-1.625059805700347436e-07
-4.739269489188015750e-07
3.360176291383958025e-07
-3.035891964434807515e-06
-6.086979337347415618e-08
-1.023899886378478130e-07
2.751139971918128013e-08
7.236037842188666526e-08
8.407514325195657360e-08
-3.237645152679085293e-07
4.108753773107842723e-07
-3.140194528563186248e-07
4.499453635898606054e-08
-6.335237204033587098e-09
5.339300319654469594e-08
1.010745013788389002e-07
2.202779747245930581e-07
7.691026124819450945e-08
-2.480151454367530948e-07
1.713835843788589058e-07
8.638402126247160605e-09
3.860300379118796175e-08
6.358074751044039835e-08
2.296365502499078751e-07
9.408688613039616687e-08
6.704896424485256398e-08
2.038273154651211906e-07
3.945322475964439918e-07
4.278690965506162379e-08
-3.366431767859440531e-08
4.852844168831539194e-08
1.040437053035755664e-07
2.507377538996136117e-07
3.881713867634880357e-07
-5.019454027884134645e-07
-4.525470354063878829e-07
5.306029060430967384e-08
6.065333937518227831e-08
-1.357171813791537368e-08
5.315046272386154982e-08
-7.675276162367343522e-08
-3.095519961356410009e-07
9.892467428279865457e-08
2.516490936945754860e-07
6.517798268247810025e-08
3.350286566545872185e-08
6.531791011837036033e-08
1.524872894462206594e-07
8.984155641043382028e-08
7.560190242449534541e-08
4.750791918045949753e-08
-6.137609774845074071e-08
6.160724283701602305e-08
2.756200263924854190e-08
1.117874747293157287e-07
2.000324116519453076e-07
2.317487602967916055e-07
6.565100826394736381e-08
3.157139533440986700e-08
1.559714520514417263e-07
7.426184455627680144e-08
6.984487870449247792e-08
1.257068621318164627e-07
7.664570075742638449e-08
9.382774886901249658e-08
3.177181851622753621e-07
9.008331552033941143e-08
2.774017464356489135e-07
4.434263868382321032e-08
5.715353493052196778e-08
1.589314880231010822e-07
1.224873446953577029e-07
3.703725545348132684e-07
4.386740953142766213e-07
5.401717780079962457e-07
-9.521221058219993032e-08
8.424087639868868717e-08
7.953216207300212261e-08
1.028515977275204570e-07
9.569556704927867257e-08
3.770312512927330185e-08
3.924900517164679692e-07
3.255818839672359048e-07
2.265701186940974969e-07
1.091600853654631086e-07
5.828628665723175173e-08
1.720389065366824040e-07
1.351962882380138239e-07
1.549620793658202721e-07
3.619105613760351017e-07
1.800574254234478792e-07
1.432118663068645941e-07
1.115743179464491932e-07
2.196241468308224923e-07
2.008477047844333590e-07
3.194486855422035899e-07
3.351425294356308290e-07
7.992195512976503340e-07
7.360383534712007489e-07
9.165427976141972039e-07
1.480256222591740130e-07
1.364128365180795025e-07
1.959759413614439985e-07
2.911572233109882585e-07
5.110302376591434141e-07
6.530623987435091258e-07
4.731574958342200406e-07
4.056325667636915795e-07
1.968250405351186265e-07
1.787397197949885538e-07
3.949898320202208383e-07
3.998983591068216582e-07
6.203535819629704624e-07
3.422264986397546842e-07
1.683705681099850186e-07
5.597209432926742005e-07
