-6.441597208183246539e-08
-4.784438077945202337e-08
-1.523034568240781398e-07
2.531517338072687740e-07
-1.793909983538775945e-07
-2.525387282080860661e-08
-1.485235296669723871e-06
1.261876901407638049e-07
-1.731067413376319548e-08
-4.937112814084837761e-08
8.085882043932145180e-08
-3.386728593498820294e-08
1.380527079980917125e-07
-3.269894020084351178e-07
1.363434256102365209e-07
3.901374550789983202e-07
3.084755806444216479e-08
-8.392516459731472188e-09
5.480791695760095867e-08
-1.137541646329311556e-07
4.150483378108889431e-08
1.367865577910264409e-08
-5.133418847431923538e-08
5.616099039771685513e-08
1.210137513631648212e-08
5.515165146545560375e-08
-6.794401934341298361e-09
2.431271454064021204e-07
-5.091108804525904163e-08
7.068853175621286823e-08
-3.150250548404215780e-07
1.390222158482425878e-07
2.644813216282858986e-08
5.856138046002274608e-08
-4.704475658602563114e-08
1.969798519579167034e-07
1.586924751532143156e-07
1.907015020585363585e-08
-2.497348374156315732e-07
-1.375217923961365228e-07
3.314177388877338459e-09
1.411236218006224655e-07
1.106482476464208520e-07
2.122982758057583730e-08
2.611796732775322428e-07
7.105139096795087491e-08
-2.309936384089160814e-07
2.085611976647660258e-07
-9.009178789205851080e-09
1.689704402234778624e-08
3.033853300678645899e-08
7.218490433699893031e-08
-2.197882225313323267e-08
2.891519735645558258e-08
1.986114802343906114e-07
1.325214783028742454e-07
3.913003994727758548e-08
9.003668202294833148e-08
1.349421658882216792e-07
-4.281095785372783101e-08
1.345913262888763601e-07
1.157037820270571886e-07
3.584593759392936330e-07
2.840176455939173791e-08
2.368252659753697611e-08
6.139503334046701283e-08
5.482838644413793771e-08
1.610070694067793070e-07
3.940069517256087327e-07
3.671103955684760113e-07
4.122890720373005946e-07
7.016489043588198136e-08
4.770469385644251791e-08
5.999441982086842936e-08
1.101666688296174831e-07
1.019929237996616676e-08
2.197591453045927294e-07
3.276864263530596878e-07
4.603487535549921790e-07
4.182350851319392814e-07
4.100320689681665967e-08
1.418869455691026347e-07
1.033977781562257369e-07
7.231849023546693069e-08
1.440800686461922626e-07
3.992114458609193510e-07
6.054010990866488476e-07
3.307265980198507912e-07
6.756770601836108574e-08
1.002315788510498934e-07
1.566803156217693543e-07
1.034383507295413267e-07
2.725739458737801584e-07
3.673831903212511445e-07
5.723206887890131887e-07
5.092592484206853923e-07
9.685901055352748511e-08
1.870348815899240358e-07
2.402990986943381174e-07
2.553773928186965356e-07
3.035122105424275834e-07
7.089732208232997813e-07
3.356751689217472821e-07
3.061776234492702054e-07
1.222485036628586250e-07
2.050894832394925533e-07
3.631526145501176431e-07
3.507181103707042667e-07
3.764385595996725543e-07
8.533875465859709201e-07
4.226958017541387461e-07
3.553060388422374149e-07
1.474569528897211110e-07
1.886115664229908987e-07
2.106267615752359338e-07
5.247353284421807043e-07
4.150080947440394349e-07
6.836135299410580065e-07
9.172366719661315177e-07
4.360039277532796259e-07
