2.164493356254130292e-08
-4.046529872826893677e-08
1.767444648937220915e-07
-3.510314682273990894e-07
9.389295245971659285e-07
3.121535358376380395e-07
-4.527757510458776742e-08
-1.243914090958758856e-06
2.851167083515291792e-08
1.292101150182517970e-08
-2.450853480594585885e-08
7.100711099016065433e-08
2.363693496345127639e-07
1.573734296663595856e-08
-3.972616307902797101e-07
-1.520808225905030766e-07
1.803850611590517108e-08
-1.568422544076759557e-08
-6.432520526538226923e-09
2.774313700626778540e-08
-2.621947107384783229e-08
-1.627678828457492829e-07
7.759624706001208393e-08
-3.721225051616260168e-07
4.222182296088520862e-08
2.219587050621237367e-08
1.181322389954440037e-07
1.072404076397383823e-07
2.200881541875074797e-08
1.062592385884207275e-07
2.377490501755006372e-07
-6.929076580749517254e-07
7.323952448504058586e-08
2.687682978274642697e-08
6.307480769540779160e-08
1.110958738016531904e-07
-1.514952893922165255e-07
-7.610106922562496006e-08
-6.546263643095458597e-08
-3.444092569250366078e-08
1.290004892878585760e-08
1.475835961722389851e-07
-2.834204664508284711e-08
1.516748297920477258e-07
1.838526423034217042e-07
1.185688686490647960e-07
-1.463879865650542522e-07
-5.572322325312637671e-08
2.013975357406742579e-08
6.610437015645393336e-08
9.348220721957169162e-08
1.181934834221909962e-07
6.070242613367163922e-08
9.209275599356906562e-08
2.429234242356800755e-07
-3.104113906729109763e-07
2.608410695987419793e-08
9.878623896778486412e-08
1.355669044461437757e-07
1.438310441041835835e-07
2.509677860424398371e-07
1.544547580318700758e-07
1.920021506755051119e-07
-2.490239617208868826e-07
3.684248814590409531e-08
4.476217165848350483e-08
4.079867930534579592e-08
1.969659052557673336e-07
-1.065028891061414391e-08
1.573752832571000285e-07
2.106400956335128681e-07
4.930224535517979274e-07
3.620580043870291661e-08
8.992015456990472102e-08
3.418198883358680622e-08
1.330962576047330271e-07
3.456788090279507935e-07
3.053748728040329809e-07
1.192229563143349929e-08
2.389051638846743402e-07
8.056040059189265729e-08
1.291036894561190887e-07
1.928886842777911977e-07
1.375427994351404010e-07
2.346568336305198491e-07
2.334459769462204826e-07
2.886591702974182011e-07
4.756635053355056951e-07
1.968285803216223080e-08
1.165852780946425752e-07
1.206739913069339355e-07
1.651823968608735287e-07
2.905124889252093744e-07
3.754167342332384833e-07
3.329507626260087374e-07
2.366126896251976779e-07
7.620422105857409478e-08
1.102451430676884226e-07
2.840478456147135915e-07
2.038079851881111874e-07
4.446749097294556063e-07
4.770945028282132698e-07
5.171018673866515759e-07
1.947300894589383353e-07
1.210416835401195794e-07
2.636987005536668527e-07
2.174418599577635401e-07
2.096423442967366015e-07
2.290614062083381354e-07
7.147462664494210956e-07
5.964888336013198776e-07
8.369253548745878277e-07
1.246489121281499622e-07
3.335654755201016143e-07
2.495668513833138443e-07
2.572708999228607716e-07
3.686303877605118805e-07
6.170792255147580274e-07
1.159143606257625964e-06
8.761695558169512773e-07
