2.012211680320959375e-08
9.121947329940377955e-08
3.936741575724809774e-08
2.612805279604005519e-07
-9.297916355737331261e-08
1.336976844066725905e-07
2.105883601495189167e-06
-1.509012159119986698e-06
7.803133330264396149e-09
4.016183208168866339e-08
-1.660782732116683232e-08
1.029343214081282807e-07
-6.973390264865462433e-08
3.745255482857376209e-07
1.581205991784720040e-07
1.058399283683479297e-06
-4.531682202902720789e-09
5.701985648555557292e-08
7.405990844557370115e-08
1.220036442305787969e-07
8.072464174272061276e-08
1.736138391506330376e-07
-3.004886143493814114e-07
-1.605117821699423427e-07
-7.304568175900917946e-09
-3.288883339604340394e-08
1.290269881022733528e-08
-7.268862327371523485e-09
1.576594199235634663e-08
-9.730303532981865755e-08
2.781011451350228286e-07
-3.905844470617637687e-07
-9.642897808401540705e-09
3.487684371200647368e-08
4.149319091402503524e-08
2.124293332611389270e-07
1.761785877663873800e-07
-6.101257208068633463e-08
-2.601128846155250758e-07
1.114221844696323445e-07
-2.523602156820673287e-08
3.380397650096395354e-08
4.253098876872333014e-09
-2.722105253843366459e-08
2.875465243922498879e-07
4.402498039441278724e-07
-4.296617622276955685e-07
-7.761959413618179274e-07
4.482525166211807456e-08
1.869228112803322854e-08
2.817246975904538454e-08
1.037059487951823935e-08
5.173296895990894209e-08
1.169999076640170354e-07
-2.341970203634652083e-07
-8.916856249762917837e-09
9.447767595417037908e-08
1.177205913278594525e-07
3.166329507449313487e-08
8.911411905893006207e-08
4.387760419866175457e-08
4.453236440124097773e-07
-7.829631081161337915e-08
-8.983424965239685834e-08
3.379912392182534101e-08
5.748740702378334635e-08
4.268434222529900155e-08
6.955239969854308652e-08
6.671455044178429522e-08
3.297283117547664319e-07
-3.878064582812234541e-08
-1.243445919904788153e-07
4.850827340555427740e-08
5.288322016622786185e-08
7.347341362866843728e-08
2.520271438873752473e-07
1.881192533153547700e-07
4.105443676061625400e-07
1.911690795140947407e-07
-1.208743429405363559e-08
8.043768425381922008e-08
8.897680073735707550e-08
1.697379731137917716e-07
2.219407889377264198e-07
1.485115054456672366e-07
3.838241038112808639e-07
4.230507632368897918e-07
4.368197991920632140e-07
7.808121575538254825e-08
9.551824298600883231e-08
8.292586112391024913e-08
1.428878238254947211e-07
3.248612370391006812e-07
3.981205617412980802e-07
2.543410867881153556e-07
7.167156346924704178e-07
1.418698503003819947e-07
1.491128961667794239e-07
1.678703204960355996e-07
9.966642390152335735e-08
4.437614808164994938e-07
5.082916740902263118e-07
5.422922353379625214e-07
4.470043583948760649e-07
1.043948793207265776e-07
1.923556738414672099e-07
1.370804346276302844e-07
2.313126447546859019e-07
4.591971738765968303e-07
6.830681674697013779e-07
5.539923364615418504e-07
1.226936810386801376e-07
9.784306592295596025e-08
2.111642886571276145e-07
2.448873846264812423e-07
4.678830571780965683e-07
3.902258305473954476e-07
4.948716210109997692e-07
5.159041133484011665e-07
1.708742675355806727e-06
