3.196904427340113968e-08
1.245405832811361373e-07
1.277654109517757358e-08
-1.795262952097212288e-07
3.636298441992116118e-07
1.954535484007966670e-07
-1.811537543453207111e-07
1.513460090597053576e-07
-1.005264120200650246e-08
-6.705568974125496840e-08
-5.560707719922842680e-08
2.291822791981700019e-07
-9.072202325630032534e-08
2.018238189404633509e-07
5.839949903503331175e-07
4.023626344255837471e-07
3.308916476305556509e-08
-2.534106917201242731e-08
-2.814016609633387351e-08
1.240569647820673322e-07
-4.582725695110446382e-08
-7.295219913517682101e-08
5.653376202522239663e-07
-5.533701988192964976e-07
1.707107346937667827e-08
5.139995828044968743e-08
1.595808309141211960e-08
2.139891086431121931e-07
-1.379483443866244724e-07
-2.161766662101026019e-07
7.304648728753576054e-08
8.651018883306981306e-08
7.211552020937255649e-08
3.231181088211258920e-08
6.627672879591260089e-08
2.448574519921502532e-08
2.795226132895634078e-07
1.538642213721592132e-07
-3.154868565732313520e-07
-1.793676732451625430e-07
-2.061253752344878745e-08
4.956411936271472933e-08
5.428323430188030462e-10
-4.381304726529066124e-08
1.690099342367784533e-07
-1.280802639766821070e-07
-3.143591923560855549e-09
-5.374538701748930282e-07
2.359366390764497174e-08
4.503671190078125623e-08
3.027761012198487050e-08
8.610009034536872980e-08
1.375035742001669365e-07
1.411864285470989200e-07
6.955326205884849908e-08
6.551612360771872887e-08
4.814438322344972390e-08
6.826440144149321976e-08
1.030204388688123408e-08
1.269286543361161996e-07
1.658881065380737062e-07
1.010801940010679016e-07
2.392967431124967977e-08
6.372864038179989202e-07
3.623756329327628363e-08
4.096633303688353482e-08
5.058672681839773483e-08
-1.041222487520132517e-08
-1.630871080380588889e-08
3.837941646664746808e-07
6.198869797425732184e-08
6.038281622702842208e-07
4.897326144037419449e-08
5.452173582630148005e-08
1.183603456253784306e-07
1.731534748386375415e-07
1.276565812404458713e-08
2.482345498455481821e-07
1.980710435291295950e-07
1.347275536351476888e-07
8.008446103994994734e-08
1.046956526937743079e-07
1.186202533507866421e-07
2.014609858005089000e-07
1.988470866892437601e-07
2.953361983722029748e-07
5.502697383939103089e-08
2.435825556957725219e-07
6.020784576514714791e-08
9.365745966826598221e-08
1.717035938638818548e-07
2.386236527834820916e-07
2.377210245442950564e-07
3.981682539003262356e-07
6.133638916679664904e-07
1.595283503878536832e-07
1.571948833856631782e-07
2.500881270120345580e-07
2.452486003631922226e-07
1.165354923195781614e-07
3.853859797504864484e-07
8.643597881954922039e-07
5.208407024637887636e-07
2.798843830643676811e-07
1.142129233883499722e-07
2.103245400735765091e-07
1.860673486000539551e-07
3.974886164746304684e-07
1.941658245806155319e-07
4.502222267705143125e-07
6.065215606893229317e-07
4.590353000800163540e-07
1.315864611869794816e-07
2.206670817311718923e-07
2.327209940822720600e-07
4.679258759787400595e-07
4.088407351342722116e-07
6.306964273176242383e-07
4.499767662463304471e-08
3.240237976183640368e-07
