-3.934196699592609106e-08
5.186108034313796634e-08
-5.909913667834085889e-08
7.578629756039040016e-08
-1.163916579032206205e-08
-3.489892435115732351e-07
-4.004038634669159497e-07
-2.395638817276268240e-07
-5.057323573066897487e-08
-7.073263932876152119e-08
-3.384912013247637590e-08
-3.266571108204915670e-08
-1.866217018888539441e-07
-2.431021148458144294e-08
-6.508694806340471981e-08
1.665135191320913274e-07
1.654534680546406226e-08
4.004376733642139570e-08
-4.732475814891472258e-08
-5.390599710081336718e-08
-8.765482240708783542e-08
7.283598646011567543e-08
4.008720949674176519e-07
-7.119996781688044214e-08
-1.034265787088818121e-08
-2.328694432859648324e-08
6.207187868217931446e-08
9.453779507412852520e-09
5.719139619514958126e-08
-7.827464304552843763e-08
-1.237432299149919708e-07
-2.448794750215365616e-07
-5.105580434394876723e-08
-1.131155974572020069e-09
2.569254979764426499e-08
4.034556251013419063e-08
-1.846713617114747066e-07
2.745778700168770424e-07
-1.386761547157784621e-08
-5.823697906123296720e-07
-2.144766109898562913e-09
5.131768797355342428e-08
2.528369106005256542e-09
2.410961153152877361e-07
9.073110374314756908e-08
1.117716213356887836e-07
-1.902889574442081058e-07
8.685397160502166619e-07
-4.603482562570729008e-09
4.460532542483847609e-08
5.089599727170388707e-08
1.133701101862278075e-07
1.776556732718051348e-07
2.111462687499540475e-08
1.374919090269627912e-07
1.610703928118772070e-07
-1.084215992459630990e-08
5.851246731801001803e-08
3.401539336490841780e-08
7.260647589552732817e-08
3.141901946806997626e-07
2.256269092183058281e-07
5.397724665948277959e-07
-8.159143750496848815e-08
7.995276105555136668e-09
5.926083664301726431e-08
3.437532686892530105e-08
-5.167393824824237126e-08
6.810857817504853936e-09
-9.484081788014655544e-08
3.141851615666484772e-07
7.427511468948257540e-07
9.119883698646964052e-08
6.431273110794749860e-08
4.057372222934324359e-08
6.615582056446606060e-08
1.440807655972744561e-07
3.798696012654385343e-07
4.289779405513247049e-07
2.155474452025020632e-07
1.002565139953818900e-07
1.154629918069275255e-07
1.085192712984192340e-07
2.152192293867382500e-07
2.965422826213939580e-07
2.397455735272100827e-07
4.251230743871411383e-07
4.405260241880337087e-07
8.459045212961044405e-08
9.232179669980433951e-08
1.650018245163905204e-07
2.344978746854769828e-07
2.084545602201003614e-07
3.715016937534977575e-07
6.167371119186074476e-07
6.622395953068040613e-07
1.259392393206431248e-07
1.762174317057809362e-07
1.397657468098579028e-07
3.136401636711126781e-07
8.220327176105850951e-08
4.470596241598097527e-07
4.528820879377849205e-07
5.084749275380703528e-07
1.128942561521714878e-07
1.592166118026140703e-07
2.615217399856178974e-07
3.415937042278750169e-07
6.301558877618818717e-07
7.721066629753955077e-07
5.344800046625020752e-07
1.205621406445932231e-06
9.596729426259017562e-08
1.232183337581130189e-07
4.092066172560456785e-07
4.533462138479426542e-07
2.464735885983769511e-07
9.778577764766156209e-07
7.359063214085290448e-07
7.928849536749690142e-07
