2.238009673832481165e-08
-1.656059881633077837e-08
-6.939624236501799523e-08
4.300657224054253241e-09
6.803411590935495860e-07
3.456100019332453762e-07
-3.595301674631405832e-07
9.906908480320158781e-07
1.106572838897262272e-08
4.053164568615534554e-09
-6.913894378603310154e-08
8.490090662618668568e-08
5.903484415903793552e-09
2.110727941801639814e-07
6.559890537142830244e-07
-1.794065553643778378e-07
4.274559856303955738e-08
-1.972307754785177694e-10
7.640958073359009504e-08
4.388623732091989854e-08
-2.102230009236371934e-08
-4.548982824992342231e-07
4.187519296234283959e-07
4.394126144933533820e-07
2.759014521053155522e-08
-4.062913836505029282e-09
4.478364864143662316e-08
8.448020643270445731e-08
-6.799329479059712707e-08
2.704170825752467677e-07
-6.865279597690476844e-07
-5.958686160240365288e-07
9.749581762986096509e-09
-4.266229468093365374e-08
-4.633363502261492865e-08
1.150670157178052685e-07
-2.350096905543512326e-08
2.895393766089924264e-08
2.383286839155449733e-07
3.876502885173518882e-07
1.729003519650002275e-08
1.517361067352718372e-07
-8.451126357237152515e-09
1.307808582705934358e-07
3.241575092582115641e-07
2.385307241901882103e-07
6.646786219347529703e-07
2.800314557547811968e-07
4.145773674907764500e-08
1.326728877371671822e-08
6.711740033436707635e-08
6.699452095047895480e-08
8.068597649936541959e-08
1.781000411567004102e-07
1.854653698911519175e-07
-1.033926401173701485e-07
2.910428873011232051e-08
5.724665500778329533e-08
1.085124251759771884e-07
1.244875919421254929e-07
-3.528406464520882606e-09
3.008596611196541471e-07
1.437069122933677729e-07
-1.357004145174058907e-07
6.330302541866909514e-08
2.524050628836956989e-08
6.999706208813330299e-08
1.144714626909653415e-07
-8.898415695393452181e-08
1.360016406672450627e-07
6.184840705252608110e-08
-2.226094871316787872e-07
7.409549757236587026e-08
5.934957697971800740e-08
2.087845282430625710e-07
3.980715452346503443e-08
1.566697832005629424e-07
3.248829406440669709e-07
-3.646437042642617901e-07
2.180148692620140896e-07
1.220666268586544745e-07
1.353700631325989488e-07
1.931863193202141744e-07
1.941550376822898655e-07
1.909371979845167817e-07
2.402512762503708363e-07
2.675921047099724136e-07
4.321756890391120921e-07
1.038081966436799988e-07
1.247025681661335710e-07
2.277312404369179509e-07
1.270718778164252182e-07
3.634130456959314057e-07
3.448113091757477550e-07
6.447169069732856086e-07
3.610798978150202882e-07
1.397299838020976235e-07
1.837464109579365474e-07
2.685413118214466087e-07
1.670288666454859540e-07
2.706183772833033109e-07
5.850473956052127580e-07
3.757460617058581956e-07
8.396887040800165364e-07
1.513699270608597256e-07
1.988649278600035107e-07
3.147695493342995627e-07
1.869255091130682921e-07
5.319410354624701753e-07
6.563732638489062384e-07
9.311153106712688689e-07
4.872879639714252814e-07
1.975421733068755388e-07
2.071038019394303640e-07
2.233914493559634843e-07
2.174806809395951370e-07
4.424718257105049677e-07
8.121823021088738001e-07
5.898032230606945617e-07
3.027598489561927537e-07
