-2.695565231959185881e-08
1.783891659007744413e-08
1.394214316851802406e-07
1.575978049096878253e-07
1.908462589633608755e-07
2.775260867930092527e-07
4.079777514277277879e-07
2.354784177956450524e-06
5.954150233013422601e-08
6.691351329410279767e-09
-6.396578466810321516e-09
-8.998969131093784531e-08
-7.637896250054334005e-08
-1.527812394123659236e-08
-7.476901225324010365e-08
-8.965109427363949608e-08
1.452086079746521926e-08
-3.847915121979442400e-08
9.832004358763733274e-08
-1.120290438363729191e-07
1.847387192798782515e-07
1.840744230958694491e-07
-3.565597380404553131e-07
3.247508258773779236e-07
1.931614694412487897e-08
2.053032836144596993e-08
6.795081598783972207e-08
-7.878385508499250620e-08
1.143761907311474239e-07
-9.246324945845363345e-08
2.946597307067945125e-07
-6.307156279472743117e-07
3.296035231970044132e-08
2.761255145592649162e-08
3.933444600050472900e-08
-1.377209098046581987e-07
1.670419121611262265e-07
1.107691019795539781e-07
2.933086559929357112e-07
-7.135302133603892679e-07
7.363000095260491519e-08
7.100194426411666339e-08
-2.030253788660474617e-08
1.014582020209672675e-07
-9.159735082985204393e-08
2.194974810565855541e-07
3.524831948461665743e-07
9.500906045191518139e-07
2.496184575688848725e-08
7.667053966231616523e-08
2.572104949310690880e-08
4.961773570633643325e-08
1.300891792309025663e-07
1.928664006085706433e-07
2.930507087204974690e-07
3.042147252924079856e-07
5.228869677773253799e-08
3.246660209635520006e-08
1.470618401028375279e-07
8.029129197439394375e-08
1.823050029958509956e-07
6.908516433071936771e-08
3.986576336867418493e-07
-3.895123635479308904e-08
2.894785745289249568e-08
9.714551404310648516e-08
6.102346662503721833e-08
1.184877577148908053e-07
2.502646342004952335e-07
-1.544451620902287384e-07
2.553915224749069432e-07
3.500379676750309564e-07
5.217867815588766254e-08
1.068917858200226840e-07
1.618098392809428715e-07
1.156516381195742177e-07
2.877009846719160700e-07
4.579214350645887283e-07
1.201217809454121626e-07
-2.982960201971614036e-07
5.631409407508681129e-08
9.315396318163982276e-08
7.471650991263727587e-08
1.407283631820107916e-07
2.262301460998568548e-07
1.006847258662855955e-07
3.921639559604141695e-07
9.668807639510038076e-08
7.155309420961271798e-08
1.071411746309942184e-07
1.179918033599425899e-07
1.305348237283716951e-07
1.962646845163981190e-07
4.383070811920607615e-07
3.861301430363515504e-07
4.080702514709809553e-07
1.266781404827065498e-07
1.811789719324272203e-07
1.624306887282101730e-07
4.014796006292681854e-07
4.101667308028618957e-07
4.704899550823722818e-07
2.565662072998023676e-07
6.512636000978712747e-07
1.065182065931670424e-07
2.030102012482145388e-07
2.764291967899017292e-07
2.582016551198092542e-07
4.021775737145614968e-07
5.453816962410754122e-07
5.137405223769301719e-07
6.748783980168500043e-07
1.276960498479577218e-07
1.544299367411993766e-07
3.000348942071379225e-07
4.007579798625477562e-07
4.561842370888925773e-07
5.982449142958383537e-07
1.409753133018908916e-06
7.622340177587572151e-07
