-9.007181524234389317e-09
-6.082727218904896587e-08
3.487506494771433682e-07
1.723032122363022399e-07
-1.629122672829847864e-08
-1.921141520029103434e-07
-2.932384062801162164e-07
1.610406057831996970e-06
6.543514355343432674e-08
3.871374985463637937e-08
5.817899767447226857e-08
1.003643031710273326e-07
-8.638862338848822262e-08
1.563881213789047829e-07
4.494851217951935449e-07
1.657649419567051852e-07
2.932887138364053749e-08
-1.675288391082833577e-09
-3.035679791890081086e-08
2.093021876500380121e-07
8.510045273105180904e-08
7.647160030983959936e-08
1.699161777713325187e-08
-3.798188455502648574e-07
4.774617944282136730e-09
1.745625668653178079e-08
-4.043981609465421568e-09
9.038781948387919830e-08
2.771546282214300525e-07
-2.822308523566016387e-07
-1.643044186680893964e-07
-8.366443972628728319e-07
2.166463723858320367e-08
-2.992868588055695458e-08
-4.429925043802819821e-08
-6.925847305848776306e-08
-2.142987912761809571e-07
1.953886652845530218e-07
2.815709861531869965e-07
-1.361886631037137560e-07
6.562945707124055472e-08
6.944584877486161397e-08
2.321928565296662725e-08
6.456695172992043091e-08
5.525414821224580405e-08
2.123266873582851649e-07
2.781563251362241867e-07
3.705094570025037659e-07
6.351584903244169867e-08
6.731827993052409874e-08
1.089288943993632446e-07
1.506995411949263906e-07
-3.350791770195986872e-08
1.001914671001277385e-07
2.430338672873999449e-07
3.019844615262494908e-07
9.561750297492893653e-08
3.854015957663280043e-08
-1.482347597107581602e-08
1.353505922942218253e-07
2.018185863243163647e-07
1.543868565322779377e-07
6.794748570961012864e-08
3.608120521729301326e-07
6.634978971449616422e-08
5.460928941342551103e-08
2.924918937241738806e-08
2.419266797071908450e-07
1.461195080011496118e-07
1.595147949522906907e-07
-2.109375120621367845e-08
6.485149646542974648e-07
2.461108864992426379e-08
2.353486223661019109e-08
2.782770558976233783e-08
1.395134413011571893e-07
4.103570556021502570e-07
2.530468608667895650e-07
4.942829607817202420e-07
3.801690693570600750e-07
9.651843974725565112e-08
7.271287661736056996e-08
1.677704074593362464e-07
2.481424002866524876e-07
2.626603180245491717e-07
3.192539245472219266e-07
1.952452107019388435e-07
8.387085226509526644e-07
8.278305480994778501e-08
9.045758170844016295e-08
1.802980208369498776e-07
1.717222247052704156e-07
1.933657814043920435e-07
3.358898330584300815e-07
8.277580776332755086e-07
4.743604035530603161e-07
1.179804801145318205e-07
1.364005135501564608e-07
2.610134968773742583e-07
3.398272214547238910e-07
5.074490419483792977e-07
4.951287658457044628e-07
2.807596906498588389e-07
9.817433302492149977e-07
1.589588071580453652e-07
1.704434706008266983e-07
2.433464931171451883e-07
3.974634361231574096e-07
2.737652175821398139e-07
4.207665780942094424e-07
8.339172254018746604e-07
3.638650361288930906e-07
1.764269056437409057e-07
2.106331591926959178e-07
3.351672678090879775e-07
5.495660826256709372e-07
3.309070676063953781e-07
7.301678523478755544e-07
9.439290356610581313e-07
6.626932542361290805e-07
