3.190987649124482298e-09
1.389385169543989812e-08
-2.760169351969188598e-07
-2.489374971715148848e-07
-3.141068088435750013e-07
-7.586134336211968647e-07
-8.765851390592241056e-07
-5.610033048576860031e-07
-4.154866203226492935e-08
-4.539637774520807204e-09
4.127927956141157282e-08
-2.401359711279637301e-08
1.040212861863560701e-07
1.415228213108460852e-07
-3.589635099309374930e-07
1.621069784361444742e-07
1.126066913375263617e-08
-4.203321955153114730e-08
2.503213536398279149e-08
1.452000482973734670e-08
-5.916168236902743492e-08
1.192213647344443778e-07
-1.185370905418687413e-07
-2.521097242423238479e-07
1.230536121844801297e-08
1.764660778940990094e-08
3.607272467346066252e-08
-8.121880031521351418e-09
-7.650132618163842940e-08
-6.398707697772475789e-08
-2.116141120292763314e-07
-2.709526031636180657e-07
-1.101812178336065209e-08
2.647924193753922083e-08
4.754245064667369040e-08
2.020926695700043621e-07
-7.453124076330510814e-08
2.371208487502933945e-08
-3.735867115703394765e-08
5.410242913175063939e-07
-7.001176839579660311e-10
-1.725844258896948720e-08
6.973611660096571418e-08
9.314868256821830861e-08
1.802151293984415662e-07
1.691317155972007454e-07
1.602573745169520001e-07
-8.493404468417860386e-07
8.429670662643487208e-09
2.122276952907750470e-09
6.033012529291842090e-08
4.966294364349809451e-08
1.489762455573975339e-07
2.282837848474318123e-07
2.713513927978393630e-07
1.735681110080738272e-07
-1.768837740207732564e-08
2.112401229230707807e-08
1.136206790375769051e-07
9.353384769086154854e-08
1.422176704002212717e-07
2.771206219907520569e-07
1.281259887012712575e-07
6.175689609436792244e-08
1.749735119333615744e-08
-2.377851621084155719e-08
6.251799814631668016e-08
1.134477091481711569e-07
-1.968737809568876041e-08
3.756007463512728296e-07
2.780691757578210810e-07
3.086545661946205309e-08
4.435104252514020907e-08
8.547851035623356616e-08
8.531867020501732881e-08
1.189298997738651803e-07
2.372744153600014774e-07
1.547782358808373606e-07
3.742495046147579381e-07
-1.273769043119879752e-07
3.570835538606857316e-08
5.924660182609660520e-08
1.852811553904899275e-07
1.192802587421916059e-07
4.482851748520479278e-07
3.274161534076211833e-07
5.927640448169658988e-07
2.044627731391443187e-07
8.230147628685074808e-08
1.399417514630902169e-07
1.282358421641872719e-07
1.921934365772298976e-07
2.029201313039971257e-07
2.728575846483443166e-07
5.790742674529801211e-07
3.180577694730306158e-08
1.352028602600513089e-07
6.687258212445420527e-08
2.049208262826227766e-07
2.394501663920914554e-07
4.775010894306585634e-07
1.531965159580827580e-07
8.428483867969351589e-07
-2.170953504784836959e-07
1.201061382140801936e-07
1.060506899661262011e-07
2.610632883227697386e-07
4.315538099803030164e-07
4.172119841915304139e-07
3.787402145220289968e-07
8.984199811617667804e-07
8.572907735738668539e-07
1.950580765449485825e-07
1.919917259856714069e-07
3.500665201233845760e-07
9.692603786674280082e-08
7.601686468841132128e-07
2.084125593242870038e-07
1.351047651209080150e-06
4.855687224215609882e-07
