-8.752371483112130587e-08
-6.330094770542764523e-08
-2.073132792060409542e-07
-3.046490991315185201e-08
-2.249574937952817842e-07
-9.348513478418380670e-08
7.940570083766211600e-08
-3.924336246413275992e-07
-2.360104657314951119e-08
-3.902322940339349367e-08
-2.873389633841600086e-08
9.723463831907087303e-08
7.146412659652537940e-08
-6.143802734661567846e-08
1.955909032468596392e-07
-2.662905205618595239e-07
-1.734310181263104916e-08
1.155983325937111880e-09
3.138395916895445433e-08
-4.383000083514042209e-08
-8.782756062986058443e-08
-1.114422166800329395e-07
2.797729462279725279e-07
-7.326454631317385766e-08
2.293691588639840466e-09
-2.415732362842796735e-08
-5.518743558608789049e-08
1.681688698328876259e-08
1.811532003961323138e-07
2.380870703233653582e-07
-3.435182314809342267e-08
8.124045463379517682e-07
8.810761463867771818e-09
3.174196425529755247e-08
2.860789571345614935e-08
8.687702428984915431e-08
1.741087058833065007e-07
4.043458318120548893e-07
2.767011852552566543e-07
2.333949545759248043e-08
5.579957269893660753e-08
-2.658328274219248755e-09
1.794851688277826241e-08
-5.652479091757022885e-08
5.744209547782200544e-08
2.050489670398428529e-07
1.107404966834110339e-07
5.033101379352917082e-07
3.101051402166606664e-08
3.185792580141069297e-08
7.951407121317913389e-08
9.701465712516371474e-08
4.550844558837568647e-08
2.394077062929302919e-07
1.540547538682872698e-07
4.370079120070857116e-07
4.887362803801046318e-08
-1.761705441271741454e-09
2.028926133170103802e-09
6.084084395333928284e-08
-2.442330015292047889e-08
2.822419551012040947e-07
-5.336106417114885323e-07
1.148867583050471739e-07
3.143078032856899835e-08
3.146254389877215999e-08
6.179832224740082600e-08
8.857677255709767862e-08
3.778738503226892958e-07
9.086658772467707895e-08
3.356388278153130852e-07
2.992789880110141800e-07
5.724017584548844346e-08
9.092973486813398937e-08
2.045974874576018292e-07
1.341040909158036613e-07
1.393461104043984482e-07
2.542011285115586684e-07
2.805673835034099579e-07
-4.864319717471133923e-08
7.543310706435089518e-08
8.632588568333477219e-08
1.625222203600168042e-07
2.113769890026369333e-07
2.511671945209954379e-07
4.723220396193181135e-07
2.311725432098775174e-07
1.845050946966997864e-08
9.568458830290896158e-08
1.426710140020046014e-07
1.670643253924882347e-07
1.656682858895493158e-07
3.759559993425345963e-07
4.444167728174419523e-07
5.571379847716273915e-07
5.892628184698961088e-07
1.253084923662337373e-07
1.973034272466680549e-07
2.078145383503163926e-07
3.690631894581242527e-07
1.579146918096860063e-07
6.019333072227710641e-07
5.107548174618080219e-07
1.101407651860665165e-06
1.178327776249574840e-07
1.810341375781722745e-07
2.455757644295234649e-07
2.967156643937860608e-07
4.609305891862636084e-07
5.575515085818965245e-07
4.946559286681417156e-07
4.187170857119242510e-07
1.617251477134793081e-07
2.845433618507918626e-07
2.447164626613459221e-07
3.618171923880441349e-07
5.337054952607785705e-07
7.745372756451600754e-07
1.053380212026632570e-06
6.346082526021234306e-07
