5.646865275034593877e-08
-3.136803732008585806e-08
-3.118459912662365562e-08
-5.521861712457436640e-08
-1.460157994893717111e-07
-1.623201842325166513e-07
-7.243322439719771347e-09
2.277985328980604721e-07
1.396417427237086504e-08
1.445465090853971565e-09
-5.844542185107404560e-08
2.581505821330380775e-07
-4.811849187243487191e-10
2.438331824093342127e-07
2.186456001689246966e-07
-1.642576357586188147e-07
2.934043733806392567e-10
4.137334735327801090e-08
-2.339297523065652959e-08
4.186699068375931019e-08
9.807872039775068864e-08
1.721135464681997605e-07
3.161092468761922227e-07
1.216495005013873242e-06
3.592226574568246147e-08
5.774484790856765363e-08
1.017086471176963838e-07
1.533498370709472392e-07
-3.135048177427619590e-08
-3.654655090462948147e-07
-4.138479076048667516e-07
-4.259934017305190858e-07
1.229605347510727190e-08
3.311965421526562521e-08
-4.906334428139528816e-08
9.824310085093367338e-08
-1.897494117660862661e-07
-6.211358433278202235e-08
1.280687763824093442e-06
6.956856179318188148e-07
2.437457092913851448e-08
6.008543869607468149e-08
1.425325229265004233e-07
-4.925062907910649768e-08
2.807168210085044730e-07
6.759204401942211490e-07
5.241814665019359454e-07
-4.344847977712943256e-07
2.969320109231686805e-08
3.481945050697897773e-08
2.384445404285615219e-08
1.062624281759186644e-07
1.384373737537401964e-08
3.348084342819434948e-07
3.842323451539571352e-08
4.085052559010208051e-07
5.281620321988839962e-08
5.632376372095826302e-08
-7.226923043462465958e-09
1.426589722985119185e-08
1.153071118206739110e-07
-2.288213019028888025e-07
3.282347224197361107e-07
1.531304401531258519e-07
8.742698577198337087e-08
7.399101715016583842e-08
4.412841507203409696e-08
1.675887210772457517e-07
2.735433569110443362e-07
5.486375549559859904e-08
3.506649695311906306e-07
-2.458648650009486487e-07
6.021100446361362063e-08
1.300406198762820146e-07
9.196265891184243361e-08
-3.832230422848235470e-09
-3.838713999242468311e-08
1.723855431550746356e-07
1.962942247868021178e-07
2.303771659699394547e-07
8.173021905922955138e-08
7.870152601027439056e-08
8.667332448766030209e-08
1.259915538312040462e-07
2.045829071476393843e-07
1.974368059140848202e-07
4.519277440874267370e-07
3.450486677548170705e-07
7.936992726759601377e-08
1.412517568429685802e-07
1.201072009703905796e-07
2.497976512274915851e-07
1.830199518750783815e-07
1.407801793574959809e-07
5.339756615234124732e-07
1.046042633118761838e-08
1.390235112286184948e-07
2.046164252996455719e-07
2.878524446675659869e-07
3.042408134659644323e-07
2.381224988346904593e-07
3.978887183567833862e-07
9.384108892410258645e-07
-4.631932755180652845e-07
1.443770012916189119e-07
1.600431386831478448e-07
3.516126478455200173e-07
4.780424657652122175e-07
4.703105768331316599e-07
4.368151089935814582e-07
8.694639904995140956e-07
3.089380231218913638e-07
2.069844868270724158e-07
3.257954829809039517e-07
3.476723323318196824e-07
2.677151945526456946e-07
5.756731343753799145e-07
6.526395491480682460e-07
6.166718990750327019e-07
1.042554881398859026e-06
