6.533300659776854354e-08
-6.157936477972470025e-08
5.684153321930796760e-08
2.753101789874042585e-07
1.983853035509990879e-07
-9.528086465016588151e-08
-5.654695958652153106e-07
1.237771999664419417e-06
-9.151711306276344184e-09
-2.524849401953619369e-08
5.103402963341448536e-08
-3.141979252565240056e-08
-3.140497314705042103e-07
-1.998787644922577271e-07
2.294776060001580630e-07
-2.163582310685320081e-07
3.472264822952338267e-08
7.806243886769576192e-08
3.086607204454342753e-08
9.393607174922040915e-08
1.127495241768756144e-07
-1.443332517381399897e-07
-2.222457483641932798e-07
2.275045303201485568e-07
-2.304719087826552250e-08
5.091766273880982847e-08
6.466503947059568934e-08
6.428644118736740265e-08
1.201175762733086944e-07
-1.882950237298448905e-07
1.391502146600559901e-07
1.498506326787129933e-07
2.342027276764238673e-08
4.251520392831900242e-08
-3.184780547300035256e-08
1.100868204428897522e-07
6.194929996683483264e-08
-1.141954308994876952e-07
-1.613444327370819007e-07
-2.923958263978244264e-07
2.958869742433400318e-08
3.479350614590567532e-08
-3.264442907930091077e-08
2.796395073645109340e-07
2.455356205256806714e-07
9.013044281999539321e-08
2.573295292561852480e-07
-1.726582447525083799e-08
5.195849590576224474e-08
3.123840956430912500e-08
1.244651064212239100e-07
1.143403497726970965e-07
1.024925153964855124e-07
8.680637180700210303e-08
1.635928552503995933e-07
4.100085074245245361e-07
4.076386513459493846e-08
5.797714138059371982e-08
7.411455469799736357e-08
5.925550908223933247e-08
1.944997010494328182e-07
1.422750824789730192e-07
3.964077273904206737e-07
2.339524338496741401e-07
2.731036991130641233e-08
3.802363972769389062e-08
1.188755167853281486e-07
1.054239953653707058e-07
9.438927692266868247e-08
2.133782588464923577e-07
-1.465879856314384591e-07
-2.147647313035619520e-07
5.220696644176851955e-08
9.744619043174214182e-08
9.144530933340646685e-08
2.039765291195414284e-07
1.815039277765273625e-07
1.296806895671802414e-07
3.240232880938662076e-07
8.600953950252316327e-08
9.211821938378387040e-08
1.311635910878526636e-07
1.929201364800364147e-07
1.908606233690229132e-07
2.884335726025138415e-07
-3.037279417347848585e-08
6.104173149723288468e-07
5.653831184722760103e-07
8.432654606725076866e-08
1.417340270191417890e-07
1.529846829468249438e-07
1.776162354490666923e-07
2.204074430550979466e-07
3.475823630236867884e-07
3.453102299172016297e-07
2.871899703624900955e-07
4.331543684157718928e-08
1.260272036771368681e-07
2.258606934659559061e-07
2.495507162572088182e-07
4.965592984991123530e-07
4.428787809683428098e-07
8.322760267933049286e-07
1.360567612675026158e-06
1.000224426300664463e-07
1.787679513747773614e-07
2.826537014897331006e-07
3.472609843113179303e-07
4.272168485786339194e-07
5.673938860492817683e-07
8.079229878803062876e-07
6.990559257361077382e-07
1.458116679326454181e-07
2.905465077058972994e-07
3.053728610397216526e-07
4.135364277753760164e-07
3.920871739308460910e-07
6.610026484340133029e-07
4.559926023463377013e-07
4.259667654821432368e-07
