2.748891194558934036e-08
9.756717183664558470e-08
-1.685269226423733950e-07
4.660633839460914607e-07
-5.850779810380776419e-08
-6.163728075192059688e-07
-2.090615769400086768e-07
-8.224472801967506552e-07
-4.504630813783555797e-08
4.982110691085332687e-08
-5.728133679761432843e-09
-5.517631879505294337e-08
-7.510869547964435069e-09
2.564863462426867671e-07
2.153308006849574810e-07
4.556614131470095385e-07
3.781267655302390545e-08
4.794039937082886961e-08
2.917827243028336919e-08
-9.839634364379865768e-08
9.109405344019432934e-08
1.054870737358303826e-07
-1.608591651015461620e-07
-7.044448946802408227e-07
3.453484231645434183e-08
9.792080933880095564e-09
4.208120375251426776e-08
7.347191762876971023e-08
3.718199349661035738e-08
-6.837830758912480240e-08
1.192679775136470813e-07
-4.242506070418772382e-07
6.096334461193779319e-08
9.661354004654387120e-08
8.850469066780571010e-08
4.272648166799146990e-08
-1.077853968293039281e-07
-9.725448564177182798e-08
-3.796845831458269633e-08
-7.819324073952157372e-07
-7.277771755652829805e-09
-1.864580791349845302e-08
-2.293643431621059481e-09
1.509348861831481949e-07
-1.555540094950813318e-07
-8.258176036242196659e-08
-5.885555116125412916e-08
1.017386330963351278e-06
3.129160484905934724e-08
6.248639382081091556e-08
2.297796680261204946e-08
1.652498828500282902e-07
1.043366816092820857e-07
-1.716592987272986043e-07
2.847161560211847738e-08
3.648748838603378122e-08
1.356507172782216769e-08
5.020920363330898354e-08
9.484741322295968326e-08
9.235703297548429731e-08
1.766796988063210308e-07
1.035994983906972358e-07
7.451232243268870475e-08
5.355280020113952766e-07
-8.229681757143947220e-09
9.230042430393681118e-08
8.500480846629451358e-08
1.332442104988579029e-07
1.245289131124263307e-07
2.558952075468192575e-07
-9.305735690964443661e-08
-1.669818257675487318e-07
5.961511515470102717e-08
1.098179155654211147e-07
8.648476222669331373e-08
1.206600582153668570e-07
3.127121691146178305e-07
-3.652082316993927366e-08
3.668055004025600532e-07
2.779621943243443739e-07
3.695806042682071448e-08
9.538166415030611442e-08
1.318808411097845165e-07
1.455642575167927459e-07
2.044934022868682275e-07
1.729793699693271325e-07
5.718316852918438556e-07
7.506261806022532952e-07
6.063889620554422891e-08
1.274704128240772177e-07
1.679322159718172424e-07
2.552094077057585320e-07
3.972245880536549044e-07
2.049110529926987957e-07
3.802960633843218203e-07
6.083663241536894633e-07
1.140908352687030271e-07
1.591401510773650507e-07
2.378721913078930936e-07
2.464216346618157504e-07
3.206235229802138825e-07
4.336909054342062031e-07
3.638699360574357371e-07
8.505443414438264862e-07
9.728795961395364795e-08
1.825241310194354878e-07
2.583759509968543756e-07
3.450820264541876501e-07
2.349367855197766815e-07
5.755595992203514139e-07
8.493212560870612106e-07
3.351799479284696932e-07
1.207540494617993879e-07
2.115110270752201645e-07
3.517695042680167689e-07
5.082994059030016329e-07
5.571749758641180253e-07
7.861850666537749917e-07
7.151074953159912737e-07
1.938498081994624919e-06
