9.428477937400549791e-08
5.608534792031004583e-09
-1.417096959471681980e-07
8.471897487210529862e-08
-7.122019248001789254e-07
-4.330570143073886891e-07
-2.078941848513568133e-07
-5.888950037679655098e-08
4.560501894421567387e-08
-5.466990956816000850e-08
1.197523726741144520e-07
-1.014705461118292768e-07
5.273408118940957386e-08
-3.136717247545383615e-07
-2.123565369649305215e-07
-2.960132239670041065e-07
1.743595116927763433e-08
-1.385250765537208586e-08
9.086096678874247368e-08
-1.847329797586278874e-08
-1.582733627515037444e-07
2.945928125013839768e-07
5.350023381891146875e-07
-2.491806080287613681e-07
-2.220866531993850515e-08
-1.405001231349766757e-08
2.606916237418257360e-08
-2.560110904591370918e-08
6.777274277079267429e-08
-1.229102392382425221e-07
-1.674354314314825722e-07
4.177318547116761536e-07
5.642924620820641020e-09
-1.974146324142305438e-09
-5.295034462808694582e-08
-7.594788201902086099e-08
2.140143135518224540e-08
-1.770379183035275007e-07
-7.305221548392703249e-08
-3.800115915534172615e-07
1.963682413401488862e-09
5.702305833509203654e-08
2.306051072523733512e-08
7.864427639667089723e-08
2.018580747983533654e-07
1.843480461910463611e-07
6.955491557243064063e-07
-2.863628785446271921e-07
1.502433620328634295e-08
-7.401334446916283386e-09
-6.759814693317606011e-09
6.247303940049122183e-08
2.618837627790807891e-08
2.222011553643188485e-08
1.167206552024075449e-07
3.098701662860492480e-08
3.886483082920605661e-09
3.835347659030103843e-08
2.912602538203468633e-08
7.119886333775738591e-08
4.463165813390242499e-08
2.808168202244091517e-07
1.528344968117203851e-07
4.372888228069580535e-07
9.825704448271054242e-09
-3.345900117387074328e-08
2.470790695003007752e-08
9.155110242513683089e-08
4.912049685415919929e-08
2.813150869918649361e-07
4.316002711356097140e-07
9.345562758232085433e-08
5.220610865393987464e-08
8.336990980930661482e-08
6.279479924864044645e-08
2.107673036702493737e-07
-4.626334651255803936e-08
3.345055292068945503e-07
-1.309068533251231329e-07
3.891742148544386324e-07
8.932138348320301677e-08
7.386160875065692709e-08
1.431298827902179019e-07
1.765140740983754838e-07
2.629183424018646128e-07
4.243245898385536189e-07
6.870021382843502019e-08
5.397211967202428243e-07
7.602857849965056420e-08
6.528511343048160394e-08
1.973796417964805181e-07
1.232221096404739987e-07
3.727805138484398044e-07
2.920601290348559624e-07
3.424461062774041989e-08
5.110872789054190128e-07
1.113394071431814396e-07
7.175688815368053865e-08
2.357021524529049673e-07
2.631265891674445061e-07
1.387822559800286907e-07
4.588751992646735945e-07
9.240896564794936331e-07
-2.584960011450251077e-08
1.245964711224198726e-07
1.177276217420090628e-07
3.044240517703218317e-07
2.941733804970789808e-07
5.296579191015826640e-07
9.152184337312138896e-07
7.425792354361005780e-07
6.334913470556523999e-07
1.501193871833267786e-07
1.681014233534526645e-07
3.355271401142311171e-07
3.501632847136865172e-07
7.295715154482552131e-07
1.218392760753419554e-06
5.958597325295742338e-07
2.304249751677764901e-07
