2.168502443352182830e-08
-1.737731506285810245e-07
9.468297191042900798e-09
2.866640111142671719e-07
-6.592681311660447651e-08
1.327760512570897431e-07
1.664314600600108195e-07
1.358332836914751833e-06
-4.424144021687853795e-08
1.564434886863555254e-08
9.983892490266145270e-08
1.137127965789233373e-07
-2.193526619253450409e-07
6.067804762726891985e-08
-4.458068076008920062e-07
-1.202540237695236894e-06
-1.245243366596817383e-08
1.218485123657433190e-08
1.959595896724223731e-08
1.160330491411839114e-07
1.902401161810498899e-07
3.446905051663989114e-07
-2.804688833876241348e-07
-1.121482687766611974e-07
-1.613965419904327948e-08
6.715010829793723212e-08
-5.885323732280334011e-08
-5.516051350152472764e-08
4.893700550802771852e-08
-1.769225180089863849e-07
-1.703515778946954282e-07
-4.698187297391085117e-07
-4.478306952730599175e-09
-5.337220307107287190e-09
-6.646129570143843927e-08
-2.106586593216673140e-09
-3.568385672221204682e-07
-1.069535217097950037e-08
1.409650651834095027e-08
1.416879331819619600e-07
7.035596093985127949e-08
5.491143989830834361e-08
2.901973727495269487e-08
2.002534187456933638e-07
8.414733366797848972e-08
4.977052120983432485e-07
-1.628225797115711863e-07
-1.896498545080510043e-07
7.206292386472428924e-08
2.913499020908417625e-08
1.300729466635351099e-07
4.665555961557922844e-08
1.812490352441160652e-07
3.351375740152532729e-07
3.046942138579804182e-07
1.151013569654844967e-07
2.977352532267332004e-08
-9.785293174903875001e-09
7.701649566645162604e-08
6.953400670942417422e-08
3.470041445629076245e-07
2.636298852624638975e-07
2.279369627407031338e-07
3.364730875678236994e-08
7.228435423824882262e-08
1.181940896690390432e-08
6.421439456246659884e-08
6.235426239935804958e-08
1.180125221302595845e-07
1.859796772606857662e-07
6.139026799662011011e-07
7.897065934637206786e-08
3.271156389961032545e-08
7.832895243762158132e-08
1.045530776774051743e-07
2.778926366464990505e-08
2.750889699865712781e-07
1.389968175796819877e-07
6.396026995717389080e-07
2.669508982403553594e-07
5.311249583183022954e-08
9.215044740047816496e-08
1.531837786528231345e-07
1.018005884141321961e-07
2.739311427841058954e-07
3.537427460389347148e-07
3.399760997618691725e-07
4.255422345031773166e-07
7.801650792797667441e-08
1.034920915484290415e-07
1.044570358573863119e-07
-6.455064600512009556e-10
1.750725051254171772e-07
5.775719424470630962e-07
3.715515374771851482e-07
1.672570487619936606e-07
8.223434459658838393e-08
2.130025246998869780e-07
1.688671823552419895e-07
1.493634680585629207e-07
2.286096581229299020e-07
2.254195998405513890e-08
6.031422712286827151e-07
8.934412467343182782e-07
1.212935996925219635e-07
2.168299201911728921e-07
2.279077780248301029e-07
1.961682080732995580e-07
3.832730027334870169e-07
4.427682317169020336e-07
3.342264649475483158e-07
9.953729123139394481e-07
1.912893467631995530e-07
1.929397901544622930e-07
2.368330246775880510e-07
3.181919112985756359e-07
6.295251766523561064e-07
5.989196046361137612e-07
5.672767069378146003e-07
6.287136659987051318e-07
