4.426765606413249669e-08
1.015540441767486956e-07
-2.034865912504102821e-08
-1.192039796977373451e-07
-1.406512233596874009e-07
-4.380372058138692741e-07
3.383671026076000805e-07
-6.168878536877965310e-07
2.769235280194022893e-08
-1.207793286237105347e-08
-1.008349973133903833e-08
1.466786599081229949e-08
-9.477595611218730395e-09
-3.345654037807311898e-07
-5.657308013906151378e-09
-2.809716153423946353e-07
4.366073617690713061e-08
-2.413121342839365416e-08
6.515059731907293655e-08
4.544764723958424291e-09
-3.039596221589159626e-08
-2.208877806046717360e-07
-1.541621497782660866e-07
-9.636150709699077609e-08
1.721610776246914278e-08
-3.149207244235429263e-09
2.527449837723281508e-08
3.388146488686369201e-08
2.927651064188489999e-08
2.032770681082708842e-07
7.043456085318230100e-07
1.072259463206708973e-07
4.699900939637444342e-08
8.351584815601179180e-08
-2.421321241391651446e-08
3.041502800455658764e-08
8.849351205557666539e-08
-2.693213355654676061e-07
2.241523756390780387e-07
3.371403035789553846e-07
2.411545432410555061e-08
-5.990601669496277869e-08
-2.224898767539561256e-08
1.050031484223529397e-07
-7.491418264514156244e-08
-2.376909534645191372e-08
2.084574571039253461e-07
2.362004063819125987e-07
3.353630800860267398e-08
3.625751199235390251e-08
7.685291863626977599e-08
2.551004579331450742e-08
1.915570780070522815e-07
1.925888831098559950e-07
-8.202260738652664719e-08
4.762685600588258890e-07
5.860813317833296393e-09
-4.810700207647481555e-08
1.825927904027374106e-07
5.523694007509916629e-08
2.694396723475385023e-07
-1.223641076916333851e-08
3.655149126470423004e-08
2.467704174787621423e-07
2.544003962291168623e-08
-1.090883144925450048e-08
4.206464860074211034e-08
4.526172887975503891e-08
1.839737933361905469e-07
2.396752664982240046e-07
4.996672340403592127e-07
6.607672592807008060e-07
7.323175330261721865e-08
5.187203437237308133e-08
7.694064831186468756e-08
5.762192662733700023e-08
1.901390917284481414e-07
3.055913875008297508e-07
-1.775576584770389877e-07
-1.408766578216478178e-07
7.633312800177041842e-08
5.799707143890688949e-08
1.083971612142498135e-07
1.614459758080011567e-07
1.140919911537350843e-07
3.794282070623675233e-07
4.445701868209077012e-07
7.052545738856429431e-07
1.342569815543783454e-07
7.027526584319262632e-08
1.295220603444202915e-07
1.607815096321810639e-07
3.513474720014296537e-07
2.321738115264683795e-07
7.150433263372704909e-07
7.336175529144717927e-09
6.058580958816933486e-08
1.107095987129110514e-07
2.468000205214533672e-07
1.166821548767895737e-07
1.244315964504916431e-07
4.753271020485271839e-07
5.184966873979330513e-07
-5.437311710817124992e-08
1.243821171663210693e-07
1.003010906371336978e-07
2.224949942605226246e-07
1.250778139820367774e-07
4.583509769823253029e-07
6.405314930463308444e-07
8.118419846515486944e-07
1.664108602822726226e-06
1.608781956898096684e-07
1.353906562237670405e-07
3.372678508096614150e-07
3.663242160997957885e-07
5.459542064725362282e-07
3.750890643237715134e-07
9.147687506046099440e-07
1.549539343630471864e-06
