4.633530530079306507e-08
1.728036569473243345e-07
-1.186608511266251341e-07
1.448798456094137403e-07
9.619928926822041033e-08
-9.308990269911108345e-07
9.550028931445435528e-08
1.623419385412497111e-06
-2.417107670065977065e-09
1.688608562497048889e-08
8.790616153763255881e-08
7.800445084309930579e-08
-2.605105272614529723e-07
1.490611084665023189e-07
7.777061758120593163e-07
1.229240170398045447e-07
1.041632444676772769e-08
2.120423308468090193e-08
3.778506302701055795e-08
-5.414850543994575799e-08
1.074948495862651514e-07
-5.588689135808146231e-08
2.131965833818232051e-07
4.254960104776350204e-07
5.744998718884223101e-08
1.493276792981334876e-08
-2.665237929325128105e-08
-1.068211876308188316e-07
-3.194525478786809368e-08
-1.667568254374104769e-07
7.901658389403306660e-08
7.987172118901091674e-07
1.953650186605960476e-08
1.247262209574122974e-08
3.005845120275896676e-09
7.822619591204187340e-08
7.582321353223314758e-09
-1.220698863892943215e-07
-4.000306000183008040e-07
-6.836480256681724308e-08
2.837471240803056249e-08
5.874441240534109090e-08
3.828019192017055038e-08
1.704328455987753412e-07
-1.323103553656314222e-07
-1.987246580933736079e-08
1.773336134569292142e-07
-7.663684291715917144e-08
3.681542400547153367e-08
8.580875101323509593e-09
3.463752602784023588e-08
2.870705735332063830e-08
2.226818781278113583e-07
1.127480454619865819e-07
3.427755844721287249e-07
2.851022175936965371e-07
3.016716863647963667e-08
2.331351198218402793e-08
4.273999741421145929e-08
2.248342420958586305e-07
1.003474410105422814e-07
2.745761671162284119e-07
-1.278137724025411344e-07
2.903146538010297950e-07
4.608608053115491146e-08
5.347944413787195109e-08
1.276853635179577502e-07
1.298215409287855051e-07
1.151198091678849575e-07
1.467475717362746978e-08
7.277031480711694244e-07
1.070511011399918410e-07
4.384571252047951331e-08
3.981971915994022366e-08
7.213462678469251046e-08
4.777012732254501884e-08
1.417431494688611237e-07
1.899143116216094541e-07
3.782529286528571251e-07
1.528426265974197037e-07
7.772354388924053111e-08
1.102383758674578577e-07
1.664554652073361788e-07
2.408649768622501577e-07
2.391595345803751526e-07
1.547916487293231816e-07
4.609298681841971972e-07
2.910221864785125329e-07
6.112200161255057668e-08
1.083495950415299467e-07
1.659111452023286217e-07
1.058806083143831616e-07
2.738990071434437412e-07
2.325095275440033240e-07
5.752924005925841266e-07
3.470412916461067140e-07
1.689405756591847803e-07
2.138048467150368632e-07
1.915557415719069432e-07
2.267825691059960865e-07
5.523458896790260889e-07
4.219870530833114466e-07
7.924834595802126592e-07
3.325218663310020610e-07
1.746514386818609078e-07
1.731016242590962048e-07
2.499728603394033023e-07
4.364934681976397792e-07
3.382145105412477112e-07
6.545235668622367443e-07
5.779360443426761738e-07
1.185050571573562054e-06
1.286955402321967204e-07
1.903065806316357211e-07
3.168799445134817732e-07
4.846416480160928583e-07
5.037153042431349564e-07
3.697976789255189510e-07
5.438416277050289363e-07
7.576588396803656029e-07
