4.338071108888762458e-08
-1.542572086833043799e-08
-3.926942577686848563e-09
-1.328861558253882604e-07
4.918476824701594638e-07
2.026101210939585868e-07
4.773190577596156092e-07
-8.002453928269087110e-07
3.569705505259523993e-08
1.192981432695228430e-08
-6.013881391215763458e-08
1.275196268435878389e-07
-2.440828924266051210e-08
1.871780612811244316e-07
8.046760515315935878e-08
1.897770545661286613e-07
2.488536785240838247e-08
4.448614130510213521e-08
-1.148330995615363119e-08
5.514448776911330156e-08
-4.088121733271020091e-08
2.068344054047736440e-07
-2.724965590487508190e-07
1.185432824907866213e-07
9.634093876777182829e-09
4.841246014697350225e-08
2.019911357492641945e-08
7.947836189032165589e-08
-7.378077192820671575e-08
3.479043370245216514e-07
-1.062387248083482054e-07
5.494487442088270627e-07
2.381047915977332009e-08
4.728048607949364498e-09
1.189654882499368476e-07
2.026333766412439628e-07
1.567021143878525608e-07
7.290294786304631097e-08
7.594187368625210250e-07
9.998033290812391401e-08
3.026958774203481898e-08
-7.675400860403477497e-08
-1.949574238666254174e-08
-6.640454710128878472e-08
2.259769602372935799e-07
6.430824466809233450e-08
8.718461776700460918e-08
-2.133446679214018233e-07
1.315633187515286130e-08
2.596064414399012080e-08
4.481387030748496230e-08
-1.377564929753279100e-09
1.643796968104220153e-07
1.850115294992083715e-07
2.197356716083160877e-07
2.907882086027337525e-07
1.984806899480317058e-08
7.767594366781402892e-08
1.217769209148883002e-07
1.735382544861449484e-07
1.321018268356067952e-08
2.977964986406728863e-07
2.870452666460532039e-07
-6.393892422721954272e-08
3.355178524182595684e-08
3.702443683912520768e-08
1.169246291954974548e-07
1.093432372345586047e-09
2.364828720731465356e-07
1.378127635920944582e-08
8.947416085120791548e-08
2.375023122307327261e-07
3.936478329956850374e-08
1.763433013589832696e-08
9.069836173645178537e-08
1.121646400465122632e-07
-1.194376595912755254e-08
3.658367695731478395e-07
3.433182829595939857e-07
7.606789309029906859e-07
4.819161147035741290e-08
1.194683409622519115e-07
1.101320094314913709e-07
9.453256163190068626e-08
2.042147427581377358e-07
4.476880082782126113e-07
3.636540234144771357e-07
5.427293405438485464e-07
6.051743183634562843e-08
1.227711266105357783e-07
1.488509096979666113e-07
1.968640011668485355e-07
2.776323156366136167e-07
1.197088120837955498e-07
3.586193750767628642e-07
-1.614382425524221534e-07
7.903442280321814348e-08
1.215696101692103267e-07
1.676459204372008389e-07
1.467503552691244476e-07
4.427946586732741096e-07
4.470254247552209522e-07
3.160868241459169763e-08
1.064211709143519493e-06
1.386104198262021634e-07
1.660971816914093075e-07
2.626813334576461162e-07
2.794319158756896267e-07
3.497271536562068447e-07
3.434957383254836034e-07
5.744837498904994889e-07
7.925940489945047172e-07
2.327494011460395583e-07
2.890109918512053919e-07
3.440916959573178682e-07
4.018075141321968070e-07
6.255135866875814623e-07
2.438939794971097963e-07
1.106984909552817267e-06
2.012303981199934638e-07
