9.654131972002919423e-08
8.717288660524423513e-08
1.981475772668422810e-07
1.585621515328043496e-07
-4.487757231336644682e-07
-1.372456189491776042e-07
6.529309809806212320e-07
1.719658155707017513e-06
5.414716193664910928e-08
8.255851315517116704e-08
4.431975677525988588e-08
6.602241343593826125e-08
4.222993889754720137e-08
2.475576787033547409e-07
2.128092421147473294e-07
-3.945278964516697485e-07
5.786218639047229426e-08
6.780215546744444304e-08
6.567610943783797131e-08
1.173615548680344930e-07
1.424209845722339360e-07
-3.507956443306152953e-08
-1.639737739155437317e-07
2.205555965294462784e-07
8.464258574514246964e-08
1.764215401110550476e-08
1.498518023540327667e-08
-5.319602062164087650e-08
2.504520051025988145e-07
4.339045563942241129e-07
-2.787647011102730711e-08
1.364213446566040902e-07
7.062399742798614738e-08
4.507648277733736994e-08
1.036008895417592655e-07
5.993226883963567914e-08
4.992784181151262697e-07
6.510670077086264814e-08
2.841372216639025508e-07
-1.104515195700990763e-07
3.261896371192125334e-08
2.532605539578216873e-08
4.974143105569461023e-08
2.161548186879064597e-08
-9.869702609174765942e-08
4.196300954028180788e-08
-6.709081918967846643e-07
-2.393515019928601259e-07
2.814392325053528837e-08
3.636089997220532028e-08
6.942313216755902669e-08
6.503159085128906738e-08
1.360348918571918784e-07
1.202398834557665078e-07
2.316462388406801984e-07
3.764388619587217046e-07
5.188271283514878015e-08
4.343031456704970713e-08
7.591016142820974868e-08
1.371872710795852568e-07
9.883637934390670312e-08
-2.219688839133378324e-07
2.798455080226516912e-07
2.941478887526561511e-07
8.497911014714527795e-08
1.292541093137003979e-07
9.302373700612574087e-08
1.783291768911175295e-07
2.309421930281873403e-07
9.246172352737932151e-08
2.760360560703091499e-07
3.198903634606996659e-07
7.589084521231131754e-08
5.180009152567139977e-08
7.929520748643376940e-08
1.587755259774971333e-07
3.337141751285302014e-07
2.309752048965714450e-07
2.707640871666756226e-07
-2.931692156513857886e-07
1.002518831328928544e-07
1.217661172866721410e-07
1.507774070601433840e-07
1.859445880728288220e-07
3.631419680732595619e-07
1.585347815071080206e-07
1.852785847526474578e-07
2.850807949858252554e-07
9.173941263201708535e-08
4.459546163826952911e-08
1.253513999416685372e-07
2.750602591970578369e-07
2.297612139680658757e-07
4.203838839139602100e-07
1.986034462466870415e-07
7.047256647004726684e-07
1.501156442752559803e-07
1.369479247867344506e-07
1.315514230899006727e-07
3.702410054413475806e-07
4.309994098424408193e-07
4.415001025561858964e-07
3.099460635932696105e-07
1.778461760916665604e-07
1.532767280314540086e-07
2.201455015780915769e-07
2.504261450073504908e-07
4.616555634226519883e-07
5.229880702368156288e-07
3.905609836631453141e-07
7.542671958114676546e-07
2.322453003706321063e-07
2.252907079297278720e-07
2.275451266859417572e-07
3.024086685726567460e-07
4.917577315233075217e-07
5.158788863510021617e-07
4.442963630551040097e-07
1.126191368471451697e-06
1.364836990229184429e-06
