1.146914052467573383e-07
1.197933904620579861e-07
-2.805600630074856231e-08
7.167737377281925924e-08
5.722205218419453584e-07
8.458278901976599756e-07
-7.271724302111426486e-08
-3.935981268211843693e-07
5.212044189515059717e-08
-4.453986147682864047e-08
8.995138168417039699e-09
1.180715982813819075e-07
9.956071597874032278e-08
-1.275290426352450611e-07
1.829608899467001517e-07
-2.822537144785510122e-07
2.386584163339087181e-11
2.876387976794628481e-08
-2.657385718174803254e-09
1.565632309531875343e-08
-1.546349446656863597e-07
-4.322601142830686146e-08
2.876384039455729791e-07
1.790814440902583319e-07
-1.771047500474602517e-08
6.052739917275018725e-08
3.874486324059977470e-09
1.285673812438124730e-07
-6.290367805728657390e-08
1.076913433649617161e-08
-3.629661777497720476e-07
-5.233352099415240893e-08
1.228704549853597044e-08
3.113547959352667103e-08
-9.221280096945175612e-08
-1.521366375445419584e-07
-1.225449329391407737e-07
3.290743740376726432e-07
5.267953215877893549e-07
-9.177142366333719473e-07
4.257406563942323178e-08
-1.604030898398214963e-08
5.518295170758267670e-08
1.572564458112403409e-07
2.282277678554699769e-08
3.706637001583060506e-07
2.016439884451007906e-07
-9.054918808159836915e-08
4.267320992223832073e-08
4.204349854633126268e-08
-1.575757723121033724e-08
1.184315946971050526e-07
1.334842478050941775e-07
3.533424960017859303e-07
1.531817707039342095e-07
-3.351692383002185907e-08
9.543112651155986724e-09
2.480446818754452145e-08
1.020842827285418193e-07
1.068684771097586858e-07
2.468351070822961238e-07
5.445633525883002057e-08
4.045385690482332243e-07
-4.113167710324767185e-08
1.885750753719167090e-08
8.342502422441149486e-09
3.173183034009480718e-08
1.471642421509462851e-07
1.932780699701393170e-07
2.290331979706492368e-07
4.245396389293031652e-08
-5.037995713018679083e-07
8.490967038806730239e-08
8.559993785306880673e-08
8.889212519117537886e-08
9.958853817776283176e-08
1.674681543781523046e-07
2.176803826189842655e-07
3.326972391846144287e-08
1.374060059501938026e-07
9.956498946020634596e-08
1.084674228576587737e-07
1.646662813234001576e-07
1.875218542148542776e-07
1.237566739545821956e-07
3.173271392115591786e-07
4.741053679756821415e-07
1.259408357802498914e-07
7.591271341240496710e-08
6.066552759034691842e-08
1.077890548935828048e-07
2.045507929265422389e-07
2.304023867837041300e-07
2.075943272911502852e-07
1.656842784958045343e-07
4.361558374366580267e-07
1.117537108385470167e-07
1.764790583118173126e-07
3.783857457407807231e-07
3.714598148349025678e-07
3.064649435712077754e-07
1.734486504074350580e-07
7.799047459541602706e-07
6.241239541890030699e-07
1.167527173786286168e-07
1.232664916959086320e-07
2.211467729283180488e-07
2.926651058981478561e-07
5.145882211813913210e-07
3.664392746735792918e-07
8.776088306507848623e-07
9.900307267278881464e-07
1.507021484967755617e-07
1.533284526876651343e-07
3.204862594521179855e-07
2.950816317298166168e-07
3.593482077079488197e-07
6.333039704087003202e-07
7.544544174404503210e-07
6.928629776012199868e-07
