7.735020225078185796e-08
-2.390112482521631327e-08
1.009659420366379208e-08
-1.874190564367172805e-07
-1.489992182608220310e-07
3.740752335474028154e-07
-8.995460380584760371e-07
-5.543510748788375677e-07
3.921213750323247939e-08
-2.237354011893657927e-08
1.595727194633020962e-07
-4.038843896718377481e-08
-5.006577281701387451e-09
2.387267732638278018e-07
-5.453680276966584028e-07
-4.396559660495431014e-07
2.435166923618498848e-08
8.740246141055251735e-09
6.006030788980378169e-08
4.615710013302476389e-08
-5.361625108125708071e-08
-2.471528766738910912e-07
2.875466314017327239e-08
4.956566678523189745e-07
6.703230473918980289e-08
4.302446658567283656e-08
-1.181060801056674905e-08
7.816680856085726048e-08
7.428715852781910439e-10
2.406074103065480099e-07
-5.252105728349534233e-08
-2.709997029245590761e-07
3.907728119224566823e-08
1.048247475383411858e-08
6.314353175553248995e-09
5.412225779983887114e-08
1.452497781801248871e-08
-2.321739820476337308e-07
2.779080416568760814e-07
6.120314144073110948e-07
1.669897950536271242e-08
8.463136805460805209e-08
8.337535234533593827e-08
1.702450092909979371e-07
1.979062413953426485e-07
3.483449903541568137e-07
-2.168444112501593900e-07
-1.148735327990813658e-06
4.063687630725598909e-08
6.069375518657220054e-08
1.124234555746775595e-07
6.450865890628578941e-08
9.394215813284487464e-08
1.277480463998352009e-07
1.920025255894719063e-07
-1.112226162675553935e-07
2.618749534282004556e-08
8.352521670356411256e-08
4.569681197877293922e-08
1.089104427006923114e-08
2.429491921802297338e-07
2.472496057979374786e-07
1.040004344427368333e-07
2.679295298033532876e-07
4.525773766069633926e-08
8.109576559372338504e-08
7.527494141484600792e-08
1.545961943735059336e-07
1.411110406521397303e-07
4.314436633813919936e-07
2.596995030640510696e-07
-2.867443692077768165e-07
3.682026786273048334e-08
-1.884747528341805712e-09
1.176134160445429309e-07
1.394963973767637271e-07
2.022051965465851192e-07
2.280241542878398813e-07
2.279725452951443323e-07
6.323997280673147051e-07
6.496392499870604252e-08
7.380986871148350361e-08
1.156918406866976206e-07
2.428379456452507264e-07
3.430519352895677118e-07
3.650635199884963645e-07
-1.107275846463946751e-07
2.098945668465671338e-07
1.205068687815591857e-07
9.546202095226516198e-08
9.779123140940302156e-08
3.043850482404616664e-07
4.698872004986767660e-07
3.794566281251586817e-07
5.762099423371679736e-07
7.230650521228767137e-07
1.221490169129394122e-07
1.616536613662433754e-07
1.095763759939323874e-07
1.801152637566428549e-07
3.823652685617466811e-07
4.720046618590814729e-07
6.300458344462215450e-07
5.213760784570178323e-07
1.667974971967364624e-07
1.665853081898386236e-07
1.461624770612003460e-07
2.843135907688439536e-07
5.767244405711593501e-07
7.381008698002888526e-07
8.806066268938486553e-07
5.600078899051098294e-08
1.914222936853036618e-07
1.587440211880968267e-07
2.218855294146072400e-07
3.165546822359615705e-07
6.211970485753445511e-07
8.608781771007970477e-07
4.445789664179221213e-07
-1.484465247685544178e-09
