-4.435600676749674429e-08
3.701780085050536224e-08
2.768159703401550965e-07
3.035490498678692692e-09
3.911769375586007248e-08
1.353014116640765739e-08
-4.839118277445979245e-07
6.882322134591885217e-07
-4.126149753505606602e-08
3.830364790826021435e-08
9.184233133576046463e-09
-1.412285906287084534e-07
-6.486201798136326462e-10
1.496923106707953821e-07
-8.237411990841074316e-09
-8.470963596672211230e-09
-7.779124674765281211e-08
-3.394304910872953052e-08
7.418645751658455302e-08
-5.653117062175147180e-08
1.040532518264556940e-07
-2.408399325213336610e-08
1.018711424375605033e-07
-1.166375138928379038e-07
-4.533961949635535337e-08
1.412092665634934090e-08
5.342318760803253412e-08
1.750602169605451262e-07
7.953471772822918764e-08
1.727587035250911029e-07
-1.166255806530284946e-07
3.494582975177033050e-08
-2.690714911880882672e-08
-1.267435867430066806e-08
7.780255460251451547e-08
1.937024962876045536e-07
1.216928129433238474e-07
-1.335396044276339632e-07
-4.809075549973431830e-07
2.574585740999830736e-07
4.744190568017487652e-08
1.736901297094197464e-08
2.178936887263643940e-08
2.322653005293981847e-07
2.628642033230415436e-07
2.400397032281984634e-07
-3.320048432784534525e-07
8.994512633123384755e-07
3.675746379827959184e-08
3.336373155456841576e-08
2.136997910967294129e-08
6.485146519154126319e-08
1.402471715467598303e-07
6.442522243146285447e-08
4.821769475977578577e-07
-1.062251927482086553e-07
3.110716798534206425e-08
8.495210905249626017e-09
4.776150248416680655e-08
4.321257533465100267e-08
-1.227830758529317930e-07
1.818102035582923394e-07
4.370292558209947183e-07
2.331253093798301147e-07
5.676580392219679178e-08
7.253302744862535954e-08
-2.053847207865799403e-08
-1.635131623574314612e-08
6.344541522375747093e-08
2.243608574832336370e-07
4.205875037934656615e-07
4.586918958466598078e-07
5.357167326932406816e-08
5.920103527553701502e-08
1.359004883268326020e-07
2.247027732690826681e-07
2.055901947281072374e-07
1.837222886433693227e-07
-1.247629343217845500e-07
2.004184697744285610e-07
4.386328460504933064e-08
8.538281175799597417e-08
1.324292073645538061e-07
1.437822271340971868e-07
2.959556021152904408e-07
2.828126234146157604e-07
1.582901996528276986e-07
1.046620571959978482e-07
9.737716797219671227e-08
1.278960648024628575e-07
1.640579249112981985e-07
2.252283520369842013e-07
2.822529476695791470e-07
1.836920273860394414e-07
5.956514652030652276e-07
6.976091949907250978e-07
1.408456783992737944e-07
1.366624046538759439e-07
1.008887915404709256e-07
1.681376767061878414e-07
2.570172858377014560e-07
2.299581302855619863e-07
5.838355791068197708e-08
3.957593600177229991e-07
1.267182832484716402e-07
1.084594556134194751e-07
1.668890313736759562e-07
1.850088613696167608e-07
3.308384858779952043e-07
4.756991207683331462e-07
8.886258851025016131e-07
1.984361682103989523e-07
1.776442191870251389e-07
1.136809589499521658e-07
2.160565498204000796e-07
1.807525627556787531e-07
5.338202735438816911e-07
7.167048296539803738e-07
6.417500177123017639e-07
1.269606546237925535e-06
