8.370934867687244928e-08
3.906617034181220011e-08
-2.525199389969593943e-07
6.243090050156629102e-08
-1.169790644848302757e-07
1.678276786883374954e-07
1.084915810117394383e-08
9.404793785666379715e-08
-1.372435535101743807e-08
2.669288242938267141e-09
5.973120070227191120e-08
-9.391252060147376253e-08
-3.715994392062472638e-08
9.304840672330859580e-08
7.077091108781485204e-07
-4.918460670981074065e-07
1.390529002012869002e-08
4.777462803364596501e-08
-1.136548387675004998e-07
-1.842745687025130811e-08
3.218135805201936088e-08
1.191022871909663297e-07
1.257035662803211988e-07
-3.240662700524695468e-07
4.385575530523552604e-09
2.004454819021597874e-08
5.966459709037382874e-08
1.298203642942498796e-07
2.823859435943217559e-07
1.360089963388814933e-07
2.289771628225647114e-07
-3.945360090051505025e-07
4.873739834780701716e-08
3.329121943548822930e-08
-2.200507069898360534e-08
-8.177332103654851893e-08
4.276661298913395112e-08
-3.745079168845332338e-08
5.756030705192896007e-07
-3.963217746060335657e-07
2.699338545085320059e-08
7.223388676183145841e-08
-2.554888645847154746e-08
-8.523089723055575172e-09
1.600101027519817828e-07
4.795370748702857404e-07
2.896851072265327486e-07
2.359283397320403687e-07
4.430323592168629055e-08
7.831766284823490524e-08
3.517410302848149369e-08
9.304030142891305088e-08
8.513773354829508285e-08
5.475761221805124339e-08
2.045661675666406404e-07
-2.617209434005841384e-07
8.187193651800666458e-08
3.387450230516229764e-08
7.216375744354287574e-08
2.328713903203802661e-07
1.625194333097211805e-07
1.528771333767625900e-07
-8.360692211376965096e-09
1.459751443801437030e-07
4.656885762605246292e-08
-6.118430023967274045e-09
1.109620422257755515e-07
1.466955488402649757e-07
1.370985669709936677e-07
2.391470092278824852e-07
1.969746596647325401e-07
-1.161005421391129803e-07
5.061057253713665749e-08
4.999390653245659111e-08
8.001223495483168439e-08
1.004946475205155410e-07
2.394675614001000953e-07
5.114507895670374125e-07
4.250149667922472071e-07
-1.069165602645154415e-07
9.726733818381887020e-08
1.321416765543323568e-07
2.166561241595404335e-07
2.000116339891360617e-07
1.153765890222317622e-07
4.175822105724329993e-07
5.342444206686006833e-07
6.080010725865532851e-07
9.337694075882614925e-08
1.257459869368133264e-07
1.315292620382667617e-07
2.133131841820698427e-07
3.108968771952966396e-07
2.714870731631865894e-07
4.312731660753947400e-07
1.407916673376065184e-07
1.564173457805715901e-07
1.836437114586361640e-07
2.137528061794689763e-07
2.652623132617177823e-07
3.477581648592666397e-07
4.155053872045483336e-07
4.926386623431117783e-07
9.478062661437060439e-07
1.770504976027836550e-07
1.907994291780785735e-07
2.603827747651882403e-07
3.654411175333345044e-07
2.123269347704546753e-07
2.537581826232231654e-07
2.384055344206417244e-07
9.456062387379046835e-07
1.675891305405266913e-07
2.812497906146204338e-07
2.485593109830153341e-07
3.268210395470796494e-07
2.638017272829615049e-07
9.335689621749587923e-07
1.171264136334045696e-06
9.872002416688243881e-07
