-5.788893925644740411e-08
-1.174085531620791283e-07
-1.033252584788721843e-07
3.550470859659935698e-08
-6.073714412724990799e-08
2.294389670377327569e-07
-7.347858848237621750e-07
1.590011731189652703e-06
6.296382667228786448e-08
6.508423719000700159e-08
3.036461510414575212e-08
-1.010174041663635908e-07
1.157972047196269233e-07
1.066907152307395081e-08
-1.959347394438317053e-07
6.453486012374593861e-08
7.220005063369311038e-09
-6.939274074122461688e-09
1.168384441049474215e-07
5.399625017015897592e-09
-6.543637870950640070e-08
3.114402203308340678e-07
2.489556540971234826e-07
6.394736643665676408e-07
1.880219317644084457e-08
-4.285878250365178269e-09
1.071152032444616348e-07
-1.083075499258648723e-07
2.301900787408646104e-07
3.175983007365667343e-07
5.115113443833337176e-07
5.365854853422332293e-07
9.684501762114398745e-09
-1.649523382255745507e-08
3.360055506499865280e-08
-8.006724879030763835e-08
-5.913265705384107757e-08
-1.501305432383219769e-07
4.159735707236006774e-07
1.509199392637674043e-07
8.240044264368700355e-08
-3.987283903294250170e-08
-4.042048750944442615e-08
1.334508602467673560e-08
-1.949284174466399312e-07
-3.471918488269246572e-08
4.455458331891958610e-07
5.109780108133517619e-07
4.476086294773799330e-08
6.781682864587529053e-08
2.902360923152678486e-08
1.260625952858448423e-07
6.162659488525842862e-08
5.351031828627030261e-07
5.628476454085956917e-08
-4.075657449277101977e-07
4.899732797572469477e-08
8.923266633961475839e-08
7.331611829054530824e-08
-1.003773707780855158e-08
1.444209024010191282e-07
6.915637226872636425e-08
1.595870030624530586e-07
1.499913792949930225e-07
4.774520490302662989e-08
9.021065996498683143e-08
4.905414666930070944e-08
6.893678867494603031e-08
1.197052835026127740e-07
1.692835960529869526e-07
4.909928218356891054e-07
3.703250593412667468e-07
5.228693516429493694e-08
2.996768683224244165e-08
8.590959637755351115e-08
1.858923300572117689e-07
9.778058498121598291e-08
1.924033503506509191e-07
-5.076627448436695735e-08
-1.311419188461034520e-07
9.962999001015480294e-08
1.089163901288612722e-07
2.028439981041836553e-07
2.826354828670393534e-07
2.292467474911992733e-07
4.011242182901952703e-07
7.618874411684712896e-08
3.718683725350772553e-07
9.129019703000565789e-08
9.269961359328514515e-08
1.358102996297019707e-07
3.247412890110650019e-07
3.142443632907290620e-07
5.592927701474901582e-07
4.660791094947091684e-07
3.082930526775839763e-07
1.445986431606919029e-07
2.875788883211569636e-07
2.747837486804293153e-07
2.049603283093906447e-07
3.556859879372415114e-07
4.884556758134124118e-07
5.712985738878933390e-07
1.008360121403684071e-06
1.651185388236257238e-07
2.046076144549140304e-07
3.292524638721762215e-07
2.194702790904710585e-07
3.479228234567996055e-07
5.032386861831805593e-07
9.429817152186678731e-07
7.861352729912455199e-07
2.367383756931897899e-07
3.015023062399424049e-07
3.452660311033623414e-07
4.850910427611333568e-07
9.333596361361042626e-07
5.589999433415584866e-07
1.118351214758975417e-06
2.182987213588303759e-07
