-4.420024772171124109e-08
6.181549623406986609e-08
2.690307839497958074e-08
-1.755958307711798746e-07
2.848587774737226393e-07
-1.689914697790644178e-07
7.719737747754506448e-07
-1.610663628634762338e-06
1.004978901345081329e-09
4.491229976933344184e-08
-6.742436903167928098e-08
4.096284279211140063e-08
-1.462961653913612152e-07
3.561397792918752225e-07
3.610553903235420067e-07
4.475058143246727818e-07
1.116812197658483329e-08
2.264373461382934372e-08
1.686090425766982509e-08
4.347629608094521474e-08
1.522210933622373028e-08
1.447084694521801034e-07
-9.785810157795710027e-08
6.411473294059386799e-07
1.561866784260743386e-08
5.804008639290164221e-08
8.020836955618221602e-08
4.424352564245091232e-08
-1.873200502436324524e-08
-9.502799320831278148e-08
3.900214439977962236e-07
8.127835517480996246e-07
5.407993044861606763e-09
7.110407952287635796e-08
-1.315889255152262467e-08
3.931982901944866970e-08
-7.534238257993121543e-08
-1.222100047368297737e-07
-8.889799991116051735e-09
9.238428544796959033e-08
4.357734811747470710e-08
2.102619686522600604e-08
1.486121955961427149e-07
8.273325210080800296e-08
1.413464920390767651e-07
2.977881538482957065e-07
-3.218574487856989262e-07
6.771258697240565474e-07
-3.485080420347915406e-09
2.034603896583050383e-08
8.681601866242377118e-09
1.078403517452467260e-07
1.556240738630463611e-07
2.416185673784317211e-07
3.985352992069331278e-07
-4.222891842350508582e-08
4.571367249071766843e-08
8.416940887325186136e-08
2.020869058614813982e-07
1.208027762629363459e-07
8.400375188786884144e-08
3.045384522386532754e-07
4.198683690592330404e-07
3.202651186343600413e-08
1.686739442422802229e-08
6.263867377803503395e-08
1.078554411688160291e-07
4.961148211609253065e-08
7.078965673579990246e-08
7.988207221768484364e-08
2.651926163771303234e-07
6.376489179634340524e-07
2.976279233602630130e-08
2.592846306448306746e-08
1.459214342397868610e-07
7.696848195168811881e-08
4.971509749745027379e-08
4.222685426309840522e-07
1.431401009691381882e-08
3.117578232288017288e-07
8.563405661998363727e-08
1.183067332376951130e-07
1.438878713946328152e-07
1.606702464280895924e-07
2.193343969930349089e-07
2.750013867943389871e-07
3.624586874760846944e-07
1.778144097588513461e-07
5.708307420344115358e-08
2.625119227902556638e-08
1.875188425085374147e-07
1.690641767315839853e-07
2.146203572523747075e-07
1.622793100812169134e-07
1.337581266874187265e-07
1.961532023406032650e-07
1.757008299301786092e-07
2.610555773191435710e-07
3.162023613238550277e-07
3.120138384501072716e-07
2.832138251794909514e-07
5.054091742866577526e-07
1.139788850887180696e-06
-3.396078691400381115e-07
1.740921751676710398e-07
1.660899356379420199e-07
3.295669328043596330e-07
3.417022198353994246e-07
5.564183973434596947e-07
6.264645828857443754e-07
5.692170435858407870e-07
6.086047532377343748e-07
2.377898123599478091e-07
2.833123109266634433e-07
2.460871263223993272e-07
3.641087609300084514e-07
8.238222814852892004e-07
1.030466878377973252e-06
1.131514334394686858e-06
1.098129501116928547e-06
