-7.822803852258771987e-08
-1.009990921901298820e-08
-2.944818145843511854e-07
3.827210296899710183e-07
-2.455016310346154392e-07
1.080583475493730646e-07
1.526314701889783091e-06
-8.357959545368498464e-07
-3.962871107930643180e-08
-2.393139782181602386e-08
5.159521606234319571e-08
2.053778890126401094e-07
-1.032645656434533981e-07
-2.512608971076277776e-07
-2.868402545138398464e-07
-4.739152151911671616e-08
-8.252180807518815115e-09
3.647639059248991534e-09
-3.009036388342348777e-08
-2.560518867429476913e-08
1.244119298955707109e-07
-2.204844105170114766e-07
3.019841395264674925e-07
-1.317724136968043877e-07
1.855798620024610812e-08
2.601172144233257468e-08
2.003906285319043826e-08
7.357780208737679067e-08
1.940293555664913343e-07
5.253067005743315804e-08
3.581649889721987023e-07
-3.614432715640972015e-07
-2.972679703667409495e-09
7.107264913807803150e-08
4.290722848895370111e-08
3.809795810796144428e-08
9.292484294174625488e-09
2.927315264618438987e-07
1.004163657139123935e-06
2.916552209246481419e-07
4.650218960839807623e-08
4.814811892617194356e-08
7.758450623109647306e-08
7.212940088463269214e-08
1.690505412131720924e-07
-1.134792495128229787e-07
5.020525828788768017e-07
8.031043912525259640e-07
2.953128436870116268e-08
3.464232941852287271e-08
3.715561597847815211e-08
1.192120474096690805e-07
2.412264558182520929e-07
5.365563235662473594e-08
6.682420910186319671e-08
1.638031993270073478e-07
2.046370091507852592e-08
7.720015046262410848e-08
1.414495363266413125e-07
4.371090987729245903e-08
2.221563944838261136e-07
5.003899565722408431e-08
-1.220363091751649354e-07
-1.896916196705033366e-07
2.418905146461460698e-08
6.157881888721595197e-08
1.103531934057510900e-07
2.002086542204872871e-07
3.395072353879433955e-07
5.277137249864851308e-07
-8.110603764176363167e-08
-4.530573674718443482e-07
7.716334057393755081e-08
1.238396664583656675e-07
1.023091828992549421e-07
1.067118563810489978e-07
2.056603241802428282e-07
1.946382364799647689e-07
1.261102149979422870e-07
1.734711877967228914e-07
9.693140000904220047e-08
1.396484641658269189e-07
1.453255949989201128e-07
1.140472957983723472e-07
3.388806911194859546e-07
3.100462258569235571e-07
6.882596142177004637e-07
3.527302929185220083e-07
1.063820571178389334e-07
1.399003812730008442e-07
1.887955454428426247e-07
2.149037519225697043e-07
3.103906542914849007e-07
-9.707771253153596984e-09
1.894017549697200037e-07
1.464403530844463159e-07
1.474599276706734595e-07
2.324997644855586343e-07
1.996461609383907292e-07
3.236121364402850161e-07
5.364836637428976546e-07
3.036065304972935885e-07
4.018807931971560380e-07
6.025565650391914177e-07
1.233355641784320895e-07
2.088862152922990206e-07
1.781911593553058947e-07
2.309931169316387867e-07
4.338325707400682697e-07
5.187568791667665752e-07
6.285114420058050320e-07
4.897812245912021324e-07
2.013396350776608521e-07
2.784175137864102754e-07
2.161781458223641335e-07
4.280395375875371260e-07
7.116265320487708799e-07
9.958305131321217862e-07
1.358650213821367357e-06
9.173847458990392154e-07
