8.703597772567916745e-08
-1.344925970198186181e-07
1.035312462101100378e-07
9.382943895369252708e-08
-2.417394066979445163e-07
-1.854340461888884790e-07
-1.314107813535978852e-06
1.232530557274164496e-06
-2.042383609312176869e-08
-6.810424887890069433e-08
6.339904113825659610e-08
9.245080219885848905e-08
-1.125162305961110969e-07
1.077099060580674300e-08
2.544713375367691802e-07
6.925452094795466730e-07
-4.248764907637023783e-08
-6.147478614982459476e-08
1.490072665716085817e-08
1.264274805885443712e-07
1.125769992677775673e-07
3.142741727703435512e-07
-6.620949975706202517e-09
-7.711424226692417173e-08
-4.807292619753798893e-08
2.529735858524048726e-08
-1.411300867451957127e-08
4.467196799820488008e-09
-3.538587985576708894e-08
-1.536796001151938490e-07
1.324299122480825702e-08
3.537515048945737873e-07
-7.198744687570744565e-09
-3.704849302921343539e-08
-4.569800401060277918e-08
1.711304505213321980e-07
1.621445607705792430e-07
3.429125942360727190e-07
2.815619085483386640e-07
2.376140911167833825e-07
1.720201588087412597e-08
7.716993319085725280e-08
2.812111129049762198e-09
1.090987193007884698e-07
3.609694913342879473e-07
-1.554065905285344026e-08
-4.786327339674164522e-07
-3.380328497387893645e-07
3.698451857713223335e-08
1.877104453749335995e-08
1.291808975728114642e-08
2.369000619650821358e-08
1.655125215098069665e-07
2.191098300993495002e-08
1.435126108615290004e-08
-4.596347567430734051e-08
-4.728119955614123197e-09
4.857506793026114209e-08
1.037234247204221395e-07
1.956019173163146307e-07
1.871718296260991650e-07
1.317107386519714337e-07
-4.061934028482556580e-07
-3.791655427711808307e-07
3.680081582321214776e-08
8.699541856604796500e-08
1.001284466445049326e-07
2.114426220003144360e-07
1.727701511938769442e-07
2.307917611339104822e-07
5.903815672710151164e-08
2.808425787582048668e-07
5.909162455971828952e-08
3.379602216151704738e-08
9.598494234094633569e-08
2.290049516881952767e-07
3.101428092904429077e-07
1.108133722016840377e-07
1.500237439979225111e-07
2.966020187876643124e-07
6.559130685665818607e-08
7.168346598995877220e-08
1.207355999668309126e-07
1.517555814411109241e-07
2.157069701400065366e-07
2.343839464274063456e-07
4.289851459648145688e-07
5.074933572833071643e-07
5.964863666011638360e-08
8.766684355580369675e-08
1.755292376048343803e-07
2.232704777402176159e-07
1.235536616328532917e-07
3.473803022987123245e-07
1.851641643817691997e-07
4.750781580826688058e-07
7.647378770348812194e-08
1.780174705682284886e-07
1.775339356518864121e-07
2.749020433369905288e-07
3.778893358253788948e-07
8.783352409062156226e-07
5.996227217109089184e-07
3.109797067184975388e-08
8.951438365414504581e-08
1.535957775017884121e-07
3.296421679548851809e-07
2.842136618151599123e-07
4.761687542049643325e-07
5.655572624765468877e-07
7.101881888597942663e-07
3.145102851281370830e-07
1.181509285177435029e-07
1.774615222089429815e-07
2.908962647493349407e-07
4.892826780158365229e-07
3.959440876263676690e-07
9.514261141336281053e-07
8.629210204799843963e-07
5.290350375443231455e-07
