-1.068249088909295190e-07
-9.201971837546872381e-08
-3.218363012244871079e-08
4.554366756512060927e-07
-1.963813990845075588e-07
3.400559240697261376e-07
-1.416993747974832774e-09
1.446123027834712857e-06
-2.712894404796538431e-08
2.437243054520959415e-08
-4.998091133929218672e-09
-3.956095385021350395e-08
-6.056784289409274723e-08
-1.769076758422925246e-07
6.092309729111343249e-07
-9.853036032674971958e-07
-2.582889191193577567e-08
-9.590993708964013326e-09
8.441269861545505855e-08
8.078940382654257416e-09
-1.016978683736967347e-07
1.260612629661201454e-07
1.095861798142237350e-08
1.008294187891025806e-07
4.395435427960660629e-10
-7.008893764584403677e-08
3.928596482814488046e-08
-5.840104511062908637e-08
-8.837775948200957616e-08
4.032296565547246443e-08
4.707102655155823568e-07
1.738182943675179703e-07
-8.127973684477030962e-09
-1.087004253240242421e-09
4.165770398712425198e-08
-3.526124807331644573e-08
6.770257652152075782e-08
-7.462742559764961641e-09
-4.218902130524004025e-08
-1.982425967900283717e-07
-1.387466289172822389e-08
1.554083357316498696e-08
7.275741178913410570e-08
9.803676915110287134e-08
2.893867141123504144e-07
-3.455872084926406053e-07
2.457963603771801931e-07
1.055954624052216478e-06
-2.406542205641642393e-09
6.712613849614105139e-08
4.578824722078399700e-08
6.031412864993992893e-08
5.422127881196112013e-08
-1.094042559157757226e-07
-2.573710039161185623e-07
1.127852430795265025e-07
5.255550723145093484e-08
6.876777216994886677e-08
1.289275260606347502e-07
1.420942492287027388e-07
9.720106191165460710e-08
1.153284681948612554e-07
1.776162050560767008e-07
-8.303677930783077507e-08
3.705353500422860301e-08
5.870443463847636278e-08
1.328345868957654179e-07
1.051143932270481281e-07
1.104039292363781967e-07
2.503902280320857014e-07
3.540368643864172962e-07
-9.508441804182946531e-09
7.007576109674888893e-08
5.292497737062192799e-08
1.054466261132564423e-07
2.158937564674861946e-07
1.231032287837121990e-07
1.488256657335059298e-07
4.173094354215958110e-07
-9.017245951709343684e-08
8.059328812496058522e-08
1.427255146594246133e-07
1.836336754391691138e-07
2.700301683715466254e-07
2.652096026362316618e-07
2.331578540961687349e-07
1.876335079083809061e-07
1.041233307329949607e-07
9.077043860773938871e-08
1.171042077674299000e-07
1.492317275907006983e-07
1.668156904287553891e-07
1.690996934695330706e-07
3.411688736276636083e-07
1.525890813442494563e-07
3.239856694281856275e-07
1.578938125618852386e-07
1.396041563160931023e-07
1.790899888248957482e-07
2.324728883619408946e-07
1.848080135008595984e-07
6.628216077439320520e-07
1.358902008357535893e-06
6.640726096506109611e-07
1.719043442081373355e-07
1.824167065558826072e-07
3.018632352767711522e-07
3.756659496249847398e-07
4.118089797766305152e-07
3.867618620967780488e-07
7.168653346333678287e-07
6.863688132496003403e-07
1.604918790307097253e-07
2.652817747838969975e-07
2.360051921366051423e-07
3.347484035936342865e-07
6.596275408559075840e-07
7.655268238861478862e-07
5.174675404225252440e-07
6.576285205898978564e-07
