1.810138269257606293e-08
-6.742944800967782624e-08
7.947488651525730719e-09
4.516297806535575701e-08
-1.967118576956524685e-08
8.738836293647683027e-07
1.843029310229765302e-07
-1.755897195850812920e-06
-4.493162098013892685e-09
3.304649384948674072e-09
-2.544495895367636439e-08
1.243341130596289951e-07
-3.321957972317865529e-08
-1.212322853031885197e-07
-2.853574013675774162e-07
4.685799703174461522e-09
8.983724483960937586e-09
2.756316133573491071e-08
8.743625959973713153e-09
3.666433284023114355e-10
-3.981035119037197824e-08
7.529805135150069025e-08
2.037441728957762421e-07
4.288216948248266039e-07
2.888375899137227298e-09
-3.549998086388996880e-08
1.724473965106969057e-08
1.571970974474991354e-07
6.369485992992808503e-08
-9.821086833008510264e-08
-8.296186535558944594e-09
-1.509350062553460658e-07
2.129635144029603117e-08
-5.590291686727332965e-08
-4.738348996086939282e-08
1.049497814239779707e-07
-4.921804963114857155e-08
3.584513183196210007e-07
-3.953158289334475950e-07
-1.345880746571489038e-07
-4.303471008363521406e-08
2.905007941142282913e-08
2.968992244046134602e-08
-6.279785871677103781e-08
1.614819154214969608e-07
-4.311743370370751864e-08
1.005059666888052563e-07
-4.524711630694281784e-07
3.250805223005762166e-08
-3.401038781927504139e-09
8.262377573333804769e-08
1.044749638786542214e-07
1.062904973893890369e-07
-5.905658386225923147e-08
-1.960177895344199045e-07
3.322541084299486829e-07
-7.938304088346415496e-09
6.087513013200409198e-08
6.167961758679068426e-08
1.313065178686192583e-07
-1.551877983505644457e-08
1.848895386408615295e-07
1.706032053307142055e-07
-5.895589395087418143e-08
-4.241459268761491635e-09
7.697701663474387902e-08
2.020930841659842277e-08
1.141700759753113921e-07
1.162658526511512936e-07
-2.673902486515354274e-08
2.028719334021569896e-07
7.675942085865421765e-07
2.713479421789086947e-08
2.162160223907211006e-08
4.020994837084643373e-08
5.771233569414110986e-08
2.020493350772398053e-07
1.029198865541926482e-07
3.090670428846602858e-07
3.691397845687497943e-07
6.773089749466424653e-08
4.675870477185054137e-08
1.424842572444687167e-07
1.157777437140653185e-07
3.312143437884995202e-07
4.253491347524599872e-07
4.067756716596573083e-07
9.703808469253261444e-08
9.655672717110507379e-08
1.166435016841025850e-07
1.607737539266605938e-07
1.830512621537976912e-07
2.377314382082687526e-07
6.522523929395640726e-07
3.669128875211222888e-07
4.826413332539040062e-07
1.129559572585286817e-07
6.420360648733583738e-08
1.524262148025907960e-07
2.483110263987792941e-07
3.184850414579503739e-07
1.678430478117596246e-07
3.581033786754021372e-07
6.244250732739926142e-08
1.756937935492962622e-07
1.458452074648984302e-07
2.870150895347831035e-07
2.933711245762659883e-07
3.207989957417141093e-07
4.938445735608462948e-07
3.531389446585113970e-07
1.107869105300444773e-06
1.648587260803155510e-07
1.578802182817511946e-07
2.992069381925882936e-07
4.757463407097666191e-07
6.816970281442571111e-07
7.763997263827315751e-07
4.643049656556971046e-07
7.421090236451683420e-07
