-1.118520292626480034e-07
1.737620078787950582e-07
1.741867402571115967e-08
-3.151340329262946955e-07
2.888575173575907741e-09
4.629524772705941364e-07
1.971472154183412321e-07
1.228196075050209998e-06
8.216761644167945901e-09
1.284708742216811010e-08
1.504721506331919827e-08
1.252769170739737240e-07
1.584178025218308790e-07
1.750561408767074306e-07
-6.777562026319888735e-08
-2.699740090573402781e-07
1.227231575191036986e-08
-1.428705103435179890e-08
-3.975801291211195923e-09
6.439154263542073568e-08
3.096450403304502941e-07
1.286419699112552118e-07
-1.001641158636137129e-07
-2.490005764870820524e-07
-3.151410765549982353e-08
4.883620512883826791e-09
8.018482512166405399e-08
8.636886356367631575e-08
-5.101167612396747033e-08
3.304205506032695706e-07
-3.029707981004139051e-07
-2.894545274641908352e-07
-4.991340001889298399e-08
-6.880052703076329024e-09
-9.696899705148345861e-09
1.625459497803075616e-07
3.743756005802253724e-07
2.271417397579788309e-07
1.526267302777390932e-07
-5.296031513631225475e-08
3.985280121867800532e-08
-5.367216119773184186e-08
-6.259207054919154418e-08
6.609136027849037922e-08
3.398024704530670695e-08
-1.305339319380587711e-08
-4.566112042673807038e-08
-2.042426728458231584e-07
2.274756239586478093e-08
7.412724759986024501e-08
9.471418112400766670e-08
2.460696202453844957e-08
3.977504670868246869e-08
-2.568420937479156245e-08
-1.088414551191042651e-08
-2.040816841986983974e-07
3.132823585683080878e-08
-1.387538595930718804e-08
1.166041140989004335e-07
1.230001652578544771e-07
1.485428008307221346e-07
-1.144229978877480813e-07
3.210401789250353961e-07
2.921291307308738961e-08
6.506945862414218845e-08
1.348782126475771757e-08
8.354384654354758764e-08
2.178674013702011760e-07
1.673787081356390708e-07
4.965477300511933549e-08
6.554488737554074851e-08
5.909741202547490436e-07
4.298424742693497183e-08
6.721578400020667120e-08
1.637406744158367888e-07
6.691689221966140650e-08
1.374796626164117125e-07
1.279168120610586872e-07
-2.581379712038449431e-07
-2.556162741730644934e-08
6.131977635319232144e-08
1.095884259264506983e-07
1.342587783401578702e-07
1.424241443484431212e-07
1.942115284054565407e-07
3.759645989323444012e-07
5.154563012876825248e-07
1.379297167626276431e-07
6.474729187436547042e-08
6.148352604109803625e-08
1.004054291316688224e-07
2.247605738473491515e-07
2.056952508352251725e-07
3.283638930637306501e-07
4.110542973890515911e-07
5.067134442272076033e-07
6.685764754917578881e-08
1.651488103604035104e-07
2.767723997091689944e-07
3.257913603831993641e-07
2.706930399822244447e-07
6.443772376713131430e-07
8.884070916537836855e-07
4.153860742640952000e-07
1.019985656254382981e-07
1.301921752873184775e-07
2.764562568838014295e-07
4.977676814866969739e-07
2.615982614236407805e-07
7.003081177987669991e-07
1.058117195623246304e-06
9.860645918566073389e-07
2.014769467511726545e-07
1.280333677353567356e-07
2.907759716893495684e-07
3.960778255687926646e-07
7.789664851958143778e-07
9.311065922370869074e-07
3.559700910007760309e-07
3.868156701541828481e-07
