3.366917180089979427e-08
-7.098001642389609936e-08
1.536988065590702959e-07
2.026717072881314911e-07
1.041950798230272490e-07
-5.541101516421789771e-08
4.871469586606900873e-07
1.411202157119090953e-06
6.296307307258643167e-09
4.934850765530492774e-08
6.119615954927525207e-08
-4.361942490179619273e-08
-5.554644931539823098e-08
1.988799894651337215e-08
-1.451318834734181008e-07
-3.966523022757770209e-07
-1.401711491399509289e-09
1.412608260465676390e-08
8.538205654181049553e-08
-5.964375987902965706e-08
-3.137509412176122263e-09
3.684848180462082764e-07
8.956149551419684248e-08
-3.106014717263601116e-07
-8.727021841520590245e-09
1.027448974974317795e-07
1.839160563181117948e-09
-4.884885152272958669e-08
1.735873083751960334e-07
-2.336398315418605707e-07
2.951922932473110597e-07
3.423806008336600228e-07
-2.295490885982360785e-08
-1.382840331417385328e-09
9.234697019438974355e-08
6.613439177724985073e-08
1.272507545324717114e-07
8.287812102099384220e-08
-5.052987724981763372e-07
-8.080958592789569903e-08
1.822459273664290365e-08
-6.177381509494627727e-09
6.694848447664024308e-08
-9.029842979521716263e-09
-1.620102361791222049e-08
4.095670182849318942e-07
2.903501683737547470e-07
8.209201689266989856e-07
3.712375822321366033e-08
6.959509869035013630e-08
9.679040356763100461e-08
1.704620228099062045e-07
8.288107504015071850e-08
4.935725133161213537e-08
-8.588944990085569369e-09
1.774061624626527302e-07
5.398372928557333179e-08
4.046404709596578492e-08
-2.219470443115285234e-08
3.999063723854305046e-08
1.255962195962640080e-07
1.218457152569286144e-07
2.506014577334977878e-07
-1.409285274431887433e-07
4.034124759554263129e-08
1.039053745855225195e-07
8.311718484171248995e-08
3.169129128933476752e-08
1.410579955029949250e-07
3.338427495988229087e-08
3.942856439683301197e-07
7.946239716689947839e-07
3.636177014129727610e-08
9.991094725487337197e-08
1.676370912623618844e-07
1.443944818950878662e-07
1.528711467099584985e-08
2.219323370920222515e-07
3.244022071257166617e-07
-1.883578833790984074e-07
4.214100322579799743e-08
6.605505433896951163e-08
8.757694693373251993e-08
1.369873650200445929e-07
3.566411848515045429e-07
3.234671123646616366e-07
5.525080674058613869e-07
3.415115797686795964e-07
5.720782583665302728e-08
9.927858055804984008e-08
1.723147045932945960e-07
1.788732430900651434e-07
1.059095908680431182e-07
1.619867998133685413e-07
4.780977663587875613e-07
7.555141505829144023e-07
1.101078389485937895e-07
2.070028369124007874e-07
2.195818924899062468e-07
2.665214305586275787e-07
5.609343527224983436e-07
3.698872197598691367e-07
6.992587947456507752e-07
6.343227689445868043e-07
1.981022518163969500e-07
1.788796238485342403e-07
1.971942281188958363e-07
2.973057485646963134e-07
5.432166115787149901e-07
4.393918382641506816e-07
5.945903270501113700e-07
8.776584425094500822e-07
1.801124532289078686e-07
1.721836330545935174e-07
2.709596440382136446e-07
4.475945954075110371e-07
5.722843606645595247e-07
5.352019557683870756e-07
9.465827712831892033e-07
3.544525774908459365e-07
