5.444203280405251921e-09
-3.689053724100993457e-08
9.742480011378266668e-08
-7.068234579250623825e-08
1.531068684635337975e-07
-1.311802454136378752e-07
-3.101278823971199937e-07
1.440005132696230548e-06
4.209315068218866582e-09
-6.096443325758680707e-08
6.990260778746488321e-08
9.209172477598568288e-08
3.632770448115125993e-08
2.462619916127216697e-07
-2.925224285056292186e-07
1.496837460678208639e-06
1.856475151069329763e-08
5.112433207201837582e-08
1.316360957828678213e-07
-4.624953852658923840e-08
-1.824983710167047800e-07
-3.303519275834173341e-07
1.285989666630710840e-07
-9.099374546691893369e-08
5.216051050431074669e-08
-3.571172640398877201e-08
2.091125524534012161e-09
1.266416495015313851e-07
1.085870318943236419e-07
1.180002127569891355e-07
3.574576461070895914e-07
5.650253217224186696e-07
3.815110814771312605e-08
-8.156442239204637781e-09
1.141749568646197211e-07
2.080385039565564825e-08
2.041201775004225232e-07
-2.773311956513724157e-08
5.032933530040154017e-07
6.883686979207398492e-07
2.616989515906221450e-08
2.931013904526707890e-08
5.687840799480116243e-08
3.644454038273345721e-08
1.315726377242504292e-07
-1.056383945675807729e-07
-5.655945095233575398e-07
-1.440572797426633578e-07
1.529739429258562569e-08
1.000062207381155941e-08
2.652410379988648085e-08
-3.327922355428395255e-08
8.591230439620545754e-08
1.918338622953836538e-07
1.213672508703909241e-07
5.895872898973916369e-08
4.350691833799917436e-08
1.838772165019673702e-08
9.550074037387913771e-08
1.251758596802615833e-07
2.340882880875526976e-08
2.132928698516830299e-07
-8.920172364293901660e-08
-2.888206224314878953e-07
1.622991891337383235e-08
7.064457114265088381e-09
7.122472226235006049e-08
5.177263722501116895e-08
1.994443540573683862e-07
2.334920926503831843e-07
-1.935417071325302122e-07
4.436765350260183015e-07
5.006846778731606109e-08
1.279601742234619804e-08
7.815106594847612137e-08
2.072609015011404295e-08
1.445884530477516408e-08
2.806355484637296281e-07
1.151196923782793645e-07
9.643928926959110237e-08
7.070080684594076772e-08
5.479605147950718728e-08
1.376845022755767416e-07
2.227691950281772066e-07
1.822048572339618226e-07
4.434051948206832954e-07
1.369460365464103258e-07
4.275603002255440965e-07
7.462346788694376914e-08
9.246588815285550575e-08
1.492338819676626050e-07
1.379953006971600118e-07
3.457052099393485020e-07
1.928531080996344022e-07
2.502559447323744611e-07
6.770101178666672765e-08
1.319947405577467856e-07
1.465178605097999188e-07
2.651250977833324114e-07
2.495903243477430876e-07
2.574143879796832358e-07
5.995115702505264885e-07
6.444731908910150049e-07
8.112301013646267078e-07
1.331649083963961185e-07
1.568325024925982894e-07
2.587341274802393353e-07
2.253602161254503080e-07
4.791053472782620915e-07
7.018961405070289250e-07
8.898255476761841398e-07
5.962142849581037876e-07
1.748835798374975542e-07
2.624536263864521072e-07
3.003327957984614485e-07
4.395613712994029033e-07
7.642757007652485059e-07
5.526861496387565067e-07
8.656047515648876467e-07
1.510487362445811315e-06
