1.126760322863693784e-08
-9.197937411815470309e-08
-9.297171238865371701e-08
1.047861254787109797e-07
-6.230056445049590548e-08
-1.505625778247273905e-07
6.012077336625678625e-07
-5.444291040462655129e-07
-1.903791306051521364e-08
7.692904613589638610e-08
2.432653782407566906e-08
-1.897538226379662461e-07
-9.910623104956609666e-08
6.219103731627371759e-08
3.880115379682840810e-07
-6.044695584906380084e-07
1.069236193631493812e-10
-1.728512492464201555e-08
2.792191154509800287e-08
-4.134787899802960801e-08
-7.987810718563930092e-08
2.324641872261542695e-08
1.903654381924965735e-07
5.783879504342781278e-08
-1.364628708281691172e-08
-1.192760097181822904e-08
1.232905651625138314e-07
-2.083860494704824684e-08
2.108947241744863005e-08
5.126245607425657184e-08
-1.007968006878726523e-07
-2.075608281755166877e-07
-5.317537051963631352e-08
-4.894636370648209050e-08
4.476004453266691856e-08
4.034032500257403745e-08
-4.391710296701764068e-08
-2.730500414708494851e-07
-4.719506280795430534e-07
7.305746063200812991e-07
1.306590483557859202e-08
7.021130793034947147e-08
1.725406132545933898e-07
-1.364989438332151022e-09
5.506040015294962585e-08
2.636742990891161331e-07
3.522814998887377923e-07
5.494576003787438215e-07
6.745747793654924497e-09
2.641651772421843322e-08
2.485936502053643789e-08
2.510134928922721800e-08
1.768253499000309970e-07
1.563212547583921228e-07
1.983482592129947562e-07
3.255820530893095827e-07
1.036096364990367822e-08
1.299686248715909502e-07
1.595753379603064278e-07
3.120374704166076108e-08
2.027451008781615657e-07
3.444984958198939995e-07
1.516839307050522600e-07
2.879837745833244267e-07
1.788424885206804479e-08
-6.912944095781942164e-09
6.041079163911010903e-08
6.973688290103012616e-08
1.156652081379423700e-07
1.546416655554730548e-07
-2.150172730125182569e-07
5.614029693361622913e-07
4.218122963657324754e-09
5.133880954415431660e-08
1.765869970016754914e-07
3.044473215734745773e-07
2.187123648783263448e-07
5.394096145798076183e-07
2.953162579482661972e-07
5.286663658340258873e-07
8.508555638545007425e-08
1.032533267273333179e-07
1.274261252216234666e-07
2.323134354910740879e-07
2.646990507022527053e-07
2.266997291886152930e-07
4.952612048149398507e-07
4.644125418499069501e-07
8.532791410947228564e-08
1.381601945300575251e-07
1.933092011138951357e-07
1.990031752451914989e-07
3.119810915677275970e-07
2.454516813238049999e-07
2.638066594167101750e-07
-1.335672059727731056e-08
1.329102086591214710e-07
2.060934377020412768e-07
1.635295569827794135e-07
3.809487727053883115e-07
4.099781315365849618e-07
2.148505405596730973e-07
1.145130755946382418e-06
3.680929102243342181e-07
1.560224343668354162e-07
2.120768770788722977e-07
2.428373192696309010e-07
3.362843055948431181e-07
4.296813200931659388e-07
5.042850426761469476e-07
5.276866770033329673e-07
8.038758186744105901e-07
1.618496163129065108e-07
2.767676849135390351e-07
3.942745172550878598e-07
4.265949955428651871e-07
3.864072455494227753e-07
8.591101406433366639e-07
5.431931759234423718e-07
1.067340352087932165e-06
