2.210446529138763537e-09
-5.143094308585701725e-08
1.210133338473873677e-07
7.279633364186953934e-08
3.217661507544905336e-09
-3.582376174520827608e-07
1.180977526182376520e-07
-1.429893894231778011e-06
5.518058002288127957e-08
5.806745275825498556e-08
1.353691074351613275e-09
-3.095405264311751801e-08
2.915217024132442792e-07
-3.067909991997120854e-07
1.563622207978094389e-07
2.560256431625316675e-07
1.821812050125907984e-08
1.268528664568376361e-08
1.240719103066912199e-07
2.398321542327983657e-08
1.078937432612460381e-07
3.960038242174015413e-07
2.886362076207556337e-08
-2.779622499196241351e-09
-3.877088957565987441e-08
-5.382384648690721168e-08
1.148689292265511130e-07
3.740570498328319549e-08
1.502244955812193753e-07
5.412381267536196916e-08
-6.119945345267218255e-07
-2.811922229990465147e-07
5.565310922825259587e-08
7.719782803733364774e-09
5.615827260138756889e-09
1.963062535456629282e-08
1.198240142753300440e-09
-3.925607264451493799e-07
-1.473137568756369651e-07
-2.295579322343830838e-07
2.042380579233113153e-08
2.058687103814149613e-09
6.552222478056487026e-08
2.238944858796477312e-07
-2.469802306472032298e-08
-9.924613664407025204e-08
4.679444637056384090e-07
8.403292614729257590e-08
1.880068055845645995e-10
5.884863033303507178e-08
7.903545176218571068e-08
1.019751487416701144e-07
9.583978204661650448e-08
1.035160043698661478e-07
-3.195594733681814307e-10
1.491390055751485146e-07
2.316409034951257193e-08
3.417034212131077235e-08
7.356625696559274510e-08
1.565185798179956867e-07
1.961717494934901903e-07
4.001665105404390572e-07
1.642898288269445903e-07
3.035113727371305248e-07
-5.869642142385931369e-10
2.835655705664529342e-08
-8.501992091840609136e-09
1.220574412993256186e-07
5.465361312692868781e-08
1.308557097611590998e-07
1.615674518481699053e-07
-1.162312977787826545e-07
7.439726537194996427e-08
1.490735514537355134e-08
8.947253577300194064e-08
1.186613890347157392e-07
2.471697733713518763e-07
2.426426711442148323e-07
3.180049919737157919e-07
3.599083499268378417e-07
6.983118304313195051e-08
1.419136144101086159e-07
1.214178790908123546e-07
1.797247708225695661e-07
2.279495942500527115e-07
2.860774366696992888e-07
5.856108309885980475e-07
8.054620966154610156e-08
9.350702304838548212e-08
8.085056395438044044e-08
1.389300191243404166e-07
2.637886954689635889e-07
3.705691179236262609e-07
3.979325888787006321e-07
5.329115859924555914e-07
1.601094597630418140e-07
1.194560370032033294e-07
1.905850250498789846e-07
1.841178368318857701e-07
2.814059996894043196e-07
3.174453884267099195e-07
4.967245506607712010e-07
4.729868787718332625e-07
1.064845039552070200e-06
1.419086077684012715e-07
1.960021516426978182e-07
2.239013534110075946e-07
3.172244069040706364e-07
3.277803187578053614e-07
5.712202547576498192e-07
4.776352657385166019e-07
5.622254102748852186e-07
1.972111944149633406e-07
1.863121585165044902e-07
2.947163027777277193e-07
3.576589765457953466e-07
4.271259524928245943e-07
4.377249711054580482e-07
-4.477880470706261607e-08
6.779322546936088175e-07
