2.621975640862933440e-08
-2.363587295061473984e-08
1.365342569160648081e-07
9.871412697125524590e-09
-4.631997092121695988e-07
2.377698794454343796e-07
8.808168053630884807e-08
-6.506477634908708440e-07
4.923071141964757431e-08
2.796458712725651274e-08
-9.162639696104806515e-08
-3.577866004429412861e-08
1.275786713645493798e-08
2.755024287025703317e-07
2.753189594532362016e-07
-5.668142312168953328e-08
2.381076479821710325e-08
-2.653887733523411475e-08
-1.930501037389656197e-08
-2.354397787727329886e-08
-5.660599643738971806e-08
2.378526606645500649e-07
1.116628835906067037e-07
-9.391084562178138943e-07
-3.631348286799282760e-08
-5.839575429272375043e-09
-9.781541534723136556e-08
-7.997410415378968953e-08
-5.073105726824577327e-08
-4.666796036317923824e-08
2.293540467349247866e-07
-1.647497205120381197e-07
2.694378958698297504e-08
-4.313419078749958265e-08
-8.152741056662215180e-08
7.234275171280146364e-08
7.809412468885236092e-08
-1.836094184773188889e-07
1.111289207536455693e-07
-4.503188682251308173e-07
4.027498099556335282e-08
3.298935137495790235e-08
8.064971912195202913e-08
1.437768967702661371e-08
-1.688171752840200685e-07
3.842113131031276599e-07
2.301559877078886138e-07
2.255911756824155593e-07
-7.795315696684092034e-09
8.180977275634624765e-08
6.638246320963756125e-08
1.397604853740144268e-07
1.280401987436323041e-07
2.235960585351125991e-07
2.372083738827741563e-07
2.696336235509593831e-07
5.260649528018426846e-08
9.376801158736332061e-08
6.866437372888291721e-08
1.278530222261208191e-07
3.322566022736308643e-07
4.724355469348926079e-07
5.311151441999939760e-07
3.720802892806385028e-07
1.114465937774774186e-08
9.885446851969040426e-09
2.774641016852238046e-08
1.622881796419454832e-07
2.036139529174868952e-07
3.022164024223329968e-08
2.420166105142540615e-07
6.003475703836570871e-07
6.577875681644093415e-08
3.001928962760515316e-08
3.515221505583132481e-08
9.091896311888119972e-08
1.649934263694423243e-07
1.292461990970949619e-07
-9.862393668126733191e-08
-1.880609678835777256e-07
7.842017031541228374e-08
3.417435512059057473e-08
4.916793288271694857e-08
2.482160732261795856e-07
2.983100586186662218e-07
6.802721070549119906e-08
3.691449680215920386e-07
1.402937239458956152e-07
5.406241050384000215e-08
6.247392667959915413e-08
1.542699236272330885e-07
8.992380173286366378e-08
5.050429422062875747e-08
5.050339833613778842e-07
4.983648628008143614e-07
6.252541456648094439e-07
8.430805573016140975e-08
1.282570104848375742e-07
1.815803478691014942e-07
3.285031474301709670e-07
2.519768756948443177e-07
5.979138516944764688e-07
7.184457892161359700e-07
3.256424871502822448e-07
1.657199533021193072e-07
1.587652851440952407e-07
2.459719396162886432e-07
3.834140985982921993e-07
4.427692557130624421e-07
4.453115248780217316e-07
3.678024554526507109e-07
1.313818876699497483e-06
2.302261426298630156e-07
1.895064111656570509e-07
2.263697546850672667e-07
4.479941102873019388e-07
5.763141696763156131e-07
1.036555359128602377e-06
1.093293240894275593e-06
1.078528809430560325e-06
