2.075088482253611691e-08
-1.895322339782207923e-08
-4.081348812862400408e-08
7.503001130162766925e-08
-2.957348939668419756e-07
3.836656069457476387e-07
-7.609871194148000464e-07
-3.806129929732682980e-07
-1.355131371693312907e-08
4.847354948831917890e-08
9.051463085466766025e-08
-2.938819460941683983e-09
2.980795002129924754e-08
9.290163820254061658e-08
-1.560406088863747639e-07
-6.498247180779003429e-07
4.746500925942080201e-08
4.003960296629054613e-08
2.188064179104038740e-08
2.868898362794771816e-07
8.326856539435008491e-08
2.124551476233157793e-07
-4.900340804159689781e-08
3.436889631488122798e-07
7.579309231012814213e-08
4.233591272270837728e-08
7.118612150142304545e-08
8.780521478990167990e-08
-8.652842609936334636e-08
-1.439268410568612105e-09
1.237486022019286220e-07
3.677930100283402399e-07
-2.526592170386301212e-08
-3.460791871874413783e-08
9.847777682687354806e-08
1.556200423069505060e-07
-1.906836171783972377e-07
-2.030357652373768147e-08
-1.761037704019039641e-07
-8.209103371684029498e-08
-7.643151043422256814e-09
-3.530085326111355199e-08
1.522982718816940470e-07
1.633514788597656176e-08
1.841159371446577844e-07
2.390493092276512165e-07
1.398992728465210564e-07
2.058157838166351336e-07
3.918507187371908682e-09
5.413406182123888468e-08
2.018847367435466368e-08
-1.001778086613150216e-08
1.769818604728726711e-07
4.405582460864210898e-07
4.176624595292445245e-07
2.210147673762276823e-07
4.428388025133140715e-08
-1.251502508056158941e-08
8.834739267217361908e-08
2.270755112497400024e-08
1.684346523717812305e-07
-3.874541925993594065e-08
3.739853734502480657e-08
5.265354448106251341e-07
1.154790599124742167e-08
-6.203651337747848115e-09
1.972007613599105197e-08
2.114462384558355875e-08
2.711173664532341308e-07
2.019496622219179436e-07
4.478613718296792921e-07
5.110453982353644055e-07
7.148770918781419152e-08
3.357659582760889038e-08
6.795733684695603158e-08
8.089291273919921451e-08
8.293798694433475867e-08
2.931339818883129062e-07
3.205049794281559909e-07
1.500700562548148913e-07
6.099975675437351698e-08
5.607084541980431849e-08
7.270892247003421389e-08
1.894891625912328243e-07
2.137254391568733546e-07
1.919649347594719859e-07
3.214700406516896453e-07
-5.608831238896159173e-08
6.440439804108521400e-08
8.299955400232718218e-08
1.543679614609265709e-07
1.358990812820271579e-07
3.036086539478791954e-07
-2.928253742411643720e-08
5.536751926785497244e-07
7.926153804033159382e-07
1.548989259039393028e-07
1.103533600246541028e-07
1.940086721070180618e-07
2.217716989142927352e-07
2.908259544835515798e-07
2.999829579078761673e-07
5.631738177873905604e-07
5.030889468322260986e-07
9.645601342813880632e-08
1.481509097780433595e-07
2.348085314471836738e-07
3.470534839660458501e-07
5.823322006522209152e-07
3.630761555472411680e-07
8.172308539404822710e-07
8.083957021191048355e-07
1.329115887463932375e-07
1.441147936872835729e-07
2.793728852355352749e-07
3.970518047823378987e-07
6.678522450429917717e-07
9.663281416989248732e-07
1.024749951298533952e-06
9.265216789949604882e-08
