-4.600696087539065919e-09
-1.456294643028484269e-07
-2.070105066941045447e-07
4.899098729569432904e-08
1.818039708575366074e-07
7.157125383441007187e-07
5.699436157666931074e-07
-1.660738540185211779e-07
1.082315870047361020e-08
-7.057341914542078089e-09
8.817632965724016460e-10
-1.849002246103794459e-07
7.004554372047815224e-08
1.759887807019201076e-07
1.686269629830901154e-07
2.637220962564882615e-07
-1.552521546886589046e-08
1.984246550062877415e-08
1.252032501035156481e-08
1.434342438773241099e-07
1.548778365667816737e-08
-2.102235184638532832e-07
6.001826180628274370e-07
8.926022785387593730e-08
-6.355925063763598735e-08
1.578880657547270305e-08
9.832933086874371116e-08
5.965195624122024924e-08
-6.905086387938310094e-08
3.045172678473953338e-07
1.270555050935042854e-07
-1.044455958248733024e-07
1.736571402634720759e-08
4.252864331695453934e-08
1.525121670531986782e-07
-6.785839987337102914e-08
9.500963127878703758e-08
4.410603749973810177e-07
-2.304676719523729230e-07
-7.810931357585946658e-07
1.087549413180572994e-08
-8.896926986929391661e-09
4.581982892594597846e-08
9.720123283670239363e-08
-2.290759827128798362e-08
2.659613004975928778e-07
1.749039590402529107e-07
3.186323746579258248e-07
6.090891717763185807e-08
2.773548411124987834e-08
1.241353948797631136e-07
-1.938919742622252126e-09
4.845158982605455574e-08
1.307448122086413972e-07
1.285846861936147469e-08
-2.961389242175735064e-07
8.572579458967360976e-08
4.617384501544590450e-08
1.680545996977485581e-07
1.176489236197577770e-07
1.921560854663011476e-07
3.922601323458151195e-07
-5.450105741793811425e-08
-1.673108838827220527e-07
3.876286469331412010e-08
9.037086270304153976e-08
1.475958558165671544e-07
1.181471401754501140e-07
1.415674735896992639e-07
2.754627781095970885e-07
2.616642015776818377e-07
-2.841701706944241502e-07
1.002515941543092856e-07
7.634423758834597299e-08
3.259594471682264022e-08
-2.674561792150430276e-08
3.390954234174083925e-07
2.692459360652003417e-07
3.595163963972347173e-07
1.384662066023247550e-07
9.334184826548416767e-08
2.329422094910667815e-08
8.274668128792476354e-08
1.214784684392336212e-07
2.732408843846250692e-07
2.225760794811170328e-07
6.234495297090183778e-07
6.047248446210564420e-07
1.019272206684421259e-07
1.147906789333295857e-07
1.467726504969110193e-07
2.490990044497817086e-07
3.856644941659480715e-07
5.614990452478298449e-07
8.211783232398789929e-07
2.494521461277056779e-07
1.490204422052662146e-07
1.308122057560010421e-07
3.642546478795489721e-07
3.000408365063606308e-07
2.096436108082387415e-07
5.424121307242060183e-07
9.624121647318245698e-07
4.997221201187986388e-07
1.740691745730585434e-07
1.264750147065959405e-07
2.572721202938526578e-07
3.628240795470619884e-07
5.150922263092378756e-07
8.214015599712720612e-07
4.395838420769170337e-07
6.823532482999444734e-07
2.077437601205642744e-07
1.803049839148264370e-07
2.276565424268608951e-07
3.778929335734948300e-07
6.606499123178407240e-07
9.777939975075105003e-07
8.490769542910728060e-07
7.953310123556962201e-07
