7.081070439372037863e-08
4.331755321963444311e-08
2.063333759094236761e-08
-4.209034146951259394e-08
-1.115323551726197425e-07
-1.497425269034951517e-07
-6.812737990049897405e-07
-7.584544221623430415e-07
4.001216659425219792e-08
-1.745446957692069754e-08
1.463482913077223628e-07
-7.715717564920842245e-09
-2.200990486650245257e-07
3.678270084226772539e-07
-2.416302589512849782e-07
-3.649086835081263733e-07
3.789345790641237619e-08
5.692549996542760490e-08
2.521119626460351348e-09
1.429129276678856548e-08
1.359554053190910380e-07
-1.413415682496810572e-07
-4.549412208407619929e-07
5.598116102856008736e-07
4.910276184895095702e-09
-3.903222350238775129e-08
1.510180620632492697e-08
8.366952568980688175e-08
4.676831598450258638e-08
-3.402870166766370897e-08
1.110587910076388326e-07
3.406693085020924614e-07
2.276906023041498074e-08
1.925050430190696624e-08
7.010832486160933101e-08
1.727282656009216928e-07
3.383755221171914537e-08
-2.614592923283604607e-07
3.112796027991411793e-07
-4.054178522315740732e-07
3.367028961867396239e-08
6.907664223779011571e-08
-1.622470127949881865e-08
-2.192052543393203975e-08
1.166151012284930649e-07
4.413212695863359870e-07
9.418696944665307434e-08
4.757100888673218920e-07
1.277206520668065251e-08
5.093024031684735524e-08
4.291433525623857781e-08
7.840324139587330664e-08
4.326791452574699077e-08
2.805214758648002875e-07
7.092295305312771378e-08
-3.229211929563928601e-07
2.769636157389685474e-08
1.043699972529327895e-07
7.794878822054329590e-08
5.344702987564344520e-08
-1.161161366669450830e-08
-1.749229506461097852e-08
2.344789561554932964e-07
2.189883703381435141e-07
-8.422849840615081407e-09
6.557522124098497386e-08
9.326961590293221867e-08
6.304584123916981099e-08
-3.289822406003441283e-08
4.440017536082149310e-07
4.878884701342348353e-07
-3.620766094519521684e-07
1.487102479861036561e-08
-1.505649861851162985e-08
1.402481147434257726e-07
1.817460788594044822e-07
3.219883918776323036e-08
4.082528499535811467e-07
3.314821390440009574e-07
3.100450492064525154e-07
6.839961142906735395e-08
8.448074168482281663e-08
9.625905608548900369e-08
1.518890230689925757e-07
1.565897925311183920e-07
2.449985818905329309e-07
6.644048706309523320e-07
6.617584434946760104e-07
4.768465031657313188e-08
1.006949768095877995e-07
9.277042044075752927e-08
1.974904061174209951e-07
1.383930601551419125e-07
2.397755109549622148e-07
4.091540108974285179e-07
5.209415826318302769e-07
1.726049318948522094e-07
2.084934755677537855e-07
1.662995257119145933e-07
3.264607732490505808e-07
2.837439990215588671e-07
5.897291847833286898e-07
7.601209931790318040e-07
3.055020625732645316e-07
1.552913294237338034e-07
1.824258324960067125e-07
2.231856263490451689e-07
2.472945374470913922e-07
4.095359284082863436e-07
4.544205849880165152e-07
5.462429696139278620e-07
1.057558895982161930e-06
1.701703399307027625e-07
2.396038342691107709e-07
4.547024510407124391e-07
3.222754638958205670e-07
3.265420516177152275e-07
5.872244495013033527e-07
8.890541647021308629e-07
9.219538749203404636e-07
