7.701431221984685633e-08
3.810606567623934939e-08
1.547767572172789615e-07
2.156237561459330705e-07
1.716009986470524076e-07
-1.808216837641994159e-07
2.518218711866962378e-08
-1.410157400377339957e-06
3.132671092798182145e-08
2.088874568051427437e-08
-1.899093402724820611e-08
1.697365660205312519e-07
2.449580414722867037e-07
3.439313857166754019e-07
1.454579944113814124e-07
-6.518209690704194512e-07
-8.307623645227429902e-09
-1.663173098773496615e-08
8.773653350950279838e-08
-1.666959038433867001e-08
9.947631576212966144e-08
2.029565274076680110e-08
1.666381634037431995e-07
-2.613388901594382621e-07
5.859593914611669840e-08
1.162751299837791030e-07
5.868145306568467534e-08
1.618447916577699341e-07
1.639412960323860273e-07
-3.588881232641056936e-08
1.965990858564918863e-07
1.935924177186631532e-07
6.107885260072138408e-08
1.082257341412562274e-08
3.469316488578751472e-08
2.313713378101223939e-07
-3.519079652436431732e-08
-1.011119676831636886e-07
-3.000060258344671915e-07
7.563700389462962303e-07
-7.107430926756846439e-09
6.498487638288781974e-08
9.183135382521813672e-08
4.905400710414646881e-08
1.360112665455873662e-08
1.527364715102410139e-07
4.044020887269033982e-07
3.551591222703988604e-08
3.195007023274196339e-08
3.743202427025255370e-08
4.046399937693615381e-08
9.011297259629551019e-08
1.454180113841827773e-08
8.999077971328744476e-08
2.929830578171388703e-07
3.662908751933670644e-07
6.567453963496408038e-08
-2.311895105665213540e-09
6.374799147983297113e-08
5.299579928095014705e-08
6.973480168906887445e-08
2.099131646986776621e-07
3.125647260059683847e-07
1.274932666057905533e-07
4.849265985564362282e-08
4.834388456785980358e-08
8.324883034918795469e-08
9.798735569844477979e-08
3.061228176817525652e-07
-1.217249045974158935e-07
1.616823244561168284e-07
-3.999218060898883907e-08
5.058444777593523678e-08
8.604312102844293007e-08
7.073581173778183855e-08
3.640750465316754515e-08
3.649260149399089644e-07
1.537912485726508946e-07
3.008121862115407548e-07
3.098753850621304563e-07
8.288861095143037677e-08
1.326871331860759679e-07
7.949351981590841640e-08
2.041136446088256595e-07
1.611863476915236667e-07
2.169856885929362067e-07
1.385895877130898104e-07
1.729254940446808691e-07
9.029411863407750115e-08
1.401345247218815241e-07
1.242072126165256327e-07
2.339169087350347569e-07
2.023638336193700004e-07
6.645200217557277131e-07
5.247663785627611166e-07
3.002004325269629996e-07
1.264854629692431974e-07
1.246396771783666390e-07
3.317706719232929756e-09
1.992903977834770913e-07
3.445876234001445025e-07
3.148549522294200456e-07
7.007918932816425331e-07
-3.483017729662892416e-07
1.456229605456686503e-07
1.427583102718381247e-07
2.090249151938096252e-07
2.770193600397568508e-07
5.637549755750248830e-07
8.558314530716482781e-07
7.328332479145568299e-07
2.600035664277087216e-07
1.776324146688126673e-07
1.731411800937917394e-07
3.708752078515286545e-07
3.743152818421103762e-07
4.809559644108416420e-07
6.914323360276954842e-07
6.539910650099662893e-07
1.054012180056904858e-06
