-8.754943744904302479e-08
1.799387102935274633e-10
-2.122716137568774956e-07
-1.888855290391656059e-08
-1.909136276225539514e-07
-1.593677654417225693e-07
4.688703290123758045e-07
8.474717174624808751e-07
3.015358987429653361e-09
4.670570293627409437e-08
-5.054230528307200346e-08
-1.104434304143795588e-07
3.991171179267516787e-08
-7.106330404326749852e-08
4.568871772449384103e-07
-4.567606953751675170e-07
3.606279608750233947e-08
1.326933456859863777e-08
2.066861145207379544e-08
-5.811772359463973985e-08
8.149562829937243092e-08
3.079383655911964806e-07
-9.735189871279472677e-08
6.316837583973999888e-07
-1.833981677205123332e-08
-5.603288944131483009e-08
4.393523044710528560e-08
-1.003027124187711923e-07
5.258038226151003484e-08
-5.970417325621000511e-08
3.958974311533874393e-07
3.807848216657076685e-07
1.004545996266032865e-09
4.440001571031177306e-08
1.213236571019188240e-07
8.655966710333420652e-08
9.469473311377357086e-08
2.197688308080270332e-07
-3.398334972808421110e-07
-3.187711671364500063e-07
-6.233094158539742860e-09
8.222736862281093550e-08
-4.207272163837990941e-08
1.051479974624900596e-07
-2.674196190178416268e-07
-2.009994883591038354e-07
3.208681159157777494e-07
-5.026576426408913316e-07
3.181246702070428496e-08
8.825837663819149089e-08
4.449169628056020982e-08
1.637401008845689488e-07
2.482758127385543100e-08
2.621388268487110450e-07
6.634628548405858251e-08
-8.125637549749591458e-09
3.553612816192287715e-08
5.389103352766486869e-08
-6.370059307788560768e-08
3.502948635775552719e-08
1.501583108592074046e-07
-2.627094087792151728e-08
-1.255618522368121103e-07
3.925745912686139520e-07
4.151916719893305921e-08
6.059045984898435168e-08
5.467300204671763559e-08
1.366095957989211751e-07
8.192532355668224999e-08
4.472950541499598711e-07
-4.604243625709173426e-08
1.842249501467313330e-07
4.344522076136138161e-08
7.793858070825134264e-08
8.251838569757614607e-08
1.249142268941687445e-07
1.461991801681295439e-07
5.859944731855158274e-07
3.284424070939436214e-07
5.050222299749462424e-07
7.137852917625191817e-08
7.418346790403384076e-08
1.213659097327005099e-07
1.539203348134732489e-07
1.632767365739880208e-07
2.245223696874374268e-07
1.331110246299094327e-07
2.981438485016234238e-07
5.312316201659576829e-08
8.013103671524384825e-08
1.310083139162010768e-07
1.698938764635061425e-07
3.334534792552663806e-07
2.920590578071387045e-07
3.430118506393996945e-07
6.402855049526456416e-08
1.465209028675937265e-07
1.162144947411732076e-07
2.402866185004147868e-07
6.544040598154577198e-08
4.071454465439059948e-07
7.181647557267355383e-07
8.117154335886808792e-07
8.165510489265974314e-07
1.516904370192516567e-07
1.658719284053056307e-07
2.477945492719376595e-07
3.056973275636584281e-07
4.159730007877093159e-07
4.191272456307988629e-07
5.189883920579236673e-07
4.381987744451232180e-07
1.904499705188457819e-07
2.861741693288435049e-07
3.134310892358455786e-07
2.331104728358830745e-07
4.490304773723380295e-07
3.584802082166796882e-07
4.198133682064829554e-07
9.526217594148831345e-07
