5.178818137881513210e-08
3.706187932671443399e-08
-1.180520428263935708e-07
-3.392477480545331000e-07
-3.986211743861315916e-07
-2.747875781269930985e-07
-4.717344091781961002e-07
-1.163377219864132639e-07
4.003033417505216566e-08
-3.363295520085655520e-08
2.109781499303887676e-08
5.986247679006509439e-09
-8.569656614752186898e-08
9.964969176133290623e-08
-3.820260361132374068e-07
6.022471843626166959e-07
8.197375644457418088e-08
1.089351519905330150e-07
-3.901572521076169440e-08
-2.119769001527822054e-08
-1.285740168337945127e-07
-1.054385530216640870e-07
3.803465448640579634e-08
4.940911101613389206e-07
3.408018180624850894e-08
8.119344614555978741e-08
-3.694862929832790879e-08
5.010342909870434219e-08
1.819232637326134686e-07
-3.321959399378000542e-07
-1.561068712497797638e-07
5.492320975233444271e-07
2.467386273623699992e-08
1.014117257015233444e-07
-4.256751815016815473e-08
1.122584668687241059e-07
9.008508879609769689e-08
2.200344732465718389e-07
3.615646936874522247e-08
4.588798676731490319e-07
2.566379247061459642e-08
5.792240513225937806e-08
1.475727758078914208e-07
-1.297849610289168425e-09
5.528591180241178525e-08
5.569125046072520608e-07
4.578993518669444343e-08
-2.062319690207896925e-07
2.220835550408910969e-08
2.265046452789207547e-08
7.402066793744627101e-08
6.694936273861355296e-08
2.408825328660178641e-07
1.182114233663056297e-07
4.166070245838824957e-07
1.963734666914019496e-07
1.503374219690292134e-08
4.498496811436829953e-08
3.960228430855031700e-09
1.940700344142767811e-07
1.488122148324211837e-07
2.538805586182295556e-07
2.708338450907110036e-07
2.540023899307362751e-07
-7.189049926115521383e-09
2.971588259850760587e-08
2.779028685061788636e-08
4.276916553809853165e-09
6.719397632048864513e-08
9.820701163296718166e-08
2.967361412463031782e-07
3.108751459204672687e-07
5.067744299900663221e-08
7.616171539445784615e-08
8.445059146166804687e-08
1.450430832530814212e-07
1.445121371562670814e-07
2.299356239662316958e-07
4.028676614371127744e-07
2.953508357291778079e-07
6.188897757296253493e-08
1.313224345159555373e-07
1.092322037392940392e-07
1.931672603687965458e-07
3.137117672611282656e-07
2.636269622071287021e-07
2.482864196333440992e-07
6.379925728917391576e-07
8.023313429471089730e-08
1.568163267082487801e-07
9.864445961083435939e-08
1.224641065548613378e-07
3.190220567709454607e-07
2.455055701700631493e-07
5.059223606036221525e-07
2.986929220603997439e-07
1.332269311222449533e-07
1.862276078109330603e-07
9.827676524015331737e-08
1.811018123791512526e-07
4.027252943128067089e-07
3.834656354448660716e-07
4.949109873080155469e-07
2.482193558173583372e-07
1.274717377662290651e-07
2.201076160281089320e-07
1.863500985034716549e-07
2.017774472601135489e-07
4.769726663177650437e-07
4.391416190362683594e-07
8.178820685272657273e-07
6.431238485137347338e-07
1.495629018910184274e-07
1.939590637593742091e-07
2.086644787865431565e-07
3.239783440231999626e-07
5.295220070988100667e-07
4.290116615474985836e-07
6.674116766796429947e-07
3.422450497717038960e-07
