-7.967340903044615872e-09
7.120208799658877946e-08
8.488587064202001908e-08
2.110861769335166439e-07
-1.638817816729502704e-07
-2.348719792135827362e-07
-5.244658943813451040e-07
-7.375506254859597169e-07
1.128082521967261393e-08
4.836868993495911433e-08
2.453216675133190004e-08
1.102531776104301834e-07
1.452619948766099336e-07
-7.705015854914811828e-08
-3.858845952461148236e-08
-2.273718412968949064e-07
9.637025598163963864e-09
3.037701497241245731e-08
-4.021255191492201922e-08
4.389481428504576799e-08
-4.659752222534295578e-08
-7.826931456550092573e-09
3.231374036164226254e-08
-3.780082330340847420e-07
1.722268883367287648e-08
-1.875919949407328912e-08
2.097406437298240226e-08
5.153641886523309120e-08
-1.435701187688192607e-07
2.758807676633500235e-07
1.576427147703017139e-07
4.005985996408124139e-08
6.457766158156292066e-08
2.310235308628711468e-08
2.729639616741184229e-08
1.457570392306080372e-07
2.753855002742199497e-08
-1.156558120088089637e-07
-5.572633710713263161e-09
-5.557708674370146068e-07
9.128783180602219835e-09
5.519808676729839077e-08
-3.257198839705372663e-08
-8.053789156569848904e-08
7.800080301900401617e-08
7.853871736976618990e-08
2.266587973151611302e-07
-2.434767596401922161e-07
3.379539633748980874e-08
5.898937871866081044e-08
1.142164050098587308e-07
-2.266274282540767961e-08
-3.622432628276883235e-08
6.267775357189478642e-08
-2.697322410106196725e-08
-2.863730744392735859e-07
2.936281284945645666e-08
5.079050208378117501e-08
6.464929178636719905e-08
1.274378723142476534e-07
1.231781060783029619e-07
5.012758621978516206e-07
-3.699921183458175589e-07
3.411831659321206178e-07
9.894553166679411413e-09
6.442414844654315949e-08
6.433581647041445991e-08
5.432792733851213319e-08
1.719970479165690185e-07
9.682905724912842519e-08
-9.520576129184040324e-08
5.798862952274832910e-07
2.167817322642941277e-08
4.333977729532461615e-08
1.632651096566271387e-07
6.054006223516469335e-08
2.390955728768917006e-08
2.116914636814517950e-07
4.709519227610359179e-08
6.361116680604630237e-07
6.865915711387896740e-08
1.215367768166940466e-07
1.753391310633911034e-07
1.571979042774126059e-07
1.859490782259769137e-07
2.197112960811963033e-07
2.815967621828812827e-07
1.665068608733256093e-07
5.201477010597702916e-08
9.831541370804401888e-08
1.809230855800144154e-07
1.895612778907192388e-07
1.809665863009810500e-07
4.044544381710968475e-07
3.217579551535692808e-07
1.009043196388757723e-07
1.071185173243015088e-07
1.882564916668672885e-07
3.229768805838030153e-07
3.179315797558001923e-07
2.879400481209572958e-07
3.549183578506320698e-07
3.631721526748635083e-07
4.676019588651871798e-07
1.147424440698836115e-07
1.964710729532854576e-07
3.683757941175195843e-07
3.305137719978737199e-07
3.771330663666585341e-07
3.109911777404656034e-07
4.705371778332586631e-07
3.617716630316059097e-07
9.702322568159112406e-08
1.892998038088025729e-07
2.685690876128872051e-07
3.267044111376715410e-07
5.003031495594216274e-07
8.747189339583774739e-07
9.389325180353845163e-07
7.862181187799815652e-07
