2.994449288635710497e-08
-5.743615323035992545e-08
-2.413461016876811336e-07
1.066328256021276376e-07
-1.392292031223071412e-07
-6.061088533764973975e-07
-8.130003782251799591e-09
6.993138165171053081e-07
-2.187386800373640673e-08
-3.662814828304814578e-08
8.429995016362205364e-08
4.046394457680045225e-08
1.684388066181360258e-08
-1.792589243124984522e-07
4.722523278907394577e-07
1.239401601237667630e-06
-2.919660330592207147e-08
4.349639478443585691e-09
2.868819539508645248e-09
8.389666653597905587e-08
-1.142506744643256116e-07
-1.005516373636834620e-09
3.287259196941424404e-08
-4.791953911421949275e-07
-3.478822980334122472e-08
8.678860031896390014e-09
-1.059811719602430294e-08
-1.003540195924902715e-07
-9.705128035201421044e-08
-2.434069163225371398e-07
-6.288265120981350137e-09
8.168879993894701418e-07
-1.955890821999890829e-08
-2.067898447593261703e-08
-2.428605576105380010e-08
-1.310370778359073800e-07
3.366963679402443379e-08
5.808176330892293876e-09
-6.447765596501163611e-07
-7.462165528594510396e-07
-4.446356182641512902e-08
-2.619513812302254409e-08
1.671792522059419844e-07
2.619329175186663948e-07
1.196410653482738785e-07
4.733713459640152034e-07
3.657868666364541595e-07
3.293803010727944701e-07
3.782426801657411981e-08
3.573221648576809598e-08
1.094768644585391994e-07
1.915964397127016694e-07
1.139029870314871165e-07
1.199895475574550430e-07
3.686327392182633662e-07
-4.350027735255705150e-07
-2.917729974721221529e-09
3.517548468769745820e-08
1.635215432186245737e-08
2.423594671222871324e-07
1.436876907237761767e-07
3.355858488400451134e-07
6.674589369084035291e-08
1.139868189566793523e-07
1.290018980270873261e-08
8.128350007140084203e-08
1.339949285660400704e-07
2.071108274363621140e-07
1.394534799561858102e-07
-6.863780309080546135e-08
-6.303220588713173253e-08
-1.221755499449466738e-07
6.739887914518053860e-08
9.295306637520176706e-08
8.288877691012012331e-08
1.418677894386978840e-07
2.186248964839196178e-07
3.019376586675534324e-07
-3.233755561569253480e-08
-9.793280323221581057e-08
5.285757988943449416e-08
2.575273302639534987e-08
8.147334348789491287e-08
2.637286948337730902e-07
2.840396996818892771e-07
3.299396314327872889e-07
4.327251309761848257e-07
2.162221893258856160e-07
7.288182810419430552e-08
8.183700828183705384e-08
1.459304658675584380e-07
2.728958638957903772e-07
3.263901130720712138e-07
3.055724574789297081e-07
6.011641318424833954e-07
2.636454127298045287e-07
5.462002481025291365e-08
8.968489392446951426e-08
8.728759236456449868e-08
3.491893067634635542e-07
4.708610218327608327e-07
4.111075633248469099e-07
7.070921031697095289e-07
5.853022251734909339e-07
9.668607579370058026e-08
1.249102999619930769e-07
2.058680621033489127e-07
2.684225110341152252e-07
3.890473252229130161e-07
4.522753799648764491e-07
3.320385396369400250e-07
5.280385496009650449e-07
2.071997186636983687e-07
2.049511365846992834e-07
1.754873172589436367e-07
3.992631976900954700e-07
5.099909817855741302e-07
5.320608787744358938e-07
3.950793206541580226e-07
9.982161594099943247e-07
