8.007813728899458352e-08
2.773439140786043043e-08
8.210362584263170593e-08
-3.517752762927792745e-07
-4.720788125724728103e-09
6.371549437558105646e-08
1.070733733181384319e-06
-9.355051929141905566e-07
3.169832233155439152e-08
-2.451797584949867692e-08
4.768587748024678136e-08
1.207133211897338484e-07
-5.870163832853551495e-08
4.808967860722735224e-07
3.054947433678676971e-07
-1.094886219519871317e-06
2.219227141960064179e-08
-1.422134400812568225e-08
4.420067479928609228e-08
6.059671560208410331e-08
-8.952961609541645330e-08
-3.172873024303526494e-08
2.556146383222980349e-07
8.158029099860763208e-07
2.435089829837034813e-08
1.306605121727485227e-08
2.771707367897966772e-08
9.458918150996242842e-08
-3.001273009185972930e-08
2.522211174887848025e-07
1.394197989175401506e-07
7.766178339388964259e-07
6.033645597001333120e-08
4.600596571521302190e-08
-1.126698303652106508e-07
-8.080770705068392431e-08
-1.117426574980269676e-07
-4.637331366409297450e-07
-3.241811192404823858e-08
5.837151435595803509e-07
-2.213383011777230499e-08
7.781805228254574547e-09
7.304350883545837848e-08
8.680880509540489495e-08
-2.192345544851257468e-08
1.982964182375453594e-07
-4.310273974947787813e-09
-4.101381835857157309e-07
8.580248556164103987e-09
1.158594467376672380e-08
3.551083775969456989e-08
9.751290040749343157e-08
1.846901424818048676e-07
1.500393911879781309e-07
-5.869534267473255609e-08
1.570521453698471879e-07
-8.362756723203031978e-09
6.437951982155503030e-09
3.067630917246624328e-09
1.725424967987187538e-08
-3.762807898125173954e-09
1.293753698015033586e-07
-8.458423779811435703e-08
3.727649290008077488e-07
-2.518928209750697063e-09
3.694774647839005999e-08
1.365335832775734575e-08
2.502011422976646000e-07
-8.686010984185971660e-08
1.943195344643543004e-07
2.155785250525577311e-07
4.296386745029304003e-07
5.760404506746049843e-08
8.366136440533900835e-08
1.041695525082863020e-07
1.640780278298847526e-07
1.670486527678837112e-07
2.194813149160048079e-07
3.692414248241977003e-07
1.564819169433975539e-07
5.295202499059193357e-08
5.424625328373968503e-08
1.205556231850229851e-07
2.629682645343894145e-07
1.213541990292146923e-07
6.058261074777103090e-08
8.084105696418305040e-08
6.315819730882110221e-07
8.873024375860024171e-08
1.100576639272726699e-07
1.700023613929889580e-07
1.466764814273799832e-07
1.164911410584897055e-07
2.658843516614544373e-07
4.542794350274023404e-07
1.769747181203387295e-07
1.160169968863224096e-07
1.558758302107661803e-07
1.567222683873268965e-07
3.008986801855308978e-07
4.337443412066035009e-07
7.750318277090818087e-07
5.506232057658216211e-07
5.518916043123545124e-07
1.222326407140680159e-07
1.993926050140295794e-07
3.414573258340402288e-07
3.914657223093552163e-07
1.698309139247385943e-07
5.306941760156828188e-07
8.474429590746832229e-07
5.470384927570906372e-07
1.978470863005181897e-07
2.339555725926396676e-07
3.188100612505805000e-07
4.108787793883406794e-07
2.883264766703818074e-07
4.991446673123629309e-07
7.853877707529379937e-07
8.100271284118742364e-07
