4.894598711094925200e-10
7.865279863806840185e-08
2.586017194059986030e-07
2.881899726020389304e-07
-2.585090539484538493e-08
2.917635676558488054e-07
2.400565187197501156e-07
1.269965829137399272e-06
1.016355362168002090e-08
2.211509591803970302e-08
1.769005884581423778e-07
3.015543321115840853e-08
-1.103121726157904155e-07
-3.339561755548427405e-07
7.339521978389331483e-08
2.532181641447678807e-07
-3.776609656432666133e-09
3.094124972292905692e-08
-1.262280744899133821e-08
-8.287731183077672876e-09
1.449881149290517341e-08
-9.558955204639003621e-08
-2.610848299175190057e-07
5.632454488714480062e-07
3.874073297181210691e-08
2.367194239741992108e-08
-1.531678437572866947e-08
1.258139254435361603e-07
5.963470913871122140e-08
-6.290966430599233066e-08
3.456011332253733963e-07
4.202540737540793655e-07
-3.234802522303117091e-08
7.127567643511203545e-08
-1.477407753896247700e-08
9.161505949549197906e-08
-9.077348202436142499e-08
5.058546787810388325e-07
4.254862004946260675e-07
-6.160286349478459741e-07
7.684582967084060526e-08
6.600207519135990179e-08
9.268415646676798240e-08
1.614818794095009379e-07
1.507169634335913585e-07
-7.872864749729387024e-08
-4.350218825915916710e-07
-5.021535108028061349e-07
3.182529359592425254e-08
6.632089938960670700e-08
6.075324954573113007e-08
8.779936932151895591e-08
2.744762142094895493e-07
2.055649550542857827e-07
4.076699735839366308e-07
-6.854470994570049256e-08
2.151589593660791079e-08
1.143731506726948817e-07
2.426163937875973895e-08
9.263450116961957696e-08
8.924987546001568414e-08
6.395833570004413721e-08
1.113754547207561990e-07
-1.847969835748767894e-07
3.125416224272365884e-08
6.743254584231536708e-08
3.930645655580443273e-08
6.638467046205385475e-08
1.401447782596968645e-07
9.824845503249925475e-09
2.772499517723731393e-07
5.190659673874101425e-07
2.973397699496273084e-08
5.269070961573012168e-08
1.432415244593291593e-07
1.241354135557998677e-07
2.547838921952717916e-07
3.415797673338828323e-07
6.624794702658311493e-08
3.933889491378294691e-08
5.855201194265848765e-08
1.220777859219751706e-07
1.186792357289547336e-07
2.069566399538650363e-07
3.070055947972903544e-07
3.620309939130594522e-07
4.531726045065228407e-07
8.043101767529068712e-08
4.069180347370332605e-08
1.283070701820292609e-07
7.592287599328464122e-08
2.201272251967618017e-07
2.718795807863622355e-07
3.632227957117516413e-07
4.551238087778075497e-07
3.733994280208609241e-07
6.280615554589014899e-08
1.906207670240962595e-07
1.800375921963857695e-07
3.591782519730931807e-07
3.584803900064109308e-07
4.068897755227758082e-07
3.316021481927165006e-07
1.398606268022208056e-07
9.519955747462341075e-08
1.924231647034081759e-07
1.569066304038714482e-07
3.298706702981423860e-07
5.998268123816629028e-07
4.103400618930893744e-07
8.580614414716195621e-07
5.708609465903839841e-07
1.786107297359064929e-07
2.291929938540666103e-07
3.474206241513428811e-07
1.934334911924335938e-07
7.801832068890635939e-07
6.367706215959776026e-07
6.713623977378860924e-07
5.766899392438414640e-07
