1.790146815800978058e-08
1.278206175921329705e-07
1.354898316923845900e-09
1.587774351683902650e-07
4.943772085342912246e-07
5.713116134579653299e-07
-6.851962690912511106e-07
-2.345948129960840137e-06
-2.358087563096399207e-09
4.608971514936421787e-08
-1.990558538184116861e-08
-7.745982334201607510e-08
-8.797708410128902823e-10
-8.541587182454914315e-08
-8.824464853338217975e-08
2.310681263166535218e-07
-3.374003527173050968e-08
-4.781319400627107628e-08
-2.027906862864007108e-08
4.551413112006376890e-08
-3.707202589341370607e-09
-6.597645735787160359e-08
2.666973956349224433e-08
-1.599157028301351082e-08
-2.610893399831630153e-08
-9.713832017290152891e-08
-7.009065985314846814e-08
1.782279669236978483e-08
7.584140956251976701e-08
1.625098909184822827e-07
2.450273302327387337e-07
-4.234735750677451302e-07
-6.273716099307335127e-08
-1.443759962689666243e-08
-8.507975072531671939e-08
-7.319485707231265726e-08
1.459021701825944025e-07
3.803964341458223597e-07
-1.067823468141169895e-07
6.326925486831806319e-07
-3.955757712249886113e-09
4.269263942856276963e-09
2.378527777907444820e-08
1.873127499594484805e-07
4.831020347484474687e-08
3.208612840817159434e-07
6.648254272376284622e-09
5.130175095232125566e-07
1.435986338819237429e-08
4.293482321552135288e-08
4.830910310231477969e-09
1.006327094230827680e-07
4.536924001040551972e-08
2.510028152362490347e-07
2.887406347234121418e-07
9.167294105352422446e-09
-2.519024128174889678e-08
4.212627470504706174e-08
1.502261688348739732e-08
2.515316692184470400e-07
2.233627730168440014e-07
6.384304647603104011e-07
9.802524098623736237e-08
3.727727326388787623e-07
-6.459037226666784656e-09
2.179702659609925953e-08
-5.847944955606992143e-08
2.680005211076081260e-08
3.156707900406171099e-08
2.515241615997387381e-07
1.615805693390862355e-07
8.440561252875976241e-07
7.424076658206559066e-08
2.151506431167429453e-08
1.119084424021210440e-07
1.796700036609981790e-07
1.693870139316216287e-07
1.585929788989508481e-07
1.357592344096854513e-07
4.352492749482471342e-07
7.402745075267060124e-08
1.355276417510085434e-07
1.406189673435785692e-07
3.071142783130948853e-07
2.697561801429519123e-07
3.882132246616572477e-07
5.075221250631103207e-07
4.037307378922906615e-07
1.098347170687753262e-07
7.638814442628860244e-08
1.190865554248045460e-07
1.990198260843162756e-07
2.679662426864779678e-07
3.852445818181063702e-07
3.456274786219178631e-07
4.748307078270955862e-07
1.662168492959333736e-07
1.831575950962437923e-07
2.272487155013896362e-07
3.185960788850929645e-07
2.117129374524208586e-07
2.129682183774327742e-07
5.069333278784790972e-07
-9.167943136711354062e-08
1.481286873002361406e-07
1.534639972876123858e-07
2.284700528324477385e-07
3.473822143655241135e-07
3.634020722285285200e-07
4.764761955989389065e-07
4.192532945073665778e-07
1.176500469101349809e-06
1.657349902639579772e-07
1.877248813402235023e-07
2.887761917709500351e-07
2.492941978950064668e-07
6.064874039664500634e-07
1.014775257524591365e-06
6.839487340922455872e-07
3.093435437545984953e-07
