1.438883836627683948e-09
7.678021072953872817e-08
1.465584895947581019e-08
-4.172856524576014004e-07
-2.255781053676035843e-07
2.261308447546280236e-07
-1.061713360275221447e-07
1.367546810501389727e-06
2.582063506694171148e-08
3.027901112926654136e-08
7.873240639641784839e-08
-1.786055386454116133e-08
1.288142288576187526e-07
-1.465457280691735413e-07
3.295544774953484913e-07
-2.254176094504827188e-09
9.822573172460221860e-09
5.703200119457888108e-08
3.540381122528477715e-08
-9.612759927563141655e-08
1.320945717774503601e-08
1.442589253352598103e-08
-2.496986420536510303e-07
4.750888127814970218e-08
2.459604297601332841e-08
9.487211841972550687e-08
9.251194507951425227e-08
-8.853967118033049055e-09
-1.047409387283506990e-07
1.797675796429952506e-08
6.533513960639655382e-07
3.985055928571178116e-07
1.326841875819799224e-08
5.073049908389205080e-08
6.244003550872326642e-08
8.539275554618091346e-08
-2.117701134458412009e-07
2.881729144526625743e-08
4.871895479937662198e-07
6.052584497151563694e-07
-8.942113485113081342e-10
-4.917150575050389754e-08
-2.916228288909788445e-08
1.198209106090332484e-07
1.132586524644246480e-07
1.288253964652065330e-07
2.063172946463843299e-07
-1.310002715681241871e-07
3.574080047978274612e-08
4.919197695223616016e-08
2.650655229372312350e-08
5.071435899123152683e-08
4.303113709111132792e-08
1.887916161816329781e-07
1.568531272611846135e-07
2.035602216431515993e-07
2.429914304572201528e-08
2.136677456441095083e-09
1.280953836781031542e-07
-4.444191542119003598e-08
2.269254761532672849e-07
3.272711275549441210e-07
1.205633967845042335e-07
-9.450768647204340224e-08
1.532028773755286319e-08
2.097075964823661302e-08
-8.900431763937594396e-09
6.578370535798178984e-08
2.708894377730138961e-07
2.148835984951715480e-07
3.138968547402627450e-07
4.312624688375728773e-07
7.529764486497918917e-08
2.775385683583984228e-08
8.901497980222568183e-08
8.099681530241218734e-08
7.579430785810492407e-08
-2.708502267764846775e-08
3.601428398967828145e-07
1.920394640705693115e-07
1.190067188131361819e-07
1.505405101636619265e-07
1.334235370417101312e-07
7.366183287257062086e-08
2.077839638043959832e-07
3.842999256530918493e-07
4.046842188844162659e-07
6.327420859396085459e-07
9.579462188521598165e-08
1.153121833443360017e-07
1.040857567443617392e-07
2.595771880646455174e-07
2.017622172243918094e-07
5.060887938287205349e-07
4.702137508950832974e-07
3.394998191520759458e-07
1.717450164396916121e-07
1.527826941763886034e-07
2.834198018293911027e-07
1.568888679734356642e-07
3.510272845993216378e-07
1.154243258265206973e-07
1.050324972746423731e-06
2.739032433595031190e-07
1.578847381943049275e-07
1.799027945316621862e-07
2.651516611702310755e-07
3.842145749273312401e-07
2.597930876397904022e-07
4.290078447593261952e-07
6.854332853177946608e-07
1.149878841745847028e-06
1.663997767704299237e-07
1.710175363798357133e-07
2.933638774400778830e-07
5.972074767726623840e-07
5.328805074854779170e-07
8.223010792236558150e-07
9.617417363871101824e-07
8.347030551923257072e-07
