-1.850675565765054112e-08
-1.107912197040223690e-07
-2.187671342062839679e-07
-2.950110288587465819e-07
2.467678339821710250e-07
2.382635615204053871e-07
4.049503366542231395e-07
-1.041769071065684449e-07
8.867542638915799007e-09
-2.717568240662073638e-08
-2.218717237036262566e-08
1.413558444282993264e-07
1.948079851967023370e-07
1.009977615998195081e-07
2.538384764122295272e-07
-2.277665598529512118e-07
5.008710747389542060e-09
-3.646154337028471694e-08
5.831984464526192903e-08
2.315485728981097820e-08
3.118242558116513475e-08
4.958301311280505092e-08
1.607434922268182545e-07
1.217302395001376303e-06
1.727513333788310716e-08
1.048971521423030820e-07
8.562150269510220003e-08
-5.414786129540890275e-08
-4.361802513270289681e-08
4.495415228443427469e-09
-4.487387213132208719e-07
5.040429172610565064e-07
-6.953422095332825311e-09
5.672880046623965783e-08
-6.963302600995400090e-08
-1.656461339154165698e-09
2.737204248430897390e-07
1.860585880270751167e-07
-1.728173313857122165e-08
2.418803824214769262e-07
3.628425659661813651e-08
3.239961539177720807e-08
4.598020427330575938e-09
2.335244354801883084e-08
-6.233964428332608213e-08
1.266622924610752645e-08
3.303472062190451747e-07
-2.895398178272348311e-07
3.329887652062768874e-08
5.045850468179002380e-08
5.049429659804204426e-08
1.216477167602791783e-07
1.373548494340882749e-07
1.680162576036399023e-07
2.327626064798986705e-07
2.475022012283394390e-07
7.042611219010395276e-08
9.336288531731939365e-08
4.978314491019241829e-08
7.471853303982033798e-08
4.043971894375671244e-07
3.248171400389200731e-07
2.866500617445945284e-07
-6.270980339253276523e-07
5.620226506940649946e-08
8.741646070333486103e-08
6.525180954090439039e-09
3.690611662002896143e-08
2.234468315838219833e-08
1.924160496745013221e-07
1.617426047946896867e-08
-4.596227820146657028e-07
5.204992630480106303e-08
1.424927596083460542e-07
5.179366925455312474e-08
3.196848164891881965e-08
3.271963033286396261e-08
3.239699718526212563e-07
2.104391754150979145e-07
-1.692868208978763196e-07
1.091591752585804491e-07
1.500717746811649400e-07
1.218533985814399835e-07
1.524534958536312191e-07
3.034141456293122763e-07
2.315792383251659446e-07
4.678661089945258780e-07
4.754293903694085122e-07
9.393911849806250281e-08
1.957341199627205806e-07
2.126669171633881005e-07
2.645031835521469747e-07
3.663739468766360456e-07
3.955706767393524064e-07
8.045644567552659440e-07
9.265990775128340722e-08
1.968619076938450929e-07
2.248048352433928170e-07
2.354685485589650661e-07
2.954304917020469266e-07
4.307472604180121649e-07
4.341679117708822188e-07
3.304162555573382402e-07
8.784370551844111237e-07
1.488915609555272529e-07
2.126541807774126200e-07
2.268097001178202723e-07
3.391878033226664343e-07
3.369470807837198866e-07
7.250071714666009235e-07
4.918766982051089960e-07
4.496836279001313404e-07
1.524528269375828599e-07
2.164151616400302158e-07
2.917281434850558187e-07
2.509987703804140334e-07
3.938335321903755528e-07
6.257039795281593795e-07
8.973390731464176249e-07
1.015055916244963404e-06
