1.149538651026191548e-08
1.146751456079111748e-07
3.342417242443258339e-08
-4.504372921032955612e-08
2.948327071801811923e-07
-1.041734590850978532e-07
-4.366388743039571140e-08
-8.331373843236408015e-07
-4.702657871636402592e-08
-3.731604985970835905e-08
-1.060185740270806304e-07
-2.477344798267211010e-07
-1.842231065624298062e-07
-6.924189836899041723e-07
-2.723524850158691506e-07
3.413050469090824047e-07
1.420715279350378851e-08
5.062698448708104422e-08
7.751614795318476522e-08
3.736263047583189822e-09
3.369308949664564010e-08
-8.020553153647734638e-08
-4.957300817174054953e-07
1.031512349235149476e-06
2.731320604223529013e-09
-7.819957968379045503e-09
-8.347079508493508162e-08
2.174782974552154134e-07
1.631356231923997171e-07
-1.154466111539605663e-07
4.769224016255213240e-07
3.167009608640066523e-08
-1.672764538786047477e-08
-8.777646118253378300e-08
1.351485806735585481e-08
2.606734155128366447e-07
1.993096363689779734e-08
-4.171123539822704855e-08
-1.801542311491723262e-07
-3.229916342129864946e-09
-1.345316012159490102e-09
3.590188070197019813e-08
4.261879420696322285e-08
1.587201502025158328e-07
-6.352598048324620904e-08
-3.441754426882659239e-07
-7.294817435975286073e-08
-7.926267227418507169e-07
8.543062719256749046e-09
4.545849812914699675e-08
8.777238846600934190e-08
1.076353866794465071e-07
2.143459875321224673e-07
2.150039722799342397e-07
6.207997127424145988e-08
3.059815607543876452e-07
1.853817726623555503e-08
2.805269129104696994e-08
1.171560910514742249e-07
1.591265217130355930e-08
1.258028023269009324e-07
1.846794600160652073e-07
4.923041197633827731e-07
-1.004559583469887835e-07
1.237294385939381424e-08
3.953125728708470239e-08
1.351369179525413740e-07
2.486809258029340242e-09
2.062289437275627534e-08
2.926858981261668331e-07
2.364062408690273785e-07
3.406043079262173185e-07
2.689358033234455465e-08
8.933520087171772052e-09
1.257175709908420321e-07
1.257255380758115815e-07
2.008095696461743646e-07
2.029803829882685091e-07
2.894295094969338854e-07
5.140798540384397925e-08
1.101473308887353897e-07
1.263493216092771402e-07
1.853536719699441820e-07
1.754731903800014266e-07
3.053025092289178106e-07
2.232101595368854736e-07
3.242295040120774586e-07
2.897159641665345126e-07
5.961592692664902050e-08
1.247254862497437631e-07
1.798812672833131287e-07
1.626909284009632562e-07
4.072610248108404643e-07
3.981401184218432608e-07
4.474126900477357838e-07
2.137124931065667138e-07
1.143935400088812305e-07
1.431608740082548524e-07
1.869559790887353303e-07
1.942338958206867885e-07
4.515643734937720689e-07
2.391856914734742114e-07
7.272016198132973687e-07
1.403548924622614750e-06
1.386925424435873059e-07
2.323752948271377008e-07
3.432325219560257289e-07
2.536246455474994710e-07
1.470410979553966589e-07
2.772645005636569111e-07
8.304239770393643420e-07
1.705185616705955921e-06
1.511907427651894318e-07
2.301329870471766838e-07
2.625346584384210422e-07
1.852078240901616511e-07
3.391171222945420731e-07
8.380555369718827793e-07
5.933022890796759861e-07
9.824689827849579743e-07
