2.177575976179261976e-09
1.422888577084365148e-07
-9.633130681748756695e-08
1.670531337771314604e-07
-3.968598007072168555e-07
-1.230721568790406500e-08
1.164226932698644929e-07
1.926777313244358516e-06
1.185293406640426869e-08
-1.718017292242913086e-08
4.115668511126643131e-08
2.015728910223768993e-08
-5.583543644959912944e-08
1.310869894729217623e-07
5.105876504129860741e-07
-1.139099049383242036e-06
5.265619180440783711e-08
-1.945511945730755543e-08
-8.055844574626485744e-09
-1.029137409216615932e-07
-2.688052817886769209e-09
-1.236818557792762527e-07
1.692524883391046467e-07
4.082077929971895596e-07
2.707440041397874026e-08
2.720218459637790541e-08
6.751425057046342716e-08
4.710700709392885843e-08
1.194693424488029672e-07
-1.163531942788199912e-07
1.198049778212064915e-07
-6.598271591634361626e-08
4.682496803899613342e-08
5.549187030794613011e-09
8.123899759761005977e-08
2.390928288646291637e-08
-1.086038780867317187e-07
-2.190061138189714691e-07
3.027944424227097740e-07
-2.684527470851560973e-07
4.001631932694941531e-08
1.721655681478358259e-08
4.422173173728033475e-08
4.980477445780469395e-08
-1.495870498252245426e-07
2.623821140191061415e-07
2.575666440785812038e-07
6.234842263897636919e-07
4.631166519715687819e-08
4.093362855452569804e-08
2.109725067768861526e-10
1.292274232731049906e-07
1.996137207869860074e-07
1.424795097531156364e-07
2.945450184615270578e-08
3.567404966175058149e-07
2.553850688447029072e-08
4.018607537672120613e-08
1.843146678185937791e-08
5.274745051607167803e-08
1.443904106525468136e-07
-9.072847547231498742e-08
4.653661897347061448e-07
4.647543557837038915e-07
4.978591235939235224e-08
5.053698452969159633e-08
1.496093608074734204e-07
8.293093202740226503e-08
7.270349921602554530e-08
1.575440605921587519e-08
2.479098364839307695e-07
2.541790631507022022e-07
4.073397430853624857e-08
7.417597412941351883e-08
1.625946373906739502e-07
1.281078828936494785e-07
1.032764352157073633e-07
4.441564602521345484e-07
1.767640023803430334e-07
3.868813747443558139e-07
7.872447225681656700e-08
1.178335400602335390e-07
1.683582710351305673e-07
1.519605754148490636e-07
2.779471701272691110e-07
2.670059716643671716e-07
5.311201930289025303e-07
4.969911347472017396e-07
8.415367416554492224e-08
1.357225893752092534e-07
1.349464578167085718e-07
2.013748248301256519e-07
3.249013396582151065e-08
4.797964789138164962e-07
6.800107485028635284e-07
4.881279202912022935e-07
9.282188061019700012e-08
1.693217964232395338e-07
2.078942927989684025e-07
2.748271017013410558e-07
2.816053510726179498e-07
4.944861522455024880e-07
2.468408221304193266e-07
3.663604572248221547e-07
1.494753577690912301e-07
1.944583934705318078e-07
1.732483376960453230e-07
2.944935240886714426e-07
5.167728920633023686e-07
5.762526942794157547e-07
8.190178082283956849e-07
5.468523829341643296e-07
1.951357667153947158e-07
2.092374921940880649e-07
2.122991198788757172e-07
3.649522232813060602e-07
3.694568062716932643e-07
1.078893301687287515e-06
4.747255063007650611e-07
6.834151691549167804e-07
