8.907487417364673192e-08
-4.899998272804672481e-08
-5.596660271482478212e-08
-7.911539196386074697e-09
2.347531731890102968e-07
-9.263712743317518543e-09
2.681742299514169863e-07
2.045841663970601930e-06
3.120440897585919113e-08
-4.197415701642058363e-08
-3.351388147376900277e-08
-1.578240919611397303e-07
-1.436016616839897248e-07
8.485057922598164521e-08
-3.556149818541809083e-07
-1.703664925698934446e-07
1.750128494893362161e-08
3.059720587017228111e-08
1.359485766280416239e-07
-4.886993372104331653e-08
-3.153142132721533722e-08
1.193338426282364069e-07
2.217009962311821513e-07
-5.915041681763611017e-07
6.434890602928178920e-08
5.491278383027562835e-09
4.320143455142892100e-08
1.082974833597858325e-07
8.421149692568031186e-08
-3.676421611190713447e-08
2.160454975468536322e-07
2.555592682970227819e-07
4.878593965902302081e-08
9.960238198203182735e-10
9.625740955873517315e-08
1.971729835082213625e-07
-2.983425043784935763e-08
-2.956101191371100103e-07
1.624983616802607258e-07
-3.790117761577433039e-07
4.835375899540643115e-08
9.202968363775245295e-08
1.160636973015235846e-07
1.053795157090385570e-07
9.393601103717507340e-08
-2.068028861521438850e-07
2.700643730612343463e-07
1.734532492045198785e-07
3.848590801584235014e-08
7.530947233478254067e-08
1.240096133290186548e-07
4.861342763875395161e-08
4.809677587128622847e-08
1.408411288320111337e-07
3.808075236707036580e-07
5.917528877619354434e-07
5.144431325019197742e-08
6.670215519101383457e-08
5.233885021020170940e-08
-2.715910982306416168e-08
1.299886677926983478e-07
1.343827235413891227e-07
2.346781530994585603e-07
1.765000744486914601e-07
6.230595707208086771e-08
5.582239312098461898e-08
1.246793335138162122e-07
1.608800343884020209e-08
1.970513203936238387e-07
1.417352390766441584e-07
3.272700410085265329e-07
-2.265998440675834295e-07
8.726162102939407392e-08
1.079119934014913619e-07
2.738597976270222239e-08
-3.989497437485899606e-09
7.847902535606544889e-08
1.984521752497267356e-07
5.539101421536780881e-08
2.829932866521883472e-07
7.517871853185543907e-08
1.293811117823081071e-07
1.144490395943665566e-07
1.147769372839831802e-07
2.446217140737382942e-07
2.086091853737697206e-07
5.210411495238476831e-07
7.758241902109768757e-07
1.247434103971882799e-07
1.289695190497360525e-07
1.041790897528157268e-07
7.259705513884274145e-08
3.340345071102732852e-07
4.716041888932687826e-07
4.122699475408666331e-07
4.527650782913157367e-07
1.565703916479132566e-07
2.051314116652388923e-07
2.216803373545977855e-07
3.461191090247654721e-07
3.190872473695075880e-07
5.142270135206026856e-09
3.528655758998395735e-07
3.747551492309047094e-07
1.558938657892412056e-07
1.807546979557171664e-07
3.355275166143698081e-07
3.500871835416095744e-07
5.227680348560158150e-07
4.810503042142593933e-07
7.621488583209815128e-07
8.264713585356283957e-07
1.840970606156559086e-07
1.354994607783136033e-07
3.763910266075934225e-07
3.322984249698080220e-07
5.535093468569064873e-07
6.595012794370398610e-07
1.211689734942052264e-06
2.292881366712468271e-06
