5.879426969769497705e-08
-1.028632000372219730e-07
1.379334636027626018e-07
9.233560636840657835e-08
8.271904793579776447e-08
1.057500683256810704e-07
5.584402412572022861e-07
1.441984103536900257e-06
1.333521908742306487e-08
-4.245229334252450272e-09
1.906821588022422260e-08
1.183042829191936319e-07
6.538242354652329497e-08
-2.101791028569208575e-07
-6.843071822136117695e-09
-1.479785530278153684e-08
-8.307272272140883195e-10
1.887069650900519925e-08
4.125203070238340440e-08
9.654324032004291893e-12
1.518528425918437173e-07
-3.132725034127280524e-07
2.858647048315124556e-08
-2.190385924590762493e-07
1.038974813153477507e-08
5.183982678735481457e-08
1.267890563449482411e-07
2.296088251022527275e-08
1.310619549940612219e-07
3.087130017308344231e-07
-3.866819114448478496e-07
2.756021755924928842e-07
-2.156046059757632813e-09
-2.527666554424816029e-08
4.498056853770218492e-08
-5.537821492179923859e-08
-6.434881080293409758e-08
-5.823227702077762609e-08
3.746701773135244935e-07
1.446241296451786464e-07
-3.006690730770337330e-08
-5.532275411654813975e-08
-1.380342728317312816e-08
2.086127958105412996e-08
1.115498752462453548e-08
2.273950823984770799e-07
-2.215456742098720262e-07
-1.312487150683388200e-06
4.771718357375019951e-08
4.691768684685511283e-08
-3.935860736250869305e-08
7.652245725508155538e-08
1.990859603673684601e-07
2.323233473609199149e-07
2.356923067751471821e-07
2.673077941159368614e-07
2.034494786839242242e-08
5.624123191861296002e-08
1.947250077153786466e-08
5.124214566384149853e-08
1.542271934474797575e-07
3.467970867124398613e-07
3.326145479229095122e-07
4.215922558478318377e-07
2.678075760218279287e-08
2.935170460229932936e-08
1.187703114368283911e-07
-4.888569464944143595e-08
2.710517364049727314e-07
6.229872320667680204e-08
7.254954013235937682e-08
-8.970029260772651526e-08
5.295608291413911350e-08
4.969686016572877235e-08
1.582749692689119168e-07
1.607288142957602906e-07
1.094858226452717056e-07
-3.850984182728773344e-08
2.709076431977583257e-07
3.296989149225377012e-07
7.102308944204885838e-08
1.272301970116256678e-07
8.127560248967560144e-08
1.039405920374042137e-07
2.611447309459313761e-07
2.106559808305269063e-07
4.800021807837730627e-07
4.167180695282506402e-07
7.624785450741517508e-08
1.010325728361155774e-07
1.487440730576325437e-07
1.299278235712475862e-07
3.033017937222033876e-07
3.836067372935833143e-07
3.047938593332738886e-07
3.001520850455635870e-07
9.521763643199829344e-08
1.621269615543356275e-07
1.690682612162409298e-07
2.600342617094405760e-07
1.352983479099784137e-07
3.710754279706596224e-07
1.015655415797685041e-06
-2.543765797892357701e-07
1.422488554675255483e-07
2.001852652202902117e-07
2.915202753571718744e-07
3.942569264221634485e-07
3.343804269562669686e-07
2.260852157865804059e-07
5.652765296090904856e-07
7.003793789145315692e-07
1.679730885237820330e-07
2.018442184947457116e-07
2.162387232729994163e-07
4.421001102295181853e-07
4.542306494780350975e-07
5.438322478229066612e-07
4.690887473767410193e-07
5.892644444843834118e-07
