1.067976305481258420e-07
1.390908170170954368e-07
3.949918868841566718e-10
-1.029737893868328217e-07
1.304989621762872272e-07
1.090066444775768794e-07
-7.942594942375587385e-07
-8.371946276403016362e-07
1.502868422125695722e-08
6.524300744567917957e-08
1.094249014561214058e-07
-7.331934675692887192e-09
1.512404107770852325e-07
1.480232036378438043e-08
-1.826940704459474120e-07
-2.498287307771141427e-07
3.908286226936854975e-08
3.124859204518291429e-08
2.674302277835932130e-08
1.381791044483194143e-08
-1.149891957227780223e-07
1.069930248870284451e-08
3.539459142839430372e-07
1.343856237028357312e-07
3.155689470095927189e-08
-3.874171974514192154e-08
5.746664994708977125e-08
-2.475987628201795041e-08
1.099272250416632457e-07
3.014917585903244252e-07
1.882570143060947188e-07
-4.469576906144093358e-07
1.041863471231151458e-08
1.126679379994936598e-07
7.085110107018667803e-09
1.063576857558165654e-07
2.209872346099296258e-08
1.866666469229030378e-07
-1.090524594039282545e-07
2.141692458549786248e-07
5.678874302410071510e-08
-1.502077495042326455e-08
3.243694225308832531e-08
8.737756289923140820e-08
7.188335608707440814e-08
-8.994993567736482040e-08
-4.485608184845039482e-08
-8.704968159813947727e-07
3.381853978837157650e-08
2.069629343938420282e-08
5.283920403737903428e-08
8.662587157064693648e-08
1.137410105273192057e-07
3.167644553619895881e-07
-5.768316325469334109e-08
-1.722887924262254719e-07
3.800078029059156670e-08
3.736991970401248672e-08
5.705761228078604453e-08
1.742413543227692552e-07
2.035742657859002522e-07
4.195184659040403070e-07
1.134780360668066966e-07
-4.826257639190411343e-07
4.229411721941333907e-08
2.961745497094033699e-08
4.119433083305243433e-08
3.848492254576751977e-08
2.376795681098954999e-07
1.137141352148137709e-07
6.765547157310140081e-08
7.640600389415141847e-07
4.167278518186486878e-08
8.345286180538241646e-08
1.678902815210573105e-07
1.957268594730538797e-07
3.209067900946450615e-07
1.551426932644562590e-07
-7.787138448270415773e-08
4.219664940175908097e-07
8.199351586447049735e-08
9.493933434555738220e-08
1.958811627060949077e-07
1.936393162853812413e-07
2.139034989125152509e-07
2.469215638452727024e-07
6.836608495843205746e-07
3.468853116379009250e-08
1.235251726262465614e-07
8.312498372455827238e-08
1.824398477653366049e-07
1.637832320895576400e-07
1.569901515811246585e-07
5.287639660753385696e-07
3.824163899982861213e-07
5.145885220493324590e-07
1.125317417529606657e-07
1.745600688743510349e-07
3.371556044697125631e-07
4.010365635936049471e-07
2.008500580817006428e-07
3.923372865384591950e-07
7.210895779650909778e-07
7.750192534613279757e-07
1.419262892328763159e-07
2.119279204613791288e-07
2.644382081114795567e-07
2.702576623655037448e-07
4.976092021506137183e-07
5.972239791460752040e-07
8.330759352836945915e-07
1.101451829100366651e-06
1.633865283798595362e-07
1.224087370350264733e-07
3.202564170483932784e-07
3.397663742703399420e-07
7.121413945036986744e-07
7.021525645639914956e-07
4.704298880878176514e-07
5.120283064819641912e-07
