-5.561376812804598691e-08
-1.461442546909046843e-08
6.881077522951074801e-08
2.437786786940419608e-07
-2.798402015504032641e-07
-9.142149329912827929e-08
-1.108195642147424501e-06
9.959312304609990183e-07
-6.470156624662363153e-09
8.215819742633391050e-09
6.072387007967831139e-09
-5.010640598131996802e-08
1.025830332861093861e-07
1.705066466562927402e-07
7.290088381797354759e-08
1.065309218848196953e-06
1.554550332637954531e-08
5.575142131930755126e-08
5.959450007195706158e-08
1.008405930657060154e-07
5.309247008792638163e-08
6.424991557308002487e-08
-9.003146780124599295e-08
1.360044818013821091e-07
3.190871040697424931e-08
2.369856362245064716e-08
-2.885922149598570242e-08
2.166759697009456984e-07
-3.840910330521227501e-08
1.879652783057104748e-07
-7.461873327776172969e-08
8.801431829309824029e-08
3.982803200935849775e-08
1.951574756735891020e-08
-5.906361951320008352e-08
1.535960029739797355e-07
1.944271598368749764e-07
9.971283823205903135e-08
3.329078105661370668e-08
3.198117216528904537e-07
1.294142659612295174e-08
1.652515048858594325e-07
-5.671735378354666413e-08
7.599145183047255663e-08
1.804781266159733875e-07
2.269358647718729322e-07
2.297890576290993527e-07
1.047615319177836811e-06
2.850537203483781887e-08
1.970889534481620821e-08
5.368866390317792428e-08
6.967420417079055319e-08
7.530820740139934313e-08
1.817338592698931216e-07
3.172290381530211541e-07
2.423201113442729888e-07
3.910283970353713647e-08
7.882234042079509426e-08
2.731525546672005942e-08
-8.305901092156172129e-09
2.286225949043565684e-07
-8.432786395727057143e-08
1.447080781550099339e-07
3.362369607464956775e-07
7.450839022437252257e-08
8.227123445047747720e-08
8.427094453112504408e-08
5.723462334835048360e-08
1.046340617960262564e-07
-2.203624599417576697e-08
2.491080277910977253e-07
-2.182728065663616678e-07
5.073547574629726426e-08
3.559517290016625599e-08
1.138755541671226480e-07
6.678321970323238567e-08
1.567363981337112141e-07
2.730022893330951915e-07
2.957315314268300766e-07
2.694091159741606754e-07
7.675017259265991139e-08
7.739100648887971972e-08
1.262478580411217499e-07
2.028394665562076295e-07
1.565597003553915896e-07
2.786334423066242787e-07
3.674183239387219827e-07
8.509591803155168426e-07
1.105417250760093418e-07
5.325480321118540711e-08
2.066042614780431960e-07
1.261592639257484993e-07
1.435083401682509780e-07
4.297987041169667344e-07
5.158528897022381719e-07
8.042007873129838199e-07
8.383905331265555166e-08
1.479792858039304641e-07
2.586308397243225495e-07
2.041026639389288286e-07
9.726770504070571325e-08
6.472238306519515894e-07
4.968155220082546866e-07
8.226432701197564991e-07
1.457228254076831128e-07
1.717940457116427120e-07
2.245173190524987220e-07
1.563999783438846535e-07
3.016885426166989093e-07
3.923559088616812506e-07
7.956496502356258868e-07
2.607364137997592995e-07
1.987909895863246065e-07
1.722284682747293419e-07
2.880410551169573491e-07
2.925984933210975367e-07
5.546007242484655037e-07
7.004812532824840871e-07
8.407536349030541263e-07
4.957203198404095603e-07
