-5.802518266017276604e-09
1.023634730773390017e-08
6.213192257904706037e-08
-4.125754503647019648e-08
1.352844755897193841e-07
-4.590237444863798899e-07
-4.973612552286662331e-07
-2.593374456809663553e-07
-1.552006169787532786e-08
-1.651620481376132696e-08
4.786268734191531729e-08
-4.508798330683819900e-08
4.125581700329296652e-08
-2.277274629360919435e-08
-1.193274780222185019e-07
-2.874396650387066933e-08
1.427604707348272539e-08
3.812069120303908327e-08
3.047157254775465964e-08
6.560385430738707481e-08
1.322453407614158825e-07
3.309633171022508616e-08
-4.179346559982082468e-10
-1.043063145853566851e-08
2.416840948505462470e-08
1.880213916624757331e-08
7.643402947169076513e-08
4.494486534141071439e-08
1.439881622725156560e-07
-1.515617995046031788e-07
-7.739262963390569452e-08
5.360745927858349127e-07
5.103394759230118065e-08
2.912169692760517298e-08
6.430555327428380026e-08
-1.216781420475222260e-07
-2.792562809862486149e-07
-7.453077745458621706e-08
3.142157352781632418e-07
1.182026588364795876e-06
7.538193674752978572e-09
2.915492343495755009e-08
-4.046753135861358802e-08
1.455512753810781071e-07
3.405015955652208511e-08
2.826625132773323263e-07
3.049399143617008382e-07
-9.416205294478452156e-07
1.168173021811554824e-09
8.383566051588864045e-09
8.641241404383256478e-08
-5.017549229326159555e-08
2.990645486792719970e-07
1.811946472441563658e-07
3.521494940896593417e-07
-1.285264672904164118e-07
2.965478954460367694e-08
-2.956238472839230500e-08
-1.288478962633478207e-08
1.694574367722744546e-07
3.520246614928033635e-07
2.817894510868825561e-07
2.086204420597001923e-07
-3.662285884384945351e-07
2.112775666638696907e-08
5.430558043530790198e-08
6.316192860309822860e-08
3.817016522402287022e-08
5.246928107248625242e-08
2.038584749948744984e-07
1.035155233514564315e-07
4.522637571031521730e-07
4.879222008905975234e-08
7.767445636641882738e-08
9.710312441120463056e-08
1.101714898067509204e-07
1.606331789901183753e-07
2.455198927872669075e-07
4.359137258013549518e-07
2.987782553376846686e-07
6.965561654382018777e-08
9.220113353276028377e-08
7.294134866119337225e-08
1.877066894442998676e-07
3.603836567800114413e-07
4.471867948476234218e-07
2.253384037297192632e-07
4.634527264943498417e-07
7.788867181547476398e-08
1.168233791278208964e-07
1.667261437945174830e-07
1.536194715792856294e-07
4.068887102930840852e-07
2.966100550568638047e-07
4.739246131164756091e-07
3.713522987054645436e-07
1.110229333910038777e-07
1.500813849393653046e-07
1.856562785458453235e-07
2.386033240249611807e-07
2.889466789129674971e-07
6.897327276717542640e-07
1.083842853990567996e-06
8.928113936288491014e-07
1.621676988753865708e-07
2.340397124222730400e-07
2.045837634745265063e-07
3.306897160197750237e-07
3.341757989907099539e-07
5.710587211829141168e-07
8.972480305305731976e-07
7.565895810833121384e-07
1.426634941499463553e-07
2.507080582303728407e-07
2.333835621987281105e-07
3.832991753766416930e-07
4.358385572389266833e-07
8.901396465224242875e-07
1.185674842964688726e-06
5.499446061293548935e-07
