-2.650162600124153977e-08
-2.001351307240884776e-07
-6.385440643582025017e-08
-2.253530212877439377e-07
-1.258763106344619240e-07
-1.108759539821490767e-08
9.175496489065246249e-07
-9.504400202563433503e-07
-2.646283059687081451e-08
-5.797618513435605363e-08
1.665929513364496617e-08
-1.535960249650730521e-07
-1.215787830932509556e-07
-3.459205134623252184e-07
1.902436917976986880e-07
3.527826886418044044e-08
4.983479916028549848e-09
-8.555409920369497429e-09
-5.968526574072585538e-08
-9.343088034254344528e-08
1.508537836143355422e-07
2.516215187017115015e-07
1.143799071102319439e-07
1.554847293490771687e-07
-2.054986749958865747e-08
-3.299291614462702048e-08
-4.193463114113803228e-08
1.019820904055607004e-07
6.998448194538331687e-08
2.824747020334983771e-07
-8.025264472417679021e-08
-7.783337290248020606e-07
2.064723645935530979e-08
-7.923037924078176826e-11
-6.014527781302493097e-08
5.651927236407900580e-08
1.130048343102372834e-07
2.766911995952108922e-08
-1.553816999008821417e-07
5.745048123892583862e-07
-8.866874914358430117e-10
-3.661404454877414444e-08
5.119996165641145085e-08
1.313133656166783997e-07
2.670102502519359215e-08
-3.362854816196512087e-07
2.645857887957436560e-07
-4.240458871250316430e-07
3.118202654350695174e-08
3.721578030350486515e-08
2.036751238674994059e-08
4.829811597240134784e-08
1.055087740665264138e-07
1.887902472460847576e-07
2.042282570446709559e-07
1.874376253991490068e-07
7.847724461720362671e-09
-3.062171913570444643e-08
-7.474678347254711595e-09
4.535756085200829333e-08
6.497602279943955497e-08
7.110853443669217240e-08
-2.757219138199544563e-07
1.840713720556574303e-07
9.134193999072713891e-09
6.965627953102203238e-08
2.905379721232584296e-08
1.475011072372967660e-07
9.772266504828324378e-08
1.297673175344924921e-07
-1.315238669619946649e-07
1.982204920571588905e-07
5.314760205230387359e-08
9.278325449877200187e-08
1.400369653660542918e-07
7.806752221615494114e-08
1.911645204773844710e-07
1.370098303144521931e-07
3.852102301258013137e-07
7.667841825742817911e-07
7.308848289471331911e-08
1.078810201073215541e-07
6.175587220054236863e-08
2.106825114169473966e-08
1.298965743270449051e-07
1.780785524470264079e-07
4.269563381616901295e-07
-6.452375096794229042e-08
1.015535683741510810e-07
1.469508063282023586e-07
1.454744036193618753e-07
1.734036351547986675e-07
2.864203853045297984e-07
2.253211786358334017e-07
5.779984047557752537e-07
2.290669176609247333e-07
7.999732174449480275e-08
9.459727441884264968e-08
5.086472965312203427e-08
4.134028775760852027e-07
4.278684195895940795e-07
4.474625204197807875e-07
8.098355700832681314e-07
3.805365442451143959e-08
1.030147040227873150e-07
1.783295843453559352e-07
1.771358286242853747e-07
2.065215397786748969e-07
3.959910736768497499e-07
6.635774667032948275e-07
5.372959164176289946e-07
8.002368515786763227e-07
1.628015253951353129e-07
2.887765301999330561e-07
2.469056988402125227e-07
2.346467136724560567e-07
5.483689594756703720e-07
7.589066928093044870e-07
1.016316609881996898e-06
1.414631656664321621e-06
