3.372522573674992737e-08
4.080743769423009424e-09
-4.831442621129988795e-08
2.550561971298484279e-08
-3.299825076865830257e-07
6.280065014564583621e-07
8.772634482563189684e-08
-5.678089012748552933e-07
-4.066065145651348964e-08
1.495781291815110766e-08
-2.961352233423184521e-09
2.896608281928737964e-08
-2.151000199687833752e-07
3.978601724612744420e-08
3.481041147990045857e-07
-2.792655016793501994e-07
9.436855536076634384e-09
3.537664969093889374e-08
-1.792538255791140226e-08
2.071328514145513659e-07
1.368584279280786288e-07
-4.343709783354109571e-07
-1.544633498729883862e-07
1.327111457211866149e-07
8.259718496975211046e-09
2.546336363444532061e-08
-7.011423250489567643e-08
-1.777387213956576076e-09
4.915724183773731200e-08
-7.074188435342505494e-08
1.660710008934460699e-07
8.784511965841423278e-09
6.610137909538354886e-08
7.526499608214484960e-08
3.732295142677003672e-08
4.366777249262285880e-08
1.757650978260793047e-07
2.170980934070747396e-07
5.294693610848783134e-07
6.202115763760685127e-07
4.924717240604484357e-08
4.277565719505208543e-08
1.072615156945328431e-07
-1.713379240191342734e-08
2.184682754690570805e-07
2.762877292211327360e-07
7.757988201166245846e-08
7.443857838283261316e-07
4.467490777399354915e-08
5.274610630045354025e-08
8.254452524400499264e-08
1.337378631919984757e-07
1.292315102125297760e-07
1.012291634871061305e-07
1.302066364423928136e-07
5.284754992825598773e-07
4.377219724877421493e-08
1.336162196146598580e-08
-4.452163605755110734e-09
1.369750347782470807e-07
8.429532555089494505e-08
1.654642563298322018e-07
1.695445511132762171e-08
4.045455723171813710e-07
6.834436315233599000e-08
4.579084192475498500e-08
7.200906706905085178e-08
1.247258994551704180e-07
2.529296661105100412e-07
1.791700582224836667e-07
1.310873969492939859e-07
8.292479442222674776e-07
6.623812644748996217e-08
4.403053825603009196e-08
6.666025065978656971e-08
1.785698322782484335e-07
1.271724855347586419e-07
1.256289729657985310e-07
2.769891656292847409e-07
6.890063548127006466e-07
8.958400700384684208e-08
9.851236686184304685e-08
8.262732789334350518e-08
1.677755655434826929e-07
1.909581730466120119e-07
2.182531435084245434e-07
6.505023724722988844e-07
4.112003641733824824e-07
1.030859703078195529e-07
1.075629350719589272e-07
7.987221872777184530e-08
1.832654531628366006e-07
2.752813947998691353e-07
3.840858470343283559e-07
4.510818868952534731e-07
-1.501240939375970694e-08
5.944360318680728187e-08
1.424896140902777279e-07
1.651449383121386035e-07
4.296517175600894925e-07
3.286429078328682471e-07
2.220139309283137288e-07
9.558043639889356028e-07
-9.088181111098856219e-08
1.125858616671897722e-07
1.347498414095476475e-07
2.415921797737750243e-07
1.756864141161836136e-07
4.915816230245408968e-07
6.965960220310150642e-07
6.082693933649573819e-07
5.966321349118673123e-07
1.996928856591954436e-07
2.275266615868533947e-07
2.913627474666212874e-07
3.347111440518200776e-07
3.888759262070691853e-07
9.771510483778190741e-07
1.025628500437937439e-06
1.462627507526092929e-06
