1.081883125927890094e-08
-8.699681664499006153e-08
9.431621038993061447e-08
6.772295098245222814e-08
-2.813722806716791772e-07
-6.504093601062293863e-07
8.615646048008135543e-08
8.036415965463341674e-07
4.012575792835743755e-08
2.783895687171747377e-08
6.149990803337785466e-09
-7.336655328951227892e-08
7.572793949760760221e-08
-1.901752955229872107e-07
9.186327935202799108e-08
-8.429666495793899691e-07
4.705099263670720827e-08
-6.492366830533858863e-08
5.954371206312046628e-08
-2.284320438770111778e-07
3.110539748238584291e-08
2.011710918418791566e-07
2.427875371293591145e-07
2.534725994678982047e-07
3.602828419376595465e-08
-5.400641027297156653e-09
-6.458821049537895053e-08
-1.096751416058108973e-07
8.732867347448231933e-08
-9.245174080521295480e-08
-6.209616137876895785e-08
4.488024621739238486e-07
4.226742241683889543e-08
-1.597409975551536157e-08
4.257380411513847064e-08
-1.130616939484246786e-07
-1.045236500180302918e-08
1.757800277397938331e-07
1.385300395754608895e-07
7.291082577339863673e-07
-1.330023281841926223e-08
-2.966043095375883423e-08
6.743924084345238974e-08
9.425123124122404365e-08
1.431493620649397362e-07
6.321825561709585071e-08
4.150251803818251051e-07
3.603905539289028711e-07
1.134029640702340147e-08
4.709121930575537054e-09
8.589999268950815781e-08
7.941014601123026184e-08
-1.721661688814940677e-08
3.035938077149907016e-07
3.208693721921625917e-07
3.223050165593039598e-07
8.130210094453791527e-08
1.337711744294512858e-08
1.183622548249695187e-07
1.718472497415630981e-07
1.574959395767672463e-07
2.547757415242745016e-07
-2.442455872136622208e-07
5.190012506446144233e-07
2.735637266003408208e-08
5.796331065621847407e-08
8.532330852412537423e-08
1.646201957168703674e-07
1.493264629756934981e-08
9.143263503976909189e-08
-1.168661845051924873e-07
2.035143400565523344e-07
9.762355282944124158e-08
2.773092063008546858e-08
1.417252928397829348e-07
1.618634969061557651e-07
2.895319307186789071e-07
1.931700476700046366e-07
1.814117280544201226e-07
1.052310148188503038e-07
1.038545279463821338e-07
8.670220785422926065e-08
7.775235819441623841e-08
1.958248532932873725e-07
3.516409003775206522e-07
3.882929320595757841e-07
5.696964601129196521e-07
1.445207858048586360e-07
9.004276786370658852e-08
8.919877547796304468e-08
1.447318463634902389e-07
1.920227092831138820e-07
2.192189744741205619e-07
4.822700949645923987e-07
6.107751981984525851e-07
9.747233615810435303e-07
1.444233082501635059e-07
1.231173559714581901e-07
2.210861968658269356e-07
4.370609128055298121e-07
3.828286881442708863e-07
7.402992820071814309e-07
4.432770410828594588e-07
6.793844058974071388e-07
1.710699020562354945e-07
1.601860295588246419e-07
2.745531998891421752e-07
3.541206052482859187e-07
6.423632573585656683e-07
7.805582903891275583e-07
1.029776115690917935e-06
8.012738833303121226e-07
2.146155909884115499e-07
1.728770567343934056e-07
2.275603654617327024e-07
3.442799520067733463e-07
3.313686258428825094e-07
7.221999482978440663e-07
4.671271665468287125e-07
4.429296912220389409e-07
