-5.202485910155358820e-08
-8.302861887689349490e-09
-1.947424450621501001e-07
2.667139959670756910e-08
6.698372726409651029e-08
4.166366011094749145e-08
2.992967375485012759e-07
-3.415936891282011016e-07
1.188405865858184210e-08
-2.700428780014339728e-08
3.548080210612274125e-08
1.175509187317186613e-07
6.335775659465519807e-08
-5.072125727578473258e-07
2.374859217810840385e-07
-2.730203302491594778e-07
1.012831515963063571e-09
-1.534635886558415220e-08
9.305788495038204571e-08
-1.338190197033817890e-08
-4.635802654460443814e-08
-1.893234349841574369e-07
-2.258514032225515091e-07
2.890114379471347087e-07
7.893297107946863457e-09
1.646695288136831358e-08
-1.216790945285884332e-07
1.019781392464339555e-07
1.245785102223460587e-07
-1.523916283931306816e-07
-7.379306921482545222e-08
2.298464341820293308e-07
-1.844189499179009039e-09
3.414614995144966131e-08
8.415295049884232267e-08
-5.652650735766371074e-08
4.708104759281836347e-08
1.746210946305304352e-07
-1.684724857621953321e-07
3.407206762085766885e-07
3.393637386498895722e-08
7.936612915183480049e-10
9.910723147284807565e-08
9.811972373377791444e-08
-1.508845698770174527e-07
-1.368907584714221163e-07
3.169939357513042633e-07
-5.730998370728547937e-07
1.008658598897819882e-08
1.798570848052236929e-08
8.816971283540971191e-08
6.695863491456012776e-08
9.936559587735180781e-08
1.827225235515025212e-07
1.999343340417614402e-07
-2.315210776968294819e-07
2.060601436314875363e-08
4.029984324092302028e-08
-1.509425575765139816e-08
1.218321044996788526e-07
1.691917004539364915e-08
1.225125241061183791e-07
6.105925173281394406e-08
3.374520949941327850e-07
4.689521912462871981e-08
6.461465128223670290e-08
6.009318808299120411e-08
4.974896994602825970e-08
9.022075683541844405e-08
1.842326945614434619e-07
3.018474196533480915e-07
-2.446955707277364942e-07
3.758539254779834361e-08
6.354328837444457385e-08
1.446474080455406296e-07
2.063246838273427179e-07
2.042168944118648414e-07
1.865775508881618764e-07
2.590590546063679653e-07
4.742118230313792401e-07
6.832201064011946542e-08
1.281660616553707199e-07
1.065222291096769389e-07
1.522763899226107736e-07
4.817982718750144303e-08
3.594854292183226764e-07
4.118180910735476074e-07
6.492128550993869365e-08
4.192748068046476155e-08
9.948945850136969920e-08
1.734593096353586470e-07
2.499244276587766675e-07
2.762966866333290773e-07
3.379321642979092407e-07
3.150889207144511128e-07
9.803782891462782310e-08
1.204849878169798898e-07
1.552741920295222477e-07
7.329536428344445404e-08
3.320636037268864230e-07
3.771282275108222408e-07
4.556223790352006778e-07
7.927081431794084035e-07
9.152609849200557377e-07
1.320364601502640481e-07
2.059693617992161330e-07
2.878721437902289469e-07
3.195570363143879041e-07
4.279010632732162523e-07
4.370394559017421531e-07
4.256911474751236770e-07
6.525988746106057747e-07
1.736581096320357928e-07
2.903340833718125975e-07
2.475867506593651465e-07
5.232853510007699989e-07
4.652662495639697650e-07
7.312516083102605417e-07
9.067571663950234412e-07
2.060842786170512832e-07
