-6.630389578651946324e-11
4.720923484408953214e-08
-1.142427608413721357e-07
-4.466153376774542885e-07
-3.249118100426581313e-07
-1.895831077023583190e-07
1.877602970815307598e-07
3.447401674778904556e-07
-1.591022372024791401e-08
-3.096795962082709769e-09
-6.687405081995525264e-08
-4.398845719064062678e-08
-1.258981694313442999e-08
-7.755989145766967851e-08
1.660758534284630472e-07
7.418441795523353581e-07
5.590183342991424874e-08
-7.353237159405859222e-09
-1.156983686726867855e-07
9.501275035462651465e-08
-4.743621530855550876e-08
1.923411460351574476e-08
-1.763166689492958337e-07
-5.707322945725662269e-09
1.508073638750674365e-08
2.186624284588813237e-08
5.414646517506733041e-08
1.439179822837911822e-07
-1.774942982996692818e-07
2.690998383253180140e-08
-5.397700391478305472e-08
3.604421074996901567e-09
-8.062744633559351519e-09
4.630527108388287094e-08
3.741246435718886397e-08
1.103153832767205074e-07
-2.444273532536443393e-07
-1.663523187451591781e-07
-1.000795700822817818e-07
6.702814306395522697e-07
5.146072423852280843e-09
-2.982012063338733265e-08
3.617203290787118615e-08
1.542377471772868445e-07
-3.683113830732281503e-08
-2.217807827319007574e-07
2.559086849390434469e-07
-7.827718043416442212e-07
3.073816276119022683e-08
1.323137087974172337e-08
4.815304774887422270e-08
4.381522241274711497e-08
8.723266901038233566e-08
7.199111726302053857e-08
7.462621580413571312e-09
1.912683504149070338e-07
4.486944097455012872e-08
5.311126334060113249e-08
8.358950602120859733e-08
2.804283469935292668e-08
1.923779294208906295e-07
2.539542811870523891e-07
-1.978885252572916875e-09
-3.263882890061389642e-07
3.206613472113293502e-08
4.964806944390533200e-08
-5.465554661119949701e-09
1.697101917085627079e-07
8.312472595560431346e-08
3.640206392525748901e-07
5.594888367140185481e-07
6.303097634313267242e-07
5.527241720965207364e-08
8.609948794090847255e-08
9.887252921557750846e-08
1.588147867906105748e-07
3.153069803402671499e-07
1.415630641830319638e-07
3.309376306071093856e-07
2.491627453352834277e-07
9.915579548894275642e-08
1.351821260343137873e-07
1.137824934746243450e-07
3.150564893268781002e-07
1.464166291677949084e-07
3.884009771455329733e-07
1.387592195181107100e-07
4.942511574430308788e-07
1.144798698133568013e-07
9.670775539830803805e-08
8.148817237981404371e-08
2.381753550443512979e-07
1.918182846203660855e-07
3.392509728211523875e-07
4.860074601626079258e-07
5.377545695813272995e-07
1.305180435619022300e-07
1.423145347577069615e-07
1.872695771698320477e-07
2.471212772792828882e-07
4.615694640543296836e-07
5.504271233480990743e-07
3.879054319467159469e-07
1.955843889434915150e-07
1.392737934507693853e-07
2.435450660045995238e-07
1.934778788452526044e-07
2.664565775185167136e-07
4.279153803782282219e-07
2.952204909002298952e-07
5.860542715779979373e-07
6.478185136727428878e-07
1.808228258530925459e-07
1.672130846951505597e-07
2.626773374695443980e-07
3.129355989874592190e-07
4.164042702492119965e-07
5.160188587755484728e-07
9.409555371277104793e-07
5.172002413846034886e-07
