1.246053602482364638e-08
-1.306941053251548546e-07
-6.503171115401958095e-08
-1.605475542775338519e-07
-3.019696082656891993e-07
2.357549263862367060e-07
-5.097009925583957402e-07
1.207083172838632285e-06
-2.257691368410930611e-09
-2.364296875105227414e-08
-8.740227918398853659e-08
-2.675653063640599081e-08
-1.196392349323706749e-07
3.055981151795610072e-08
1.775227657349289725e-07
6.529693711412880581e-07
2.544418198141821589e-08
3.154125706134434308e-09
2.313779435320851606e-08
-1.293036389191906663e-07
1.220841684173636499e-07
2.398086496332537403e-07
6.392261167889331904e-07
3.579970193632193105e-07
7.474228126590323848e-08
-9.724260145694271099e-10
3.397196785424174768e-08
-1.920075690472333955e-07
7.229826259186748871e-08
4.286799964445307091e-07
-4.354656221637199760e-08
1.097483492893183451e-06
4.101587865971042873e-08
4.265131832487906805e-08
6.062985654774191675e-08
-1.815670491658529351e-07
3.157787105334731740e-07
-1.938300873816497862e-08
-1.569537676355606823e-07
3.331463101207240031e-07
5.535257899528149796e-08
5.135390229231479538e-08
7.414874039818383007e-08
8.068268639113565582e-08
-3.213808073167201499e-08
1.873409958258303807e-07
-3.448183516827750877e-07
2.281752054245473053e-07
5.057576214208401901e-08
3.746927587000284746e-08
8.952780133331300897e-09
4.690278877474786866e-08
8.840844742105142261e-08
7.624292152125794252e-08
3.790963872192930941e-07
-6.770250014901230611e-08
3.895405818997483034e-08
6.605955797056124616e-08
-3.838440094314939214e-08
-1.573792796238356650e-08
-1.027043222691496898e-08
8.185733879824166400e-08
-3.353928351520711616e-08
2.123905999875906934e-07
4.900381238928738210e-08
9.579244160794286309e-08
2.013149441581160589e-08
3.703947534746938665e-08
2.091153220716595235e-07
1.184688682256971677e-07
5.415435081207326721e-07
2.920405793907043718e-07
6.916987735961963714e-08
7.689287989280082097e-08
1.808021901795764187e-07
1.924844076068241565e-07
2.044625227630684330e-07
3.521254918554476034e-07
9.147272200095715912e-08
2.750261246154121223e-07
5.573638988995971529e-08
7.193681963435096419e-08
1.496647648499933023e-07
9.023310454402920269e-08
1.852280119761511123e-07
3.224027422364947444e-07
4.890498951514573704e-07
3.671913636224288359e-07
8.116618767510004603e-08
6.268312225818479959e-08
1.079259490843799763e-07
2.590915473699614121e-07
3.502771632520595511e-07
3.775733144645761473e-07
6.184527379182458242e-07
7.803448841340268107e-07
1.287463900613123927e-07
2.137012452085128079e-07
1.216600951074276727e-07
3.104659715452495569e-07
2.746519670892915954e-07
5.428144580383035178e-07
7.264922878174799944e-07
1.020570183676817615e-06
1.438102038048127593e-07
1.802111877602823622e-07
1.214718096209132001e-07
2.465992850038020116e-07
5.140305917473774870e-07
3.988047945608924300e-07
5.856892160282449626e-07
1.004826809673367103e-06
1.999835692874956059e-07
2.504176297451420474e-07
2.839839656565941748e-07
4.393085259834934266e-07
5.850658832777813103e-07
9.192023983909850506e-07
1.043290721980446925e-06
9.781925071701344436e-07
