-1.478009827619927736e-07
-3.969258238554442590e-08
1.401439130637527714e-07
2.230698738575231203e-07
3.487879386453365350e-07
7.998531636052454780e-07
1.326577912456750930e-06
2.263685206469392403e-07
6.109285891321865014e-09
9.632762458247834940e-09
8.838065507355759346e-08
-3.689990127366484191e-08
5.440392544723151140e-08
-1.358309466436349883e-07
5.200120346346172298e-07
-1.004774260026429239e-06
-6.719600610144174795e-08
2.810118819511243302e-09
-7.173514205810625411e-09
-3.354831221341499081e-08
1.477586183935562405e-09
2.144042656773741807e-07
-3.225456230497185484e-07
4.542357384160070974e-08
-6.811630614052489433e-08
-5.132545364980188150e-08
8.382348131744758680e-08
2.257970140260766419e-07
3.295756741339736077e-07
-1.798941240912309897e-07
-1.996386831664647845e-07
-8.518024331506382208e-07
1.727583133067203526e-09
9.490397978076367416e-08
3.526319978964044660e-08
-1.246654780273074407e-07
2.304500136910195863e-07
5.105225691907401430e-08
3.256454748309842678e-07
5.112715808433015676e-07
7.210158362806954589e-08
2.285559435305021383e-09
4.741408096041607210e-08
1.093647025769854545e-07
-3.550084564197234714e-08
2.445050195366615937e-07
2.763736185507730371e-07
-5.829086352156601154e-08
2.167067359353312296e-08
1.573635948297015101e-08
4.354583469408698563e-08
2.570807017972842388e-08
-3.375010077695977756e-08
-1.173915097551148002e-07
1.726403634059885389e-07
3.885192753632582897e-07
1.923818455860001324e-08
8.474394220240356099e-08
4.573387618924061826e-08
7.110960115379885731e-08
1.007314206995934744e-07
4.891644932570376142e-07
4.019182931864313067e-07
-5.280317968815696577e-07
1.715141406869060551e-08
1.006828914011272792e-07
7.669687301719919362e-08
2.828743691428580201e-08
1.601073945494326515e-07
1.363928871788795507e-07
-4.212494220083295743e-08
1.578904443215024614e-07
5.223978894788728938e-08
5.951511868218836984e-08
9.795822910528948384e-08
1.764649944969663966e-07
6.666667745831810964e-08
-7.777333617027664340e-08
2.427606211169495353e-07
1.076076115517331064e-07
9.665941844080873040e-08
1.004613636019715011e-07
1.832323728267091944e-07
2.287962020904147562e-07
1.678058659703974203e-07
4.536610661608696119e-07
1.771933386350200438e-07
1.084055128366079053e-07
9.709476964219416830e-08
8.658785089631186102e-08
1.370411628393763465e-07
1.935667726452642420e-07
1.568359357768452476e-07
5.083551264890170372e-07
4.875055394246590879e-07
3.937201464571411485e-07
9.215939569434889427e-08
1.938790599267957511e-07
8.505757441217592958e-08
1.416249335277507544e-07
2.858959097291234417e-07
1.674295748361083937e-07
7.399889428934665765e-07
3.656471015931688226e-07
1.114105763819178928e-07
1.913643842411234750e-07
2.702422742630933635e-07
2.625518416253618703e-07
3.593865662818172596e-07
4.576045353875701501e-07
6.524814072905227704e-07
3.438225803297124513e-07
1.350502923377168887e-07
2.675239412332965426e-07
2.436925010624781562e-07
2.454643952319399982e-07
3.758880331108903485e-07
5.195200225420528679e-07
9.412339704787489178e-07
8.858032195265983530e-07
