-2.338892586440153430e-08
-2.119055103439828603e-08
3.725575236135281157e-08
-2.650347668285509154e-07
6.307504645815809171e-07
-4.274436599793798399e-07
-3.078112488871670381e-07
-6.564701965458455519e-08
2.452870656720605727e-09
1.093300036389216617e-08
7.663084802102544649e-08
8.916958417083603380e-08
1.059771219429338443e-07
-6.252227589885358976e-08
-7.584977847874693563e-10
1.162408760880743554e-07
6.475314926515438191e-08
6.152358798576852621e-08
-7.161526516677311586e-08
8.570602580952542638e-08
2.347137261503117192e-07
-1.011882742757080801e-07
1.579055512637174584e-07
1.071881110505086954e-06
5.704400547295842475e-08
2.552221994518528437e-08
-4.108097445245194038e-08
1.676275519089666031e-07
2.122322033428953080e-07
2.464686501655902122e-07
-5.103355618761737860e-07
5.804225015097168712e-07
1.819019149383946246e-08
9.534142993146593357e-08
-3.776933329352772955e-08
1.195908944982178855e-07
2.208788194921668337e-07
-1.003222313320129279e-07
-1.168916304219147938e-07
-3.321268162856443792e-07
8.599982783404340279e-09
-6.655152207743913931e-08
2.282523968795353536e-07
5.047233060239534937e-08
6.872042752711296701e-08
2.012245764589509066e-08
-7.831765270185587603e-08
-6.247150596179470847e-07
5.009308102347283142e-08
3.681960143574584600e-08
6.756760451322014076e-08
4.198426407160392231e-09
6.094585171190041848e-08
2.447061635907698292e-07
1.322524600125787169e-07
2.319267286353498603e-07
6.642150408088723744e-08
9.392193522841099853e-09
5.490734537023224221e-08
2.862034908969300329e-09
-2.180813320890766506e-08
3.499637156928121975e-07
-1.555138431256746606e-07
2.993729478904878117e-07
2.366728333134840359e-08
2.552205475083204965e-08
5.490710183929893991e-08
5.205751710577721330e-08
1.833487156941569019e-07
3.746615593590248526e-07
4.977105094208664464e-07
-1.071031612659971756e-08
8.264070382399329368e-08
1.186441844324852746e-07
1.378793319768354488e-07
9.257289587739040373e-08
1.463526249683746517e-07
8.583572438420266344e-08
5.760397137175548884e-07
1.015696641451628664e-07
8.199817090805466856e-08
7.175663387758561499e-08
7.529158932109388640e-08
1.650088184640516261e-07
2.195598118305863116e-07
4.737590860876289415e-07
2.595516891416232244e-07
-1.279104983249663526e-09
9.212767344509205168e-08
1.100709481395383582e-07
1.358627667949793599e-07
1.866812010544933522e-07
2.402915718310047256e-07
3.047853093132074739e-07
3.946216803029432150e-07
6.639895233747308918e-07
1.392694320238273610e-07
1.012810177950709444e-07
2.755603407645621432e-07
2.604848613115318010e-07
3.528782720486206432e-07
5.575883369805570019e-07
3.157516275268749585e-07
8.659430844656713454e-07
1.616259229321013156e-07
1.742280403758434241e-07
1.743610911472084181e-07
2.653546472895676357e-07
4.568119387364997150e-07
6.600080109333518246e-07
4.405563548812541683e-07
8.132998314628630922e-07
1.620906222148868297e-07
1.587755545799824794e-07
1.653587529020495824e-07
6.544450480384224437e-07
5.722411360356681726e-07
3.376605502054982438e-07
1.597195918517471642e-07
1.113449659144402218e-06
