9.841382281772446230e-09
9.343483352244583783e-08
3.247394056795412284e-07
2.838286071743562765e-07
-3.471502586789094187e-07
2.685921373385162620e-07
-3.207920186635160501e-08
-1.219922098458587100e-06
7.642355420669073654e-09
6.159318006363528792e-08
-4.753238199621364467e-08
-3.964094868510553370e-08
1.934624757817926347e-07
2.753019110241239025e-07
-4.177190249455086710e-08
4.237998390274927520e-07
1.454360722594638265e-08
-8.506853720641517309e-09
1.794893576946882332e-08
1.068652741467715917e-07
5.790409809312125873e-08
-6.277376187597324079e-08
3.232343709394186587e-07
6.607983823490737603e-07
-6.202138723676919497e-09
8.503317045978361772e-08
-3.403904265431575774e-10
-6.863899210362199480e-09
-3.632325371696018393e-08
1.254257657074539568e-07
3.455063320650658519e-07
3.415413016935565933e-07
8.763016552494754493e-08
8.004201873649232409e-08
1.631977778465550503e-07
1.560541473629543917e-07
7.076708804166760465e-08
-6.384850783089533166e-08
7.930077254665436144e-08
-2.222353203101078417e-07
-9.061480991432614458e-09
2.687262514729688024e-08
-3.971413114116576275e-08
1.255392404754018941e-07
2.524188476650913086e-07
1.015282558524245696e-07
-5.211757755232341540e-08
-2.685161476811750265e-07
-2.329189988070078500e-09
3.015939943301517098e-08
8.856145808545100161e-09
8.734717904707357353e-08
1.338516002880830303e-07
3.547676861712410411e-08
1.118224085296449156e-07
-2.644222071681047462e-07
7.014988117587863050e-09
5.194509306230565857e-08
6.934769218686658655e-08
8.817603830349510829e-08
3.155395991412532853e-07
3.843001194850301520e-08
5.986693623076289348e-07
3.235414412194916841e-07
1.231017354630570612e-08
7.117879203639637528e-08
1.375986222680951844e-07
9.346149892320856459e-08
1.230836099093069981e-07
1.885834859416278144e-07
5.361919776465745640e-08
3.791985191882288611e-07
3.980795640214259053e-08
4.062730451293492422e-08
9.084244329830882373e-08
1.598804994163442055e-07
1.832964841496552215e-07
1.354411779437911439e-07
3.238479795990160415e-07
7.055371372070675741e-07
2.649887393726897563e-08
7.573239056032286071e-08
1.408992805697216195e-07
1.424202416868315957e-07
1.043648465547557509e-07
3.461340527678544491e-07
3.364381276028374205e-07
5.799096619608412971e-07
5.153043614644463025e-08
1.099832804484546021e-07
1.789846472020508961e-07
2.547057915525268052e-07
2.014786211802349548e-07
5.647751021554532827e-07
3.812249858639173836e-07
4.647272967459648615e-07
6.355881885413655776e-08
2.397308639546313808e-07
3.252948009411047089e-07
2.496610845504911478e-07
4.422696334314786309e-07
6.219792466105323812e-07
9.488231696992363948e-07
1.236813062767122283e-06
1.438207559576334133e-07
2.584728331087440659e-07
3.554954059651220800e-07
2.291274682595206921e-07
4.728535426936069444e-07
5.157787562379125139e-07
8.507585449292984168e-07
4.787552830235162506e-07
2.101977901970978103e-07
2.631171187838724176e-07
3.667944577112555102e-07
2.954231674242948784e-07
5.248475224758436832e-07
7.290787113759033724e-07
5.166535709821345871e-07
6.798932599647016512e-07
