2.457073699512510635e-09
-2.570948304775059623e-08
-3.705276727006458635e-08
4.840860184749107505e-08
-9.246874593788674059e-08
-3.015311580889699512e-07
2.928973686723063725e-07
2.147538803420426521e-06
-9.602862426182927434e-09
1.435033566760807599e-09
4.289052896840481953e-08
-1.318669548655367963e-07
4.299798434873086317e-08
4.560180429044484611e-07
-3.521963752059243203e-07
2.802503924867805082e-08
1.463896852909693945e-09
2.090319651328713129e-08
4.875213484612880751e-08
3.299150257717511450e-08
4.514576631534953007e-08
-7.354462830116370424e-08
-1.469209090372520425e-07
2.924144922954282557e-07
4.087528265383411317e-08
9.885695106503089232e-09
1.506646737556582998e-07
4.175353687373365139e-08
-2.496968830358553165e-07
-9.588074326743166521e-08
1.927132214105941597e-07
-2.206599798714094919e-07
-2.643516420404552286e-08
-3.306216035489455591e-08
9.868179260701650980e-08
4.193264927191490679e-08
-2.833574907633734798e-09
4.941210208418942244e-08
-2.671811090806007837e-07
-4.451658283380255065e-07
-1.841501106864995903e-09
1.879618928242956625e-08
1.287087441383015171e-07
1.722860370423540696e-07
2.885211178167056944e-07
5.245291764144121280e-08
2.377172033604484970e-07
1.324105858303338883e-07
4.437872789804382455e-08
1.173307381268968475e-07
1.962437615540499419e-08
1.273438383136865288e-07
4.579895131690569705e-08
1.774201464739762745e-07
1.063058748354149825e-07
1.688332155624304323e-07
2.808415100162006669e-08
1.639039658213892119e-08
1.280222909155301190e-07
1.230164513910318496e-07
2.296047590386388070e-07
-1.022381403403768781e-08
-5.254378018480307413e-08
3.903573901312728663e-07
3.110619098913858130e-08
8.852117305620033950e-08
1.328134355700038628e-07
1.103116343431230392e-07
1.974405829747163283e-07
-6.853036370575630754e-09
1.393896895108847619e-07
2.009774762421198084e-07
3.952278952469353828e-08
1.198475298464873664e-07
1.469518167753420627e-07
9.889949010664501658e-08
1.010041691586720350e-08
-6.403436282963903877e-09
1.409313772005092927e-07
1.847663321741684646e-07
8.680325242461756423e-08
9.447111463486333298e-08
1.123538225793237945e-07
1.772933909937210642e-07
7.779333087510541228e-08
2.248548387626788737e-07
3.735353023482024329e-07
5.937543983144870266e-07
8.025768762603292509e-08
1.494078680397352233e-07
1.467837434036947845e-07
2.535718736373402846e-07
2.302605423334950884e-07
3.158942042963350143e-07
8.869820826145666086e-07
7.200007918538741139e-07
1.015181945652371147e-07
7.177332804318339620e-08
1.593489132526010622e-07
3.602148665177012336e-07
2.493670039865143886e-07
9.082771490463384846e-07
8.445221387416377703e-07
-1.531064058574393903e-07
1.426335820042701025e-07
1.586399054203168026e-07
1.415901205481379408e-07
1.741458231995641880e-07
5.427542128104187227e-07
6.854392811042442533e-07
4.647459706835882207e-07
1.046104862788480827e-06
1.441650397347187906e-07
1.747367506968881034e-07
1.829347942486697460e-07
2.688728750195946760e-07
5.649720174734711090e-07
8.146143814561206481e-07
6.089109799426880823e-07
7.716458360527138122e-07
