-5.759685309150105737e-08
1.239791248255864977e-07
-2.066402611470190288e-07
-9.757324465569988556e-08
1.280092656120056037e-08
3.620513465701142145e-07
-3.528697202378224987e-07
4.310651199450461311e-07
-2.978851046822733165e-08
4.955494678222922788e-10
-1.689926523019538766e-08
-3.272592912191225952e-08
1.959247336481088280e-08
5.974389034283317758e-08
4.048654036038064823e-07
8.759412343164702995e-08
1.045516846278061701e-08
-1.352645168427447422e-09
-6.847903482183145213e-09
-3.361059419066697609e-08
5.122669726110634861e-08
-5.936025807432882825e-08
-3.408959118595999835e-07
-3.545569274423390177e-07
2.620326960977387317e-08
7.105512426898399100e-10
-1.395107460471893597e-07
-2.820601907406782068e-08
3.823057504209956261e-10
1.086076418907361120e-07
8.522038712285714513e-07
5.811388347663443571e-07
-3.664542942064036268e-08
7.230056110792002019e-08
2.849542679697989587e-08
-1.747629419780970012e-08
1.238797351029110750e-07
-6.140065257226472684e-08
-3.412372932716131097e-07
2.262420609137633157e-07
3.539726825889144669e-09
1.011595752608503547e-08
8.656602630790584405e-08
2.016499907198024303e-07
1.127428957438128725e-07
-3.203115370694516239e-08
1.781537484239325065e-07
-4.110628470686525834e-07
5.061149387663332492e-08
6.137971046240975619e-08
8.659045411429153425e-08
8.876193244404044175e-08
2.494914655909955997e-07
6.279278257165648960e-08
-4.975450791953861965e-08
1.828938267907001481e-07
4.428279719084935923e-08
8.416294287315685817e-08
-4.275247443662040104e-10
1.201570383804093927e-07
2.502626716078004226e-07
3.362397510392580666e-08
-3.009527464844977240e-08
5.170555999548365997e-07
4.862588813892402980e-08
4.670441265941706006e-08
9.416112571409186275e-08
2.103322845577281872e-08
1.106649206632989209e-07
1.476610824852707548e-07
3.273582785332459803e-07
1.839395663793331492e-07
4.678986326950733191e-08
9.192464578631597811e-08
7.847338067876829653e-08
1.594220745835106611e-07
2.318810336158837680e-07
3.192527880855454625e-07
2.301928566518201846e-07
2.046929968972745781e-07
6.477464457202795308e-08
1.132166302848208588e-07
7.878812963463400471e-08
2.631194259414632722e-07
2.813933594258435535e-07
3.901437592389018331e-07
5.455801928255422927e-07
6.324028956334093235e-08
6.845783518729124045e-08
1.428819325724622808e-07
9.559023984396240426e-08
2.736519526827052257e-07
1.349735534415346061e-07
3.263957989653026374e-07
6.461158592498597688e-07
4.558571696086329910e-07
1.207333975366909651e-07
1.855092034949688566e-07
2.119664678903807387e-07
2.514384195716043183e-07
5.153420878018892224e-07
3.687175720593727372e-07
8.172041637753872467e-07
8.539979897543845975e-07
9.259219119649763220e-08
1.798000882546533454e-07
2.124426271118910824e-07
3.693134114338026316e-07
4.026879110952033869e-07
4.184455945206936486e-07
5.642966466837125544e-07
4.388509262345586296e-07
1.581167445200854130e-07
2.305186328449044490e-07
2.851552318106588699e-07
3.713291115996386397e-07
5.300875398334998195e-07
5.414222792487711898e-07
1.347518620822869859e-06
3.532755794774652738e-07
