-2.167323653464112219e-08
4.031456190771867210e-08
5.312507559741990971e-10
-1.127798144375954533e-07
-2.185199926475031379e-07
4.322799910159566953e-07
-5.420633715864455611e-07
-5.951011463049772333e-07
-1.144525001363078790e-08
-2.056742604758078370e-08
1.659775634939891205e-07
4.229237769028284671e-08
-1.415350814963036617e-07
-4.719801422447556831e-07
-5.564784802950361431e-08
2.327194255247426952e-07
-1.853259687799744252e-08
2.193972042553877141e-08
1.735249953568039358e-08
7.621644571588118334e-08
-7.669038481018267017e-08
6.467032753852419224e-07
7.306764131129265254e-08
-2.464127711205208645e-07
-5.861900670270829933e-08
3.001002517441479095e-08
-3.244803863093270638e-08
1.853510945216797837e-07
2.761980030901365945e-07
2.324590099213867800e-07
-3.929395074042437296e-08
2.691381348845294488e-07
-1.639303397483563469e-08
-3.271005225529652087e-08
1.086225560469452361e-07
2.194875635661467794e-07
5.200056928677459987e-08
-9.699439795003564668e-08
-3.034225159788658608e-07
-1.166456179442492275e-06
3.907974075141711503e-09
2.694430853750324434e-09
5.749162143549406001e-08
1.344467219405492028e-07
-3.069830844759701837e-09
1.239640888135223774e-07
1.909997638167744325e-07
7.066833918315352533e-07
6.701881156886102964e-08
4.786472035090069197e-08
7.665450144133331893e-08
1.660304930331267175e-07
1.166496161336801549e-07
2.041888116033458354e-07
1.720415799506631479e-07
3.026972887823951084e-07
3.642789643919496774e-08
8.494181323386537701e-08
1.449086111455755648e-07
2.125909721980219882e-07
-8.786834773824322958e-08
1.936920946342500472e-07
7.261773574986292935e-09
4.911753685282264359e-07
8.281941406884821597e-09
1.021610470786045740e-07
8.277333978403768584e-08
2.069519046176401016e-07
7.975394511478545776e-08
7.512557680734747276e-08
4.517561362633064145e-07
7.134918227782505998e-07
4.236086659975039504e-08
1.083209716307509275e-07
1.039676147859340365e-07
1.745788612475955554e-07
1.701498101584270545e-07
2.226623359856898417e-07
3.732113218044107446e-07
1.199776075842588370e-07
1.053531530320328037e-07
9.691673707449627550e-08
1.049552367626335106e-07
1.543222490580161457e-07
3.657345410780513745e-07
3.271440747618992124e-07
6.091618351080915379e-07
5.428932317412065901e-07
8.764409825132497085e-08
1.587075576157841930e-07
1.609177886092438633e-07
2.674785717715745024e-07
2.911412974455084581e-07
4.109501359950119033e-07
3.304322880681571046e-07
5.949830103552705109e-08
1.729091072578668138e-07
1.802654030397556627e-07
2.615869471607638273e-07
2.425249453175850726e-07
2.757979103904773813e-07
4.061668499563193035e-07
1.202441241116901890e-07
-7.261538798441678746e-09
1.161360102756906277e-07
1.781639610899913451e-07
2.916874951087348426e-07
2.856227793937287155e-07
1.769776963225265293e-07
3.749590970780789914e-07
3.042353115815692886e-07
1.198117882595028235e-07
1.168509737594566887e-07
2.108865186708623493e-07
2.802251537784890381e-07
2.519758008721533190e-07
3.032367233281427129e-07
7.538714303042785994e-08
4.357107723541012996e-07
1.033922345584752179e-06
