-2.886309557321446486e-08
4.246530462780785796e-08
1.964634837680579731e-08
6.633124667645050982e-09
-4.130250852959225389e-08
1.987815234769506699e-08
-5.588393266756061679e-07
1.843242456916928884e-06
-1.925963446803977206e-08
3.781463797887723024e-08
8.745710255722773114e-08
6.746495247584344291e-08
4.344941296761705374e-08
9.503705192557384467e-08
7.321616448497694402e-07
-4.120283896775420750e-07
-2.062308118476692459e-08
-1.748555226283064225e-08
1.599753915891459814e-08
9.216184522696513369e-08
1.926607056929593043e-08
1.780390032818456153e-07
2.328440961686080172e-07
1.501211271870247776e-07
-6.144718314208596494e-09
-2.287958732932746316e-08
4.854577534291657821e-09
-2.692461250685899003e-09
1.568206351815195556e-07
3.074216593626341992e-07
5.935809613543067787e-07
-8.014901984660409050e-07
-1.353220367449619076e-08
7.457727671384748708e-08
4.313819364121446698e-08
2.505133635565402000e-07
-2.073577125521125496e-07
-2.299308431419246408e-07
1.697926001723201135e-07
3.963501113728326603e-08
4.184680987468489974e-08
8.944617915174574721e-08
-5.772764366963390168e-08
1.346121818317086747e-07
1.634821132247554750e-08
4.671999177288598517e-07
3.720725262378244850e-07
4.971074139204030156e-07
3.991655028013640235e-08
3.154780897369258039e-08
4.108902514326906140e-08
1.332390443261616238e-07
1.407477430184448884e-07
3.201902155523870270e-07
3.695229620782843606e-07
3.320334880703008654e-07
7.905302028408837167e-08
7.599679962674637340e-08
3.871838475437519887e-10
1.420802881481111735e-07
1.388941817281702110e-07
9.144549450136342169e-08
1.987386636925022007e-07
-3.947841039758337827e-08
3.667226869553237473e-08
1.122789421966104658e-07
1.063779496057491817e-07
2.318926207326180614e-08
1.260951859406642087e-07
-8.234095393304405838e-08
4.278793309788678506e-07
3.982004560481817936e-07
4.675106145317295906e-08
4.736408375255831003e-08
1.030764353003554403e-07
1.546871853396801933e-07
1.255636735738226060e-07
1.686515422974317018e-07
2.882077434293565307e-07
3.212132190723906975e-07
7.351428181657293369e-08
7.408515474218182984e-08
1.196128947971235026e-07
1.689255997818083808e-07
1.795463765532989405e-07
3.400488955712511885e-07
4.719801019861065631e-07
5.000293581606935440e-07
6.380626049781865298e-08
7.439577687045328383e-08
1.866749516879577013e-07
1.441228075756739924e-07
2.100544815587958481e-08
4.722592561118180066e-07
3.742022659424524923e-07
6.181866786965540752e-07
1.786257963431231492e-07
1.421843117337958532e-07
1.294722607690617113e-07
5.201741147731782649e-07
5.583725543120900206e-07
3.398494978034912096e-07
2.721596656962831309e-07
5.568631462232076359e-07
1.761534435854673680e-07
2.057104174222537702e-07
2.749041488937756319e-07
2.859171604268647187e-07
4.553467633626034970e-07
3.954228296865853938e-07
7.773212921261789014e-07
5.760496801128910462e-07
1.899718594093288240e-07
2.284620486509174370e-07
3.473670963150092969e-07
4.727807951543324215e-07
4.882187244039349683e-07
6.116725473151787877e-07
1.265505872308020688e-06
7.444741987958806574e-07
