-4.032578930247892191e-08
1.288740395682648378e-08
4.391048851490444401e-08
2.975309229069002838e-07
1.548225586799163585e-07
-3.619789793707928200e-07
4.966478523391530315e-07
-2.560146173305183376e-07
4.237012192299578551e-08
3.356280220740425975e-08
-4.843332412771003443e-08
1.246102448600477545e-07
-7.560848403486213562e-08
1.602268673867976119e-09
-1.524093188599672600e-07
-5.448529071048384544e-08
1.325175791656406254e-08
2.306041309269135672e-08
-7.407799301391587559e-08
3.832446558426430079e-08
-1.198255935458600428e-07
-1.093292128197373111e-07
-1.463454980324608282e-07
-1.887723844356646544e-07
-9.129947832506915545e-09
5.181223724358845825e-08
6.316719979175280408e-08
-1.674034304380944715e-08
-1.444408229206632373e-08
5.978043755799814132e-08
-1.817967278046973263e-07
1.465361974955985632e-07
-5.992591413412529396e-08
-5.188435301100109843e-08
4.257632957404648969e-08
-1.433437940797313405e-08
5.893422411698538343e-09
1.253809622106999459e-07
3.650575951973528787e-07
-6.957984509913870144e-07
5.625060153795973746e-08
2.596635408474217492e-08
9.701641541144153913e-08
5.281776993513907048e-08
-5.374295222410230419e-08
1.827224829633687814e-07
2.457539405264148158e-07
5.262593789338163124e-07
2.973732724070816052e-08
5.716284843125966991e-08
5.988660001184205369e-08
3.141370237081901717e-08
7.876659578445414626e-08
3.736373276715092125e-08
-3.952300496718011453e-08
-3.197769256422155478e-07
3.458683321624991388e-08
1.141864915515678129e-07
4.664559905858232807e-08
1.341435906404413550e-07
2.773798400555055544e-07
1.648555668065370610e-07
4.215257292480976526e-07
3.177898989599793804e-07
6.787571152828514736e-08
6.487327929463978293e-08
5.283276340121049084e-08
-9.229764846659618947e-09
7.117843777251019530e-08
4.249933738318933474e-07
-1.699849887873943692e-07
-4.052520296965033414e-07
5.031541375957181271e-08
3.565032139615727438e-08
1.524064619680182098e-07
1.254616409883907882e-07
8.010939429737417586e-08
1.482360856261279676e-07
4.408023249781369611e-07
9.930127768234872123e-08
7.119542941011653584e-08
9.563792939052216436e-08
1.492036044659985211e-07
2.309798705289070121e-07
3.721549316944612443e-07
2.736587194286952747e-07
6.109910099930585168e-07
4.309861669909556890e-07
8.515355748770544145e-08
1.149584478445352287e-07
1.713476457334692708e-07
1.890053930278540302e-07
2.588334117365460037e-07
3.545017049790857992e-07
4.109313001077511590e-07
2.059162647357117022e-07
9.167223808360214363e-08
1.436268270513261739e-07
2.426183767782460599e-07
3.968696298440641071e-07
6.413551874825360136e-07
2.369656227188166546e-07
7.605272233675383223e-07
2.268812298109085690e-07
1.355031973423476545e-07
1.937572449828253163e-07
2.034992610127100554e-07
3.647453446988375767e-07
5.029079866719056508e-07
5.592619804257552105e-07
9.864383741499431109e-07
9.740254219314941033e-07
1.815416122332844350e-07
2.347419856516417664e-07
3.252237356227705381e-07
4.366511180797181499e-07
5.994909543643333781e-07
6.968644422527768935e-07
9.515560505852079134e-07
1.696262448299129165e-06
