9.098996026714669729e-08
-7.778809558434473225e-08
1.660615648293223105e-07
2.783544799050348479e-07
2.685341225328035300e-07
6.291610452099130642e-07
-1.510563892797980083e-06
2.612589981314832996e-07
3.440953527762692256e-08
3.017377028665738544e-08
6.282699231163532753e-08
1.404330311796553515e-08
-7.613428161948736519e-08
3.179951834925244713e-07
-3.688252889666404131e-07
8.297352422043984891e-07
2.667942133985601087e-08
2.478931004444799175e-08
3.196938751379159827e-08
1.499114029797192297e-07
7.436971464202963116e-08
1.006410805930042261e-07
1.087131094686107744e-07
-5.395239353312097712e-07
-9.608043830499940667e-09
6.383584891431353644e-08
1.433848654690158507e-07
-6.258523891425905782e-08
1.975840316066697304e-07
-1.072295085967171784e-07
2.041575328893292633e-07
3.166761144796402806e-07
5.554731367906077324e-08
1.710284705257329543e-08
4.118448616696418596e-08
1.711112177855865393e-08
-3.183668030585020855e-07
2.086306115310603582e-07
-1.943182725031425345e-07
-1.265113426237267234e-07
5.527478437908934501e-08
4.221610849176400961e-08
8.297973023475154755e-08
-3.649051551369736489e-08
-8.609546632412713702e-08
5.683717010744255851e-08
-4.268790853891997124e-07
-3.498287062952193785e-07
4.852484053437873454e-08
3.353760298103329925e-08
6.439825533726575945e-08
8.203559498705160003e-08
2.276294464863224144e-07
3.114022571350040591e-07
2.556763328052844461e-09
4.804610754899273879e-07
2.842190853998251965e-08
2.326743837327797658e-08
1.069125819460451312e-07
1.800838682490050390e-07
1.064886194020415968e-07
1.562401098638196578e-07
-1.623320011652421033e-07
1.052852055931850325e-06
9.348250289217526125e-08
4.017629260506151737e-08
6.084465424596309691e-08
1.055767555510634932e-07
1.789150774700524099e-07
1.322311076919661283e-07
1.824628908381268810e-07
3.870022610627362436e-07
6.616929470078487008e-08
4.877215769190288173e-08
1.136450586954984435e-07
4.001981054700761327e-08
1.471022479424358152e-07
3.241025577141626028e-07
2.535322365530160910e-07
3.888035249107663126e-07
9.838693343917068935e-08
8.640464788300385748e-08
1.434984099659956875e-07
2.030121657407476051e-07
3.393035120232552982e-07
3.138449853813803307e-07
3.314525663083580141e-07
4.367699743336454552e-08
1.268611436789661814e-07
1.328556421590014054e-07
1.452191006033640051e-07
3.322147598571770005e-07
2.376719428536247830e-07
3.316993754544682701e-07
3.407333886217408866e-07
6.069482828631230597e-07
1.453850615459879988e-07
1.595171294172402272e-07
2.742513676985408649e-07
2.478906883812103402e-07
3.740227896708197225e-07
1.545248358313722074e-07
-1.016236687771118571e-07
5.735581316561036264e-07
1.399147155413990987e-07
1.330672898457183248e-07
2.523295390691434638e-07
3.472661973514434269e-07
2.711888717940709574e-07
4.897162699369959847e-07
7.599841490604427050e-07
7.718442796610684178e-07
2.036636630013028540e-07
2.360042018995271935e-07
3.049274059411301829e-07
5.773374804639546447e-07
4.313309067800941463e-07
6.057506231388594228e-07
3.342931283934794964e-07
2.482557189656913633e-06
