-2.077772622980913544e-08
-6.391568973287752106e-08
5.366662214261209051e-08
-3.627754931535394713e-07
-1.150699294266081087e-07
-3.530338230436599458e-08
5.553308024215754261e-07
-3.025705478192563479e-06
1.367131292739519381e-08
6.341904242408871102e-08
4.656681488370421593e-08
1.841406391874654858e-07
-2.007590285264357945e-07
-1.203973949357121245e-07
-4.030141579432205780e-07
7.362483786339039837e-07
-5.350998284455963249e-11
1.808639958411784996e-08
-4.685109261415464203e-09
9.641413401344863525e-08
-2.246562597888634459e-08
2.075538315442016776e-07
4.723528410161482068e-07
3.910269244673023599e-08
5.147695299963926311e-09
-4.798184700460691954e-09
-1.314950667109980283e-07
-1.113970019097757268e-07
2.791387103117777162e-07
5.168720963455366900e-07
-1.425577821406609135e-07
4.586410850859116414e-07
-1.467526002073874563e-08
-2.294382430701374259e-09
-6.213218761316337211e-08
-4.007558326452362859e-08
1.439978471263346904e-07
1.595648743127424372e-08
3.847886611184021365e-07
-7.468273049970013337e-07
6.563644533004482534e-09
4.696256120784767503e-09
-3.855058783089883203e-09
1.186597348397932703e-07
3.803895864659441560e-07
-1.984635126478435672e-07
5.473959409884650371e-07
-3.983382431929597546e-07
4.822880547203312654e-08
3.928113078376809074e-08
2.682259828627390789e-08
1.152388527875741820e-07
-6.395306533975668215e-08
1.060839510788651927e-07
-6.520119499702984781e-08
9.603008245163497635e-08
2.073717741410912969e-08
3.672223532070940642e-08
1.882545067921772360e-08
1.495697245514472875e-07
1.703637990397284540e-07
1.309602271202218270e-07
9.659762901439636389e-08
1.633945378772266837e-07
2.373002707032066543e-08
3.911910308649955796e-08
7.026213777579374888e-08
1.841295443456617929e-07
2.254954160513208218e-07
9.425823889613323613e-08
-1.800353660769026123e-07
8.250525597732340483e-09
7.345342748676217700e-08
1.326624827743773216e-07
1.332193445047582098e-07
2.467121802009439392e-07
1.583552333262840684e-07
3.526055518770215533e-07
1.280371207281967217e-07
-1.739183180532543360e-07
7.301791378060137196e-08
1.043164384885576652e-07
1.690990520931921805e-07
2.192522216314238516e-07
1.131918439018180704e-07
2.562093289970776210e-07
6.217215221841894849e-07
2.606455747342445083e-07
8.049524183038795033e-08
1.509672551778173385e-07
2.242970418315478911e-07
2.594781854649462036e-07
2.622880648665077366e-07
5.522423054572092447e-07
1.958272400374690790e-07
3.410742842743510585e-07
9.543964323870202564e-08
1.005998380129417987e-07
1.785618313123835839e-07
2.100205641070030038e-07
3.054891548244501153e-07
5.599837775238672779e-07
3.493828085343978419e-07
6.870905979768563524e-07
1.055071798336576954e-07
1.194452804957931119e-07
3.393898225741755900e-07
2.123383959412474248e-07
3.289396457774275536e-07
4.452024400367037903e-07
6.315936543929854620e-07
5.701097153423745681e-07
2.071914460358060899e-07
1.849995732847024264e-07
2.483584142578778035e-07
2.713286220028396904e-07
3.685901263383205507e-07
8.008552746922063309e-07
7.262291058615963500e-07
7.826956316764106217e-07
