3.280525041591286588e-08
3.073689444767655834e-08
5.915107789604417226e-08
-2.243008603460347035e-07
3.198337232161622571e-07
-3.711843913014332304e-09
1.076023471349190088e-07
-8.162961414938204213e-07
2.230726365976660885e-09
-8.628496956195817700e-09
-5.604755300488792915e-08
1.399825437157773307e-07
2.465300490754740671e-07
-4.972487154006251763e-07
1.930307900237308811e-07
3.535860623935123833e-07
2.187191473196511746e-08
-4.333594470341942467e-08
1.476267429678550829e-09
-1.137772640998841419e-08
5.799203615446939402e-09
-1.882461202097047797e-07
2.562662208453279268e-07
-3.180088204037587762e-07
2.137688722501667197e-08
6.987429535301517083e-09
-5.884416280063125758e-08
7.016759277538266751e-08
-8.441656876274623597e-08
2.288661738113465475e-07
5.783610886632195597e-08
-4.623961527094920307e-07
6.882347307578091650e-08
2.645397071040921644e-08
5.742654293925700275e-08
-1.161584061933890740e-07
8.516013630241718554e-08
-3.015868441829000650e-08
-1.443657578565884607e-07
3.599190716365155884e-07
6.589158699517445600e-09
4.967195017245184525e-08
5.924888230543068281e-08
1.043427615609438933e-07
-8.495499908978793266e-08
-2.709612802173167550e-07
-3.092531660256871111e-07
6.444547339497637967e-07
7.850173453971622364e-09
3.679470342844610038e-08
7.034209727251387523e-08
1.020991641072445679e-07
2.903499253734659273e-07
1.575795156079658386e-07
1.025973613404350234e-07
2.046635932065597224e-07
1.786201515665124558e-08
5.008997806976875404e-08
1.673148957376301876e-08
5.444740373316414146e-08
6.897565598551507939e-08
2.910378116597665535e-07
2.645106880756980492e-07
-4.981634675839257587e-07
-3.162849386084349392e-08
7.258316249212153748e-09
1.284481340085881956e-07
9.794671724120867504e-08
6.082029257553781616e-08
2.532192656551309305e-07
-1.666368966823750943e-07
4.511985921135742455e-07
6.205368980457122973e-08
6.996430062584162879e-08
8.460288850488600282e-08
2.051380052830847226e-07
2.466422816761398740e-07
5.763654866388150460e-07
4.419895620331121080e-07
1.162073481158102833e-08
5.945843993117053623e-08
1.000700098432047570e-07
1.354371958808941908e-07
1.755343920744594449e-07
2.469963740787044523e-07
3.430679387266588174e-07
5.693772085854489672e-07
5.016761827135803622e-07
6.500936295084783271e-08
1.170440377827933077e-07
1.181401155838002450e-07
1.697289988022002511e-07
2.640765524671611224e-07
4.817528749528446526e-07
2.777239445251581389e-07
6.266581072017164924e-07
1.245540491575248982e-07
1.504405767834657061e-07
1.652811872672488470e-07
2.025202082578684901e-07
4.521804535115666787e-07
6.066972382557358560e-07
9.434733359946492880e-07
3.702921899495343782e-07
1.116024509874735115e-07
2.021791463072589255e-07
3.321974032034175823e-07
3.976536066474139849e-07
4.925373074666727630e-07
5.574746513896714841e-07
8.815058867538536211e-07
3.704122195575349749e-07
1.476701176921534484e-07
3.156639670075824797e-07
3.196967743162116744e-07
4.783213869655500183e-07
3.450586197149896303e-07
7.476486441027261499e-07
1.014394347127341993e-06
8.807060528707997670e-07
