-1.121845733238959373e-08
-2.524820197580166534e-08
1.256517562372602092e-07
1.825953616015357081e-07
-3.094818918075642491e-08
3.480221770448955235e-07
-4.985147771732366599e-07
-1.176955719466247281e-06
-1.344955580186163980e-08
3.719961245505087926e-08
-4.040125874461786450e-08
2.491184582171875077e-08
-1.161013929686651127e-07
-2.049993075714639301e-07
-3.090892729840410326e-07
6.057399156019640073e-07
2.711375847449412527e-08
2.745788909169849758e-08
-2.053898061039993331e-08
-6.149814872135185956e-08
8.038172396008758528e-09
4.538855908411828484e-09
1.424079373431096710e-07
4.575659769080421379e-07
-2.492202131498046747e-09
4.173838495691177798e-09
-4.974419805042773150e-08
8.285045959769146298e-08
1.038681386903678228e-07
-1.005980003214209970e-07
1.515878782553624355e-07
-1.687237973834519218e-08
-2.465075202260987084e-08
-7.532058322552306420e-08
1.355348620026700643e-07
6.391278362623151367e-08
-1.247547531745566938e-07
1.224163372937194153e-08
4.611086892356627110e-07
1.183605828422437859e-07
3.930437050467187614e-08
3.427966111691001628e-08
-5.935240251895485559e-09
-7.914152450097889597e-08
-2.502960372081463116e-08
7.898206586741120634e-08
1.986101712107233094e-07
2.244132044689177156e-07
1.528390906964040246e-08
3.994256596691230204e-08
-3.622024245505245700e-09
3.625487514943114306e-08
2.252914155539453055e-07
2.120234248676356157e-07
-4.780872507740222460e-09
1.868285458535979841e-07
-2.657987546662747971e-08
4.135265538242845945e-08
7.834050555221332710e-08
-3.874952547126272529e-08
2.452536622666415233e-07
2.349948644965480023e-07
-1.727788730463763549e-07
3.284306563361777756e-07
9.567031888272131515e-09
6.028987100813151741e-08
3.287449503157829095e-08
-6.044934237340240194e-08
1.623568621606389298e-07
-4.589277933513556543e-08
3.607204813969809046e-07
2.984832814261840983e-07
4.246310757307160071e-08
3.796368503674822384e-08
1.612101525310504242e-08
1.041239760122162058e-07
1.615509991147857872e-07
7.648278091626805059e-08
5.831827847149588045e-07
2.927953483806820050e-07
9.786689466888910518e-08
1.098766839479800046e-07
1.211069801091286617e-07
1.899545190045744922e-07
3.071605298824065441e-07
1.917837902727846557e-07
5.112762538739235133e-07
6.609313356878708524e-08
9.323830952167085015e-08
1.020260853927232597e-07
1.530575402662955305e-07
2.535403587130254074e-07
4.203691812842877012e-07
5.391763757244561828e-08
7.199235192940653387e-07
4.002672717980368265e-07
1.282840829400681532e-07
1.426384493404616877e-07
1.486702507922540833e-07
3.038307570864788690e-07
2.184714175228607347e-07
4.155254841104689705e-07
7.338249392886279710e-07
2.090188132968457507e-07
1.462598622945184807e-07
1.855907902916133696e-07
2.476966699649691708e-07
2.112076151475534049e-07
4.962877905733515026e-07
4.649012358043095257e-07
7.858209138224165897e-07
8.264942840086971890e-07
1.871278513724267238e-07
2.541943079988088452e-07
3.522096903040256308e-07
4.949422473696470395e-07
6.399865582332015740e-07
9.910769503559200202e-07
1.388479451078594940e-07
1.459013604057955831e-06
