2.760463119038059052e-08
2.954065591115929193e-07
2.616819553215488433e-07
4.233750373469607023e-07
-3.441450066364118894e-08
3.655428387705149034e-07
-7.054899759194550202e-07
1.872937889968207529e-07
1.358595264777163398e-08
2.452101791307716540e-08
-1.091446841057078399e-07
-4.949591843334033757e-09
2.413506023070847943e-07
-8.361788534476125052e-08
6.354071857063682795e-08
1.033774833882570116e-08
-2.369436513179180923e-08
-5.282752617958705470e-09
1.554525656792173432e-07
3.660729952457196855e-08
-9.456694127322180628e-08
1.637978683306242956e-07
1.488260930228811974e-07
1.065612517832172809e-07
-9.098487605616551128e-09
2.035594594912724727e-08
1.520568897489302438e-09
5.528089993928934203e-08
1.644257536197705103e-07
-6.152642490070837361e-08
7.241813958779039579e-08
-1.649588391700647737e-07
4.188226092424835914e-08
2.567790347949190369e-08
-2.092556530970896326e-08
1.603999688792607212e-07
-2.131000255802168083e-07
1.768696673404394073e-07
-9.289851386686610181e-08
2.050899908338976986e-07
-1.873507760114741889e-08
-2.035424271159440644e-08
2.277487457223827696e-08
1.231793443500908646e-07
1.145626283248632531e-08
-6.338759568327948034e-08
-3.248402852786119704e-07
1.116850249366519628e-07
2.491361020318633159e-08
4.427556981102323787e-08
5.727971958078629904e-08
1.869064130413939531e-07
4.395627390080875066e-08
-7.281282349667036633e-08
-8.930423850318397873e-08
-7.690917010381233015e-08
4.011354019660190903e-08
5.041772981986521733e-08
5.347584167292050826e-08
3.912852696567025488e-08
1.998335525182324694e-07
6.236802195594902597e-08
1.567929078137038154e-07
-5.827812775966820974e-07
3.879695622570417020e-08
5.935291752707904842e-08
4.219285865698884383e-08
-3.951196844807503565e-09
2.287125015994869937e-09
-2.325933015773642361e-08
-2.085546651916919794e-07
-2.201448884448806638e-07
6.096144067707439047e-08
4.070412726765130975e-08
8.331120543446203175e-08
1.540687695506153396e-07
2.912936570239365034e-08
3.324347285337977459e-07
3.548992858648290386e-07
1.069331108323635516e-07
6.728994171718622436e-08
9.156963986033008682e-08
8.083120249127108495e-08
1.468077569465246052e-07
2.017340465327831479e-07
4.139107727584444975e-07
6.955858933154743785e-07
-7.954478320382648354e-09
5.299021122879514430e-08
7.770332218268209161e-08
1.876878466241381099e-07
2.612164898579401127e-07
2.405281230601065343e-07
4.712419515218826874e-07
4.235927993121589434e-08
6.509702938477447883e-07
1.041028838327432119e-07
1.800940579125550943e-07
1.763105171603258052e-07
2.860941057588299815e-07
1.283184712212850935e-07
4.347153299331984468e-07
3.793735717182940757e-07
1.031817433354237268e-06
1.469309190438194541e-07
2.320337545160887899e-07
2.204172880486379489e-07
2.504935937027161343e-07
3.429999935957633386e-07
4.936057306310124998e-07
4.505285917602577263e-07
1.239581637935455294e-07
1.615290295327315678e-07
2.521941224502161242e-07
3.507815654986999991e-07
2.088697471102367843e-07
3.372354040961059712e-07
4.828114622772247016e-07
4.847935382965687456e-07
1.047676681327441920e-06
