2.255903951791100936e-08
1.537517287287003057e-07
1.847693337526059478e-07
3.389603274658032377e-08
7.206805014583108231e-07
4.963442736814755122e-08
5.629689227286454535e-07
-1.913541252789635146e-06
-5.643733198597952123e-09
-5.253003791343166454e-08
-4.150407593190425860e-09
1.531976954187264743e-07
3.831321287154237012e-08
-4.735367355570887572e-08
1.309707003570364962e-07
-9.094469909320275362e-07
-1.503801592763009777e-08
-9.453339596835357592e-08
9.583333124770134362e-09
-1.385583926718962146e-08
2.382819346371201715e-07
9.950115923499884207e-08
6.492275504832450323e-08
-2.082000571888786260e-07
-1.883195110606553886e-08
-1.883727847458043832e-08
6.154044187530814329e-08
6.941261117680548113e-08
2.129558258762070301e-07
3.210725870673715347e-07
-1.032505707142313543e-07
-7.226778943940188097e-07
-6.176745993279870969e-08
-1.046408466852508862e-08
-3.309625198795940841e-08
-3.788934115003719142e-08
-4.541210361257378376e-08
5.672210037572616874e-08
2.135161004756031332e-07
-3.784273158902967785e-07
5.214953236460603044e-08
6.748514914085859761e-08
1.320473516269501440e-08
1.556424924358818275e-07
-2.568588313603450539e-08
1.053353253248296684e-07
7.825137022562678786e-07
3.999693200374393550e-07
3.907764754702104161e-08
8.752958905631856715e-09
5.315441754152755026e-08
6.918325265372187615e-08
9.396033195034626911e-08
1.355657736630991685e-07
-1.072151663644951558e-07
4.980732868964666580e-07
4.372787066430022448e-08
7.281194091858335341e-08
8.728531723894932010e-08
8.661308724817749770e-08
1.516507750203824088e-07
5.421203033426294069e-07
1.015605995195750853e-07
5.381660937289522360e-07
6.341119050036385427e-08
5.692701364588051418e-09
-2.651393421285889709e-09
1.592180453218178015e-07
2.357651182619418933e-07
4.430322957897835563e-07
1.284286410593673079e-07
7.301550218327514548e-07
4.522110909381377274e-08
5.169192660442674342e-08
7.981030559432644373e-08
1.647280509218305760e-07
2.598642970438252420e-07
3.203439214962509854e-07
-6.204347833701382476e-08
5.340131058728796175e-07
5.282165206459102317e-08
1.185047849329181693e-07
1.181902116699899845e-07
1.828661868562018184e-07
2.213113447968852279e-07
7.827712533406077835e-08
-9.424424127003374040e-08
4.500772944512878205e-07
9.663051101226424279e-08
1.696398793999249254e-07
1.000256446039141535e-07
1.779751827607087779e-07
2.483826750997907187e-07
1.898183925649792397e-07
8.879159120933433681e-08
4.604259373656888786e-07
1.003310887860645631e-07
2.390822271221265596e-07
2.183803324558370678e-07
2.019559477002457423e-07
2.647367122131975685e-07
4.976464065904981121e-07
7.673226051695471883e-07
1.131389726178349650e-06
1.762828483678911803e-07
2.279772184858004744e-07
2.326853720979022599e-07
2.755255570050924773e-07
3.781736505755762614e-07
5.509094644827802081e-07
6.956317196784719396e-07
1.617503000964570258e-06
2.104501721369947914e-07
2.213623670150836997e-07
2.344290558669376676e-07
3.414011282981007938e-07
3.542190728604070417e-07
7.709323088492250584e-07
1.468616800238264403e-07
9.160418014173518843e-07
