-1.067294904610139403e-07
-3.739870759755917101e-08
-1.183044362768243748e-07
-2.518016106754632294e-07
1.973154619361365203e-07
-1.250799685422954228e-07
-3.505028586515550143e-07
1.137473650862096832e-06
-5.063947350950915723e-09
3.356435597278809014e-08
2.935784620691581674e-08
1.999733745663556565e-07
1.467602791471307924e-07
4.047066775064071097e-07
6.717341328557332469e-08
-4.102412569437829591e-07
4.650647042179976674e-08
-2.121983510830099515e-08
1.231954755129930256e-07
-3.210029760055687633e-08
-8.284112873742255100e-08
4.036473958673129457e-07
1.436693292768738052e-07
9.543839197673650802e-08
7.845511366605482535e-08
-2.824210323617769917e-08
7.768207087103143827e-08
9.197098386629603953e-08
2.058571063839747016e-07
1.798980486174251613e-07
-4.760574480617578568e-07
3.546179907628818084e-07
4.329952863691750341e-08
8.411788519697995932e-09
5.897268239375716145e-08
1.007403726633116865e-07
-1.372082738526282926e-07
1.417669270463724612e-07
-1.689810948234662338e-07
9.213138544052143550e-07
-5.998523957058930322e-08
2.826601375450615576e-08
1.681283309798942086e-07
9.373513228819434536e-08
7.991412874205563890e-08
1.436940570304026175e-07
6.921156712140964707e-07
-8.549209318361354157e-07
6.393471799785268466e-09
1.129067159145474735e-08
1.117719539364612745e-07
9.589493885914751637e-08
1.155024683275773939e-07
2.668503953276799772e-07
2.840922805195382034e-07
1.035674313202849869e-07
-5.356393193446160051e-10
2.964848753660321864e-08
5.086705207259514222e-08
9.552041206864696134e-08
2.309876214298315858e-07
1.036907033430718023e-07
4.557326319824330499e-08
1.075463761296769886e-07
2.578284900554718717e-09
9.095833290236676376e-08
1.335178411663513388e-07
5.490957535266211484e-08
-1.900055724269231046e-09
2.956437828351365021e-07
1.977543529166892756e-07
-5.685593158307228584e-07
1.089241740454028311e-07
9.780940242574171022e-08
1.173105178917088454e-07
4.013798075883348969e-08
1.519958143410974616e-07
1.595654068113126714e-07
1.103079106895940882e-07
2.637898288734455188e-07
5.795184165401823997e-08
1.003396614406431870e-07
1.132394982150581372e-07
1.693272861417251523e-07
2.182342748471903715e-07
4.971118943988675211e-07
6.304950841968558525e-07
5.869730542253085755e-07
8.626032420139312462e-08
1.173856553059776380e-07
1.512932966372460128e-07
1.296656251092530698e-07
3.388705126885312923e-07
2.639882192274572198e-07
1.755808274446833474e-07
4.343737760543296764e-07
9.155295196630627068e-08
8.660307876484286847e-08
2.312308662319435660e-07
1.855755361846207351e-07
1.915114475716676782e-07
5.397477318472336151e-07
1.092319113638151540e-06
1.135289287321669819e-06
1.293912472595626519e-07
2.276977412443161372e-07
2.527834343901343035e-07
3.776317103590254858e-07
4.423071054766210207e-07
8.193258193330403243e-07
5.815908649278271512e-07
7.540683327088468403e-07
1.621650718694303142e-07
2.452586260660008131e-07
3.078609069082962557e-07
1.857623771633254591e-07
4.144316169129566992e-07
6.519690246153664061e-07
6.455176250283782374e-07
4.081086568328340956e-07
