9.516503478214803617e-08
8.355607053443238052e-08
1.195246270144591470e-07
-3.566550164193717213e-07
2.499816628277619016e-07
5.808035020179889788e-07
-1.127940940825326136e-06
-5.156861466426743139e-07
3.158900671725904373e-08
7.672385533739541393e-08
6.537880444487054121e-08
1.979698172952660138e-07
-2.802735131423514100e-08
-1.846196912534530223e-07
-7.065188851968484269e-08
-4.496324284320204229e-07
4.560225805651908388e-09
3.296679878275498033e-08
6.688450769721683166e-08
8.170034197888469304e-08
1.182809373354493152e-07
1.486481053925769863e-07
-5.636491145565233675e-07
-3.879401600653528433e-07
8.166694432524131028e-09
4.230675190333330783e-08
1.555548367944509745e-07
-6.925574725955432441e-09
1.233258590961679056e-07
1.166121257900890819e-08
2.695205070740253130e-07
-1.011172021074961774e-06
7.769004631373921459e-08
7.667164026833941994e-08
5.660094598166380900e-08
1.619596530684020804e-07
-1.689228817275657412e-08
6.276977688952645310e-08
-3.006918734203080644e-07
-7.918516428031996414e-07
-1.414935904273473965e-09
-2.914813465873273243e-08
-3.502202692976594662e-08
-1.339576288155250038e-07
1.148262575228399056e-07
-1.861923784211562414e-07
-6.924068758275232215e-08
-5.240509892965324425e-07
3.493178263478564293e-08
5.621473038461876597e-08
1.021573883291572258e-07
1.521365435643847406e-08
1.190194318027759690e-07
2.413155713666316672e-07
9.118992957862381533e-08
-1.976009420766948613e-08
9.786357455181864384e-09
4.978108617728873577e-08
7.276973605394481958e-08
-1.038437347696949229e-09
1.266821902910847485e-07
1.075635112825796368e-10
-1.340130239987915269e-07
1.755576376286485003e-07
3.954061700963511575e-08
3.671461860916625544e-08
1.361933387874700032e-07
-7.764101469278939704e-08
2.085022389738133576e-07
2.675231910037388935e-07
4.427588772808057470e-07
1.850565480839425951e-07
3.936225540461155578e-08
1.280096000325134368e-07
1.658403422993608240e-07
8.593397166946357518e-08
1.989735980817738211e-07
1.767160304466665279e-07
1.611653702839621241e-07
1.438353120929127222e-07
6.694688853957248236e-08
1.511542890596570806e-07
1.945255468461007860e-07
1.074796160044896488e-07
3.525449372466636385e-07
3.570611050295368666e-07
3.420149090422061659e-07
7.007559890382969452e-07
7.318969566411840672e-08
8.420235181483107525e-08
1.898165563308041009e-07
1.272231850257199799e-07
3.626831733354595486e-07
2.054292611243131493e-07
4.551257756559298202e-08
2.344649166832060436e-07
1.031745146322968268e-07
1.388725335880220003e-07
2.794059396882064059e-07
3.221322446199693286e-07
4.446674315094965869e-07
3.843890332724039983e-07
3.403550220898438911e-07
5.181145867600716063e-07
1.263618359472102771e-07
1.735724207024607838e-07
2.571722463898729211e-07
2.993063988855569666e-07
5.255334030816479718e-07
4.570525410464011389e-07
7.457475271847836718e-07
2.617222226217671858e-07
1.498783043119296814e-07
2.257073288934075472e-07
3.212124569193120332e-07
4.691693873581925631e-07
4.186026302087594366e-07
5.455259334699505609e-07
8.577264380742000211e-07
1.225335909111736003e-06
