-3.390076762686384083e-08
5.067932268841411329e-08
-2.365513959736427887e-08
1.239379165565180841e-07
-4.058787554572345150e-08
-2.910726317343334534e-07
5.400119734800217634e-07
-1.848331754524409683e-06
-4.609951752131946120e-08
-4.249234890956517379e-08
6.089965954779941093e-08
7.864590789662703906e-08
-1.887703142742540645e-07
9.710909059752613968e-08
1.553584184059963530e-07
-4.067795776377190832e-07
2.979345748028472524e-08
7.781055356292775453e-09
-7.999873343953702794e-08
-1.647936130218092709e-08
5.780145549645467793e-08
5.207151843767291200e-08
3.479021314656782262e-08
1.169875016548400911e-07
3.320524999451262824e-08
-1.336612863922882880e-08
9.634748913481681730e-11
5.141348617133227380e-08
1.588610124421213929e-07
-3.537866677197565853e-07
2.313689312355464424e-07
5.724056485977613856e-07
2.861879779128217952e-08
-5.041369196450274681e-08
-3.466957821323241485e-08
-6.784453648088000057e-08
9.255962771813324669e-08
1.210296707777310804e-07
2.459967337391391742e-07
-3.729284668679144127e-07
3.729797311308269905e-08
-7.430322097533088804e-10
8.151064815695338011e-08
2.328142762088599330e-07
1.689857188189686923e-07
3.262710151693807006e-07
7.703630887113053961e-08
2.055816803078037508e-07
2.290453352245257115e-08
2.141412918037852201e-08
1.209529566484214397e-09
5.734070606126477075e-08
1.171933838720405186e-07
1.102780318253407344e-07
7.752892433914858528e-08
-5.726059841410553715e-08
4.197998502832662924e-08
3.582088942112436123e-08
3.194739349442982482e-08
6.005431628310016691e-09
2.788506105367292312e-07
3.118996132497693228e-07
1.586514303737616859e-07
-7.268496951257162386e-08
4.090856699536208783e-08
1.661521106459001231e-08
2.346139001367570364e-08
1.143612967224719506e-07
-1.490319510483695401e-08
-1.102789351780746550e-07
7.102184748329972800e-08
1.006483888365918040e-08
3.989450984832158865e-08
5.531635092087756038e-08
1.139034233673354088e-07
1.718500429545322151e-07
6.215058132701996622e-08
1.143996749327641039e-07
5.030368630724866304e-07
3.861445965325137169e-07
8.078263305905658791e-08
8.727173093277662560e-08
1.221098739890343040e-07
2.349784978502028666e-07
2.324813461257522453e-07
9.281967588233282593e-08
5.280276234205841555e-07
5.742205873803487907e-07
7.643070451389666545e-08
6.634696141430657447e-08
1.496960201785191939e-07
1.959727596050848712e-07
1.975161604592240256e-07
1.722392112829689939e-07
6.898444786128413934e-07
7.725543750203173633e-07
1.041923871351466728e-07
1.523851151848677379e-07
3.253441768516180769e-07
1.942481931862999390e-07
2.002520112654966794e-07
8.284171710268395201e-08
8.283508258618831331e-07
7.790151478593778917e-07
1.394304723972720479e-07
1.867389090973744340e-07
2.453799066785719848e-07
3.119423901554810636e-07
2.573347139212213724e-07
3.509354552389149816e-07
6.468706669914336438e-07
5.386742306173883761e-07
1.523334619815949534e-07
2.117508799072415703e-07
3.822433882172296146e-07
2.651293304015517419e-07
2.345878563061906477e-07
3.448894415408569508e-07
6.709847231511870931e-07
4.142800930080542190e-07
