4.630757131671467069e-08
7.868314077193527962e-08
-8.005146372477269337e-08
8.206302606444443720e-08
3.767807485830774464e-07
3.352998571141302273e-07
-7.450919193460217831e-08
-5.671862787355523305e-07
2.332976823193796625e-08
-3.851434319785292387e-08
-1.450119942508602818e-08
9.020841617763293019e-08
-3.374569704127987532e-09
3.910877344301081128e-08
-1.390688160240476826e-08
3.478169954266920584e-07
-1.092408252852475158e-08
1.505780558390032481e-09
4.593389514618218600e-08
2.410868562076497967e-08
4.260936171755207023e-09
1.311818899972586980e-07
-7.006012843414575223e-08
-2.070797075301635544e-07
3.320804207605566616e-08
7.914060187202403457e-08
-4.542149713798280844e-08
-1.154308939935019825e-08
2.862473962589445789e-07
1.007060597757719108e-07
1.256996680091971704e-07
4.441213632126058556e-07
9.544674557880654010e-09
9.032983095887600573e-08
2.782386958299042665e-08
1.530715964783732913e-07
1.570344473134960874e-07
-5.615972557829658051e-08
7.596905087034562950e-07
-8.058698243433013940e-07
-2.295220145510415918e-09
1.971060351755939462e-08
1.184804677913388231e-08
-1.137510905913392897e-07
7.151804114207132290e-08
1.191088850311405222e-07
-9.823492438236956663e-08
7.513014208048712208e-07
2.069345000028360707e-08
3.135920139925232577e-08
5.520124341996413703e-09
1.795688461032529013e-07
1.050478080058186072e-07
3.362446793731121150e-08
1.356572035728359185e-07
4.575008798819379833e-07
2.321096335971726049e-08
6.270623705193567156e-09
9.638939943850381689e-08
1.496215739441642544e-07
3.813760465006864638e-07
9.494739354156211455e-08
-2.000160496992889888e-07
3.138268215955963595e-07
-1.299064626755227055e-08
5.466653927052565173e-08
1.117398668576595152e-07
2.447675179181615133e-07
1.741385264049203909e-07
1.083761039461489247e-07
1.761029162279447304e-07
1.123528719573827143e-06
4.887677370501634469e-08
5.682583384192280920e-08
6.799388297535216743e-08
1.401194084323824832e-07
1.752954862261035852e-07
1.788954540267943725e-07
6.233609027783993310e-07
8.130910182407525159e-07
7.227245867495199089e-08
1.022914156956141042e-07
1.375745742552894066e-07
1.052173974727269100e-07
2.555215784076073498e-07
1.267670252805229366e-07
7.042939678277733299e-07
1.432394341074480773e-07
6.352141439656468905e-08
1.101653541309596791e-07
1.640585567100400365e-07
2.239541206892481859e-07
2.876239476638689031e-07
3.983089272114940650e-07
7.614355688264135028e-07
2.643045156812967874e-07
8.023184765591236470e-08
1.254039861473944048e-07
2.290410674409279481e-07
2.651603790177885109e-07
2.982656442605944619e-07
4.645743461695900508e-07
9.266909115663750563e-07
5.592019115646690367e-07
1.480657348490422799e-07
1.528964314589273972e-07
3.293125622007242081e-07
4.047983811809571296e-07
4.200165435956366173e-07
6.101782790968576674e-07
4.643599630218980071e-07
5.742427474725415737e-07
1.341303535371806262e-07
1.875270582541574579e-07
1.900371138795481690e-07
3.091442806391961970e-07
3.651199194438291182e-07
7.216565481574756436e-07
7.931159280291118306e-07
5.034766007059959867e-07
