-9.383409936731482525e-08
-2.897827857085859505e-08
1.725556011812079375e-07
1.022622646412030519e-07
4.749408030836280834e-07
-7.589668724597848444e-08
-4.096893088699992817e-07
2.792002079529272069e-06
-7.020257541782160995e-08
-2.923723872004758970e-08
8.146091626512563073e-09
1.780937320658949351e-08
1.483320651793922926e-07
3.221251503956925753e-07
-3.547814867667607417e-07
5.252029467434549632e-07
7.336129326061331218e-09
1.073405332807988086e-08
6.798143821772667487e-08
3.031621468540308013e-08
-3.378780711220281416e-08
-1.909238627092431581e-08
-1.148917716443647344e-07
5.427798713222152927e-08
4.540428025026930846e-08
2.458584239287245463e-08
9.283118947907600162e-08
2.400195978066340501e-08
1.505544824165649677e-07
1.163311543482476311e-07
3.892490708912804490e-07
-1.293782754175743263e-07
9.130792404019301204e-08
7.787182862451774491e-08
4.457633365520485822e-08
-8.665458415544235511e-08
1.400422199302374482e-07
3.802715829870332770e-07
2.328015075531689819e-07
-4.410081270419568091e-07
6.706659120790753200e-08
9.013998674721198120e-08
2.607225988464730806e-08
-7.938697527492079223e-08
-1.399841221387370986e-07
2.659310290962081992e-07
3.045026690177004482e-07
9.161834339987793776e-07
3.687278076523092373e-08
6.781754831745932647e-08
4.191804101877017902e-08
1.249551348278305839e-07
1.860336753579479930e-07
3.509326049128411631e-07
7.922684186431559997e-08
1.178616270588590990e-07
1.807893652207491663e-08
5.358963644979362789e-08
1.304968756598967972e-07
1.784280523407012862e-07
-3.102924668885653084e-09
9.931056783032624077e-08
4.653392133667304456e-07
8.196091039711754662e-08
6.089065932022288980e-08
9.415615842218986478e-08
1.171630696956038517e-07
1.256415265772207221e-07
1.566553353199064967e-07
3.447974824679759511e-08
2.756767505550099814e-07
3.486660637606803441e-07
2.392030642491603019e-08
3.634580949705272620e-08
1.233370420499641787e-07
1.620808218618921218e-07
1.360769564716499487e-07
5.032108851939655670e-07
3.355132915877026847e-07
2.633312918708724653e-07
9.339897221498249992e-08
1.026200233048422269e-07
1.522422895478859081e-07
1.887399505046834441e-07
1.883064845807934728e-07
4.637278172002951344e-07
5.544327919410463866e-07
4.119898592636914580e-07
1.349709897020153591e-07
7.142115574572408234e-08
1.872175182676611949e-07
1.866860386609965207e-07
2.254546623514105119e-07
2.496480295617145171e-07
7.245435433615801433e-07
-3.509938104154133315e-07
1.600387885769841462e-07
2.004191326343550893e-07
3.204379553965980537e-07
2.354458011232851646e-07
4.690440990730973184e-07
5.775431543427487338e-07
-2.079702744854385162e-08
6.415781877464942586e-07
1.852786968230905386e-07
2.049182050786104393e-07
2.709407840933110566e-07
2.889530055859620388e-07
3.496594094183370219e-07
7.048617264350613086e-07
1.242849969689946116e-06
5.377296513332050163e-07
1.892285221698783005e-07
2.309940461381842057e-07
2.932259922843182609e-07
3.617798374957097720e-07
4.634886561740267024e-07
3.124447639485477583e-07
1.592278807551827011e-06
1.401062406440585266e-06
