6.461173137805223173e-08
3.536228703547776797e-08
4.562878524840234997e-08
-1.977608179161224248e-07
3.065117697655091705e-07
4.835849608790408261e-07
-7.801106153340892989e-07
-7.783931419498729471e-07
-5.544347799429342892e-08
-8.218791741497562321e-09
9.551396908460907642e-09
-2.033291217094129327e-07
-2.326636168299683119e-07
8.122494189550858868e-08
7.095433407242117989e-08
-1.799361007327137240e-07
4.062526854431241221e-08
4.402444531678648143e-09
-1.904207865819712707e-10
-1.017379157721132572e-07
-6.741488407039320370e-08
-1.004054708766057815e-07
4.378482362167958859e-07
-5.007194164227577956e-07
4.709065505016198645e-08
6.337520740648341515e-08
5.615236257930799618e-08
-6.513423484092076537e-08
-1.681013590706392486e-07
2.288406951602918362e-07
6.059986489546658136e-07
-1.690373573836064829e-07
9.546379486988746540e-08
-3.950980093582076408e-09
1.578014888655080011e-08
-2.424209763252957669e-08
1.706036227931312005e-07
-1.269501014615490513e-07
6.073638621565904125e-08
-9.576728057578794301e-07
1.041738392143165892e-08
1.223307528602890516e-07
2.848791207068336268e-08
1.585125613186773334e-07
4.425336436249654056e-08
2.848837846187154901e-07
7.493978767618359894e-08
1.427466001229196537e-07
4.095232490819313897e-08
6.716918619255147079e-09
-4.630982919340357301e-08
-1.963254613593605148e-08
3.173677870163513970e-08
3.005305511803148836e-07
1.643860373085538291e-07
8.915616094388115172e-08
8.091169667940664823e-08
5.492181277926996076e-08
3.176045819642103267e-08
2.108825672149706497e-07
1.874995988233133536e-07
3.133469262003092130e-07
2.085580686905384642e-07
-2.056381201907677446e-07
6.096181131557474018e-08
8.511751356479147285e-08
1.455401041475729107e-07
1.196145326720002847e-07
2.700821519064941452e-07
2.326959515712302736e-07
5.535874376210913981e-07
3.217406353934192176e-07
8.558137375163532584e-08
6.169389120280156293e-08
5.861413265731080231e-08
4.134034628353162261e-08
1.792299457915533578e-09
6.432738490714542718e-08
3.466885851380370867e-07
2.905937100079626605e-07
5.698621702157585937e-08
9.196673241404721389e-08
1.264917833898075524e-07
1.889663380819299845e-07
1.564695470521941921e-07
1.961528066932386381e-07
4.870204817197501804e-07
4.999362801657515040e-07
1.137819682700285143e-07
8.932155952919945006e-08
7.554124100725952432e-08
1.645017838536469047e-07
1.611305221597159785e-07
5.234192109965720124e-07
3.620281980858994057e-07
3.170576330301509299e-07
1.469694172770670459e-07
2.017986322008379782e-07
2.149255316561464172e-07
3.472897950594170641e-07
3.825593066121883274e-07
2.524693470567536399e-07
8.347684786748388132e-07
5.252641266230408727e-07
1.545878414722161696e-07
2.365159163360784915e-07
1.669334206957955767e-07
3.318174299370078115e-07
5.764316968800050732e-07
7.483742764936378549e-07
5.286821469876972164e-07
1.211050864432596659e-07
2.406832345690088750e-07
2.154780077141957524e-07
2.168806259250361960e-07
5.935581049386549993e-07
7.779023549782845804e-07
8.683993230810288656e-07
7.870266667964270728e-07
1.155166146316013152e-06
