-7.416518662532259190e-08
-4.445238701818593061e-08
1.413077018758876750e-08
1.536740958311930116e-07
2.337302045251827559e-07
-1.148335010272794215e-07
-2.336805235079686793e-07
9.033361257363279248e-07
-5.123706974530511049e-09
-1.066852342865531458e-07
1.530425369983822240e-08
-1.039772953082141434e-08
-5.487205303116421846e-09
-1.381635758653295595e-07
2.770985243110221924e-07
8.002898149134395247e-08
-2.299177599957515978e-08
-1.994925279537890920e-09
5.026015403508302357e-08
8.798532720204859067e-08
7.818713969281880550e-08
4.437457137099495583e-07
1.264165415909414715e-07
-2.971755828584928061e-07
-3.229062991777563879e-09
-3.295297497510289520e-08
8.761328509891511126e-08
1.972962332997455777e-07
-4.671008082292431673e-08
-2.342795966405063245e-07
-5.001293223623193437e-10
9.705838671877183547e-09
-4.134423062745032634e-08
-3.885552825434310518e-08
-1.756971193007100335e-08
2.070452322475593879e-07
-7.421450954370803892e-08
-6.052298993332939963e-07
-2.757122706567229619e-08
2.264617269264871707e-08
4.312288496162279152e-09
6.469398664746362604e-09
6.541191496040995770e-08
1.567532953730047612e-07
2.710680529828964289e-07
4.203250067184771641e-07
3.985280490760403440e-07
-1.741953641271663031e-07
5.257243814497632276e-08
4.155618253071697348e-08
6.393055260765114755e-08
7.461850037887611754e-08
1.277628045023254590e-07
1.345883735024729049e-07
2.679992686608565969e-07
5.030674144632949478e-08
4.976084427484590711e-08
1.426312343881389153e-08
1.102905887256003641e-07
1.153834420631073131e-07
3.242569874546886052e-07
2.921942867099472897e-07
-7.890885561872070762e-08
-5.628578206437336369e-07
3.941652674575194981e-08
2.049513844634560325e-08
6.775151830226990976e-10
7.201018110845136133e-08
1.616854970986282363e-07
2.432038402762499627e-07
3.240197108011704733e-07
6.630460246703938888e-07
8.668616459294718909e-08
3.884394759679948282e-08
-1.493800724101866910e-08
4.440199047718693585e-08
1.340376458990081147e-07
-8.985738784006775181e-08
2.110124188443463355e-07
1.027583494339752925e-06
1.033145854568530955e-07
5.431800073001329128e-08
4.365790767074666327e-08
1.940038513690107870e-07
2.503226684830563494e-07
4.442253684501719459e-07
6.297775740636978896e-07
2.652156043759704796e-07
1.033855682006163966e-07
1.251113685956807634e-07
1.111123843649382683e-07
2.003707074826925617e-07
3.692171192322183159e-07
3.827840199160842488e-07
2.869048478729861573e-07
2.203978390145159586e-09
1.188693067567238053e-07
1.117253896457141511e-07
1.153283235331070315e-07
2.666882355095336399e-07
4.888978386853500106e-07
3.167667996365694324e-07
2.360051418216225511e-07
3.912969891830363551e-07
1.657389112507899327e-07
1.634968285207724621e-07
2.295724453990167459e-07
2.961149015392384985e-07
4.352318897014180147e-07
5.862627354193970662e-07
7.067768285654427347e-07
1.001434041559445127e-06
1.603287181116603982e-07
2.132213808392446143e-07
3.122465009168351485e-07
3.825888095925842045e-07
4.405900775066354111e-07
7.458132815752460377e-07
7.551211264646193393e-07
9.714259716798693078e-07
