6.248541831571273846e-08
3.104459948554464899e-08
-6.814878219271765114e-08
1.743283111053789596e-07
1.582002103747375878e-07
-4.900706416394686778e-07
3.654276925694752350e-07
-3.024053808140346503e-07
2.193787249103830707e-08
-9.055163714203765384e-08
1.955848284646222601e-08
4.293074256803427004e-08
2.116856704473402558e-07
-7.261404809157013095e-09
1.877074622772179319e-07
-3.602737653144752573e-08
1.585475718109368270e-08
8.785566100922123459e-09
8.269810622625738066e-08
4.106022997494209753e-08
-2.469871351640465385e-08
1.422994062466184200e-07
-4.382014634773424060e-07
2.008326574512195156e-07
1.925486319808015890e-08
-1.687486970884562170e-08
6.826854531990682576e-08
-2.191351501620503843e-08
-2.485870515991870049e-07
8.375828026058768568e-08
-1.288775178029886031e-08
4.001106556228133283e-08
-5.238363628697939891e-10
-3.960377199777182218e-10
7.188286851964378788e-08
-8.426729936112976618e-09
2.270239801712313520e-07
1.797027788948175366e-07
-2.925089170855015759e-09
-2.005718990629391093e-07
5.687061368242718096e-08
-6.436476038376575730e-08
8.683147253716543521e-08
1.420723006309810802e-08
-1.270544659386468794e-07
5.658539745101908843e-10
-8.895428081887762527e-08
-7.282582176702315766e-07
6.124467254021091054e-08
9.291406216276429667e-08
5.590532238416344208e-08
4.267330076436249590e-08
3.026118413536429680e-07
9.113804255446873215e-08
7.225188015174066402e-08
9.809298943876829787e-08
5.322715942711703714e-08
5.062785011854310166e-09
7.661686346544847880e-09
9.463757898808309175e-08
-4.415099524580969366e-09
1.056664284880850065e-07
-4.203636180451581673e-08
5.652579904416781125e-07
7.412726349156976125e-08
1.218599118419845271e-09
5.487119088596584042e-08
1.341294958712550109e-07
1.913001262156806408e-07
3.526656631467545309e-07
4.678708478443813325e-07
-2.197055317909381256e-07
7.698442686668507098e-08
6.558945450371765425e-08
1.169679533026660153e-07
1.506602019779257576e-07
9.616341369200289071e-08
9.468912847007503867e-08
5.541517329485900323e-07
-9.246025612120993595e-08
6.594249000207435705e-08
6.199810771588724769e-08
6.888752082563710051e-08
1.131147457360491770e-07
1.725387130738290049e-07
4.453307338076365880e-07
3.629002362826969909e-07
7.673193592952882541e-08
1.221597111517728066e-07
1.248333386817384633e-07
1.375145964485317003e-07
1.583338902133097016e-07
2.816839128388088609e-07
4.863823510701178605e-07
2.692943819161865252e-07
9.168480031847122792e-07
1.422685817179943371e-07
6.247893232206161145e-08
1.251817676600604470e-07
2.454212135560520261e-07
2.304238961757730669e-07
3.771024041206661900e-07
6.349865261131554437e-07
7.146154173645528434e-07
1.672998151434765417e-07
9.303045186456234843e-08
2.135103089213638633e-07
3.399088098431983747e-07
3.889825286736289362e-07
6.461086281851604553e-07
5.820080605588908794e-07
7.332188935126681256e-07
2.085216140572782692e-07
1.848776877368067224e-07
2.937199564501509067e-07
2.639693059016250354e-07
4.394792461134839190e-07
5.270936748734990510e-07
5.333078640633051081e-07
1.122000156861372314e-06
