-7.089795617257669282e-08
-3.907702498003762164e-08
-1.637753475658140488e-07
-1.307949353675536719e-07
3.088380748934314463e-08
1.126071755882086861e-07
1.120892762064553215e-07
8.942370938078283801e-07
-2.053092599282210706e-08
2.728171344616079126e-08
9.498901051052056227e-08
-3.845668706146308731e-08
1.086097729050662296e-07
5.774892534226107522e-08
-1.452349420422289512e-07
2.430934805926163437e-07
2.849998224915274097e-08
-3.374231261717186160e-08
8.771112737313445877e-08
-1.290513104907382076e-08
1.369411470251850811e-07
4.118509213220603804e-07
4.721038554336070251e-07
2.163540056763837319e-07
-2.229985717599133946e-09
-2.253905226732316560e-08
6.203993009015361014e-08
3.159060770322121051e-08
-2.786714026586724043e-07
1.201321305005759595e-07
3.332926545728603806e-07
-8.870474714416378468e-08
1.643207964521288502e-08
-2.905306412351012513e-08
-9.814882360252620062e-08
3.420211158832643674e-08
7.444451176546766032e-08
8.167979413683951731e-08
1.259975667385474572e-07
-3.308859047292865646e-07
2.230436991270847821e-08
-1.596799474528642238e-08
5.242498088816469662e-08
5.442193669772933021e-08
1.147847717759959947e-07
2.600526848009119482e-07
5.309735372370002572e-08
-1.232558186777076501e-07
3.974588939667075536e-08
4.727988828897469455e-08
-1.279639438915004815e-08
4.468851236138032099e-08
-3.927652648264478909e-08
3.183708933066853994e-07
1.106814013866780536e-07
2.335993585707682293e-07
4.421322951030447902e-08
3.849334885707398459e-08
1.075538720878447649e-07
9.120228512896197046e-08
1.592995366207607361e-07
1.213082674549327461e-07
1.125274823216087623e-07
-7.774274817388238678e-08
9.052467065059654945e-08
7.598077225727596496e-08
4.502648145564826494e-08
1.823777895419208759e-08
1.054467251339525824e-07
2.275742586643325526e-07
2.543029261261134323e-07
3.765584059194401983e-07
6.431475396569123308e-08
5.090082247692449812e-08
3.978495878928336761e-09
7.968086965301786548e-08
8.146294866316081144e-08
2.997765726581294138e-07
3.984004694727973547e-07
3.081026377953555693e-07
7.562748135131860523e-08
8.893435572598713299e-08
9.451001613809458294e-08
2.208153962545560219e-07
3.213898435495521249e-07
3.728004213170010167e-07
4.480139193630016620e-07
-4.009658677226497713e-08
6.546598910731031144e-08
1.268629981130939947e-07
1.734536839792842785e-07
1.836503689876586987e-07
3.020736284995425340e-07
3.693435112518911092e-07
1.001562989268657324e-07
8.489499052966233293e-07
8.869363263604148880e-08
1.181554185956239029e-07
1.745165146277382720e-07
2.281541536088609328e-07
8.897779315590105403e-08
4.808269658951428307e-07
8.946166963656347737e-07
6.749790920437213673e-08
1.067043690587593528e-07
1.571029484177391239e-07
2.012293248070135444e-07
3.007106832947310830e-07
3.380548937946363371e-07
3.314222933114222432e-07
3.830566387081605958e-07
1.923483030143311988e-07
1.586727910261851670e-07
2.187222350250878952e-07
3.425766391009786871e-07
2.071634624824034435e-07
5.974536648483191102e-07
5.953628818435912148e-07
4.292462166978182936e-07
7.038073166255865645e-07
