4.582675252999822722e-08
-5.419418247459352703e-08
-5.475234440274846653e-08
-1.053166566207279640e-07
-2.533671811280884179e-07
6.442828408739816725e-10
-8.583104067631086627e-07
4.508849168714497475e-07
6.602119485971817721e-09
-1.277520789320037718e-08
6.815206755730406231e-08
-2.289363418653782504e-07
2.054126488060764770e-07
2.180758471600532357e-08
1.928879870129264166e-07
-1.248845771328919226e-07
6.909406547480624331e-09
-3.600912200473456433e-08
7.328625698929710786e-08
-1.173164571434006860e-07
1.425699303362971433e-07
2.508618173085254359e-07
-6.175275537647792344e-08
-2.860818529887394148e-07
2.792342981161350263e-08
-1.238730009341954832e-10
-3.832271393145897396e-08
7.760649725602756991e-09
-8.292873442621514927e-08
-2.552433274183192379e-07
-5.433832625735841496e-07
-5.103493733507899758e-07
-5.509111585656928792e-09
-1.397615080533894856e-08
8.140335265457295072e-08
4.975563437958145843e-08
1.459729172172804114e-07
3.899701059216551215e-07
-6.992330194627164848e-08
5.352334253061975323e-07
3.296689299582698197e-08
-3.322552209209023832e-08
9.080761539836606161e-08
6.940180117538005880e-08
7.995503829221453066e-08
-3.338508593338549996e-07
-4.496448800952700990e-07
4.659328588352948524e-07
6.580187069434461844e-08
2.405656064292933427e-08
8.067435089789711430e-08
4.151095305413128345e-08
1.369127424494259611e-07
2.159874335524471134e-07
2.110331494950270638e-08
6.030927929172686272e-08
4.913256566423933056e-08
5.502699192255041529e-08
1.656338039749030389e-08
7.109106348815334741e-08
2.614599735669324076e-07
-2.366462436130120591e-07
-1.451661615112747178e-07
-5.784520858188147207e-08
5.556734814810883501e-08
1.048579380968234082e-07
2.676849683094824868e-07
6.793456160758908274e-08
1.396053920266260085e-07
-1.641305413750383743e-07
4.654298882103571616e-07
5.184250932466308529e-07
7.147430370939059223e-08
6.744582064775865534e-08
9.220265928921040243e-08
1.043509371534083363e-07
1.251287370098169073e-07
3.919550398608787867e-07
7.390005375533051375e-08
3.895798813734163974e-07
9.288016146240777658e-08
1.251416858414474982e-07
1.612412387514258214e-07
4.817086325711578675e-08
2.300399277411603541e-07
2.589075716912337935e-07
2.042253822043932059e-07
4.313667225855391044e-07
3.898830526920627386e-08
6.860335916571138264e-08
2.379642199600302125e-07
1.790344440140211047e-07
3.126851253706821324e-07
1.396331262308211873e-07
3.524814882661568516e-07
-8.797282016027845804e-08
9.432746435933891526e-08
1.935341045897023240e-07
3.124291684145993329e-07
1.207956668121743895e-07
4.008802405824821619e-07
3.978131975377825318e-07
5.043533482915984589e-07
-1.492254628976679643e-08
1.480400775082962484e-07
2.072081975021621178e-07
2.474669815962694112e-07
3.025478570241149497e-07
3.584683687980271834e-07
4.434504650412984774e-07
4.547341370252129098e-07
2.673839659215638918e-07
1.152965110297119468e-07
1.310414330028748010e-07
2.146790424618129306e-07
1.702716947611092429e-07
5.455594220036865957e-07
2.710429172136584135e-07
3.127100812456754758e-07
3.580226538968687803e-07
