-6.129522058291143599e-08
-9.906426404605356282e-08
-1.051671987513204956e-07
7.283575779986255244e-08
2.379650859074293785e-07
1.639583460079689150e-07
-3.065914641888244074e-07
1.891186296841100375e-06
-3.790645298801284025e-08
6.270141193328830620e-08
4.753994908647827326e-08
-1.696675942504049263e-08
-7.066718392193385611e-08
-2.299776116564544399e-08
5.633225977535855082e-07
2.082716231295553926e-07
7.214507749774966181e-09
9.545894727580065193e-08
6.525770055123384652e-08
1.575233079827261190e-07
1.773495080492691522e-07
3.252741952764746484e-07
1.516431945050686658e-07
7.679067017616250759e-09
-5.466191672772343299e-09
-4.302321186427525443e-10
-7.826749024946181670e-08
-4.848177933868928312e-08
4.446177447245144911e-07
-2.913493076772196222e-07
-2.307355621800261674e-07
6.155924846781921027e-07
-1.445943763016055808e-08
-1.976557827555197821e-08
1.868181378701206497e-07
4.299729512822001197e-08
2.938877441598124743e-07
2.206431361775240134e-07
-2.695111249010916324e-07
5.593132576331893215e-07
3.276725973106512848e-08
9.490256662063315053e-09
-2.505953063853731241e-08
-3.488479977707690293e-08
-1.800730678205304828e-08
-3.402114996829840911e-07
2.540553885084981101e-07
-2.992341515881370455e-07
4.597253356597783080e-08
6.908116476958879866e-08
1.159189308584822434e-07
4.006132686947883254e-08
1.824444433056289506e-07
9.708862094056775293e-08
5.885206497050244890e-09
-5.181117376345547057e-08
1.104744394353591901e-08
7.437957282686815421e-08
1.800974228234985042e-07
9.372583846336158799e-08
1.448536511827237068e-07
2.796741060395768014e-07
2.295145236073525780e-07
-3.019966960452156345e-07
2.724967142191415216e-08
9.722087638005073410e-08
1.648176528548005261e-07
7.188547277843024312e-08
2.421859273730403729e-07
1.820893051081339778e-07
8.046859781987708224e-08
-2.631310406079735300e-07
2.989859271557834156e-08
1.022557972555972516e-07
9.033502230798044672e-08
1.378549385556203138e-07
2.115295993036112474e-08
2.364738099085486877e-07
2.780577508753846559e-07
-6.498329421433271540e-08
7.221095406967108285e-08
1.369311932818740185e-07
1.871743921714573074e-07
2.376139758372870272e-07
2.081362476659081874e-07
3.471834116671703197e-07
1.351064431627038436e-07
5.310716545485570337e-08
9.417420594603222178e-08
1.903107710120077036e-07
2.072025348004696763e-07
2.556960309009697207e-07
1.538787896717931595e-07
2.717949164382371313e-07
2.536310441720605064e-07
-5.158304662597818057e-08
1.138494842554781316e-07
1.418991706219805285e-07
1.945526128667091029e-07
2.300424599617191836e-07
3.699105667128142208e-07
3.806151425214721641e-07
9.869125621122770399e-07
5.533781564827406241e-07
1.058887341604293809e-07
2.503199782680184898e-07
2.625697214858463940e-07
2.556288340020227930e-07
4.950102059203302942e-07
3.079436486478307974e-07
5.346748701132591510e-07
4.545696765828738271e-07
2.143590679472264882e-07
3.469408034364103364e-07
3.513768843541339269e-07
4.690303826869518410e-07
4.304587555167819890e-07
5.799366523658343986e-07
8.051434057819739732e-07
6.865241328579988371e-07
