-4.905062448931022057e-08
-1.205486477265835317e-07
3.441705101333612624e-09
-2.166776842767991985e-08
4.846263163091965092e-07
-2.306762843395675593e-07
8.177884656676897181e-07
1.298861203668924307e-06
1.889074134220106291e-09
2.199375863852908437e-08
1.177855140069080870e-07
1.896632413482443843e-07
3.754169392170667210e-07
4.382434210677161092e-07
4.885283672369464026e-07
3.399393022673750764e-07
2.882596396165659322e-08
1.031373022508056245e-07
6.323729189677994252e-08
1.435049965954787193e-08
-7.016382896105908357e-08
1.378894886034161286e-07
-5.768782213391863830e-08
8.157512948611440045e-07
1.836549475900396426e-08
7.613934404121045065e-08
5.438289045897647829e-08
-1.720032525233430744e-08
2.064423548347465527e-07
-6.070164325006571070e-08
-2.150061479993300703e-07
8.479202903918954416e-07
4.599804052821348364e-08
3.654902320526194009e-08
1.377537519104891622e-07
-4.653261614620051434e-08
1.303716831030242063e-07
-2.540908159508551116e-07
6.839878364543061848e-07
6.453896341123946877e-07
3.398337890051903000e-08
-5.862609577565362523e-08
2.331883794322709050e-08
4.798534043488853786e-08
-5.316400230668783255e-08
-8.319315177399511043e-09
4.987229828939052352e-07
3.815266947090512545e-07
2.099850740077110118e-08
1.796088426095303746e-08
5.340694894942671668e-08
6.807333464412094793e-08
7.359414429086350073e-08
2.586309205288124455e-07
-1.619622140973482923e-07
-5.051164589394272236e-08
4.635800208853260949e-08
4.714597990774746228e-08
7.486711363350882304e-08
1.198079196055838040e-08
8.171009174451249415e-08
2.512946223247880668e-07
-4.933613929819547466e-09
2.598523453251038155e-07
3.084770638978898976e-08
2.853547826742577209e-08
9.515347180795748407e-08
6.193108582095403807e-09
2.116078171793722456e-07
8.823869059973481005e-09
-1.446249279548308463e-07
1.886556053083861558e-07
1.371092777091027103e-08
5.669915906645094380e-08
7.301763644346202385e-08
1.064575488420463329e-07
3.150168402988674721e-07
2.498561859626757815e-07
2.471611695457054792e-07
6.022360686027860227e-07
7.607392518750476132e-08
1.074993182467636509e-07
1.757990377657775266e-07
1.243305411593203388e-07
9.731752504026966265e-08
2.115023582768346517e-07
4.441330213285572981e-07
3.314860495181378097e-07
6.315790583788335193e-08
6.549160238511387974e-08
1.386764339158128427e-07
1.474764760485979291e-07
2.647637138545264017e-07
3.282313150413396818e-07
5.898913572032294051e-07
-2.542240211117100244e-07
1.032596231773768338e-07
1.898808947585381385e-07
1.025715235337655049e-07
4.130707404210440539e-07
6.941868406040125999e-07
6.441008870424952644e-07
8.972975512089187489e-07
9.447762969775728252e-07
1.287861254498642038e-07
1.733899866404224423e-07
2.287610193133503715e-07
2.891434074612920035e-07
3.367975238953915003e-07
6.888830102386422934e-07
8.824629510919039083e-07
7.988022775389040470e-07
1.436938955599463291e-07
1.651794396361181474e-07
1.466906140746922413e-07
3.393427491697529591e-07
6.766158190289430170e-07
7.257285476315677742e-07
4.077516197223228884e-07
1.362635141020598763e-06
