-3.612947396602984061e-08
6.370836305535055612e-08
1.311545729546053057e-07
-5.586284831849488992e-08
5.019109507133961663e-07
-2.097077836000588337e-07
6.719450475106561638e-07
-6.725278661956378919e-08
4.006927459319852844e-08
1.541929620944680535e-08
6.052797237777668333e-08
-3.793530316916703383e-08
1.576063973455802304e-07
2.714398711376341281e-07
3.777342256554160505e-07
-7.207078858169224649e-07
4.894889049149757288e-08
3.427057649862340797e-08
-1.598049652508998868e-08
-1.190221336375379673e-07
1.719477469459598085e-07
1.064979567059292269e-07
-8.318845249522849516e-08
1.447583296121508241e-07
9.958065595085188566e-08
4.658524900072784603e-08
-3.040614549112510591e-09
2.431843091245900215e-07
-2.110362170110361950e-08
1.666359811077970603e-07
-5.012430334876319951e-07
3.665941263029337243e-08
5.057461486270252468e-08
1.171444833584132153e-07
1.174795212299533978e-08
1.314820913317135852e-07
1.582970621077699784e-07
4.246141087707161929e-07
6.265234190084887417e-07
-1.932292683854983349e-07
5.676250228950581298e-08
1.375865116057923517e-07
1.628626375977698657e-07
8.544747839456802177e-08
2.897450210659526867e-07
9.071710103883328432e-08
2.750938813139009407e-07
1.393774893176649284e-07
1.490257585251131286e-08
7.617444437732369096e-08
5.294294363326736613e-08
6.808517718193438942e-08
1.654278185491913796e-07
1.251168812984150143e-08
-2.553221155316536579e-08
-2.374679734268053708e-07
5.930128057934915431e-08
1.019619471146622178e-07
1.287265936370734555e-07
1.324956129230126690e-07
3.070998175638595246e-07
2.994510382876707636e-07
1.195947271142677842e-07
1.871886495322470955e-07
2.088135241552750359e-08
4.857327237498735701e-08
4.078222344826585895e-08
8.651243031384633895e-08
1.832249147471596699e-07
1.109597059734047152e-07
1.427992042635135439e-07
2.594508691532063295e-07
7.392597457629912300e-08
7.206490170201045308e-08
1.266398235984380889e-07
3.313031238268853239e-08
7.776144266970914670e-08
3.864863943559630654e-08
8.146903031974109665e-08
4.210049229877075821e-07
8.790302234169727657e-08
1.522020319464728768e-07
1.445009225501262598e-07
4.312036080215294684e-08
1.614852363921745363e-07
3.374108603992868824e-07
1.022364117224873387e-07
2.954133801217676583e-07
9.676246303594093328e-08
1.069466711155027452e-07
1.828021168066012012e-07
1.987884357771588000e-07
2.223241788209188255e-07
4.683688525955010832e-07
5.527472287981168206e-07
3.012927450687040317e-07
1.095165585498392999e-07
2.201780354072571692e-07
2.304623562907225494e-07
3.117620350822825843e-07
3.054578471855221412e-07
4.510926602314609765e-07
5.076123874380201729e-07
9.724774472368378636e-07
1.459185237068230687e-07
2.803534287888527819e-07
2.889301812428525535e-07
2.673863026255883526e-07
3.177449316872559365e-07
5.556890063120609823e-07
5.205324270556211919e-07
3.313013423690378618e-07
1.536035765424099099e-07
2.471744176215312742e-07
3.571219713235148248e-07
3.359614179748640400e-07
6.449185283920482876e-07
5.028021264205675932e-07
4.876136648566359849e-07
1.002155077961465514e-06
