6.855199836618068112e-09
-3.863962997223293162e-08
-6.704386758717637661e-08
2.715658852930766201e-07
2.507845864158652638e-07
5.350717659444735360e-07
4.681664079603562467e-07
5.293031884162553684e-07
4.730534206740294679e-08
1.279848600937692862e-08
4.022774774047216921e-08
-8.106424270631300282e-08
-1.532160210697068779e-07
1.422112219113882703e-07
-4.250698786290670853e-07
5.649268810754517679e-07
4.049385940891712944e-08
5.777710960420465535e-08
3.391790902666763507e-08
-8.106126814595048008e-08
1.203274318484534392e-07
3.434086878764184964e-08
-3.582348974842884157e-07
-7.104127815418685722e-07
-5.513929091445998072e-08
-2.840959785479944019e-08
-5.331052253332407117e-09
1.013450702433548697e-07
2.622079477939303151e-07
1.811928236224356694e-07
-2.330675383167854762e-07
-4.206411475842751925e-07
3.199239165559593257e-08
9.207387839286276349e-08
-1.082420344480870614e-07
-4.967665575522845382e-08
1.791280668930124786e-07
-1.276358455538331402e-07
-1.026957920200802743e-07
2.601971118855219816e-07
6.850272749221786381e-08
1.018579335621083946e-07
-1.204976088749957735e-08
2.737376361519927987e-08
1.253435142112698143e-07
1.013890320120697223e-07
5.056755426329337107e-07
8.906752470736780980e-07
6.036965579630293617e-08
6.889276932164276495e-08
1.124848318069440030e-07
5.106067962392077973e-08
3.188053624097858755e-08
2.905987564821304740e-07
1.621371800451365419e-07
1.132314766899810045e-07
7.293272923132030885e-08
3.786102941069142534e-08
1.143447751368125634e-09
6.695322280369190124e-08
-4.297673139141546538e-08
1.951416874934650276e-07
2.202017250778455940e-07
4.530665944728580480e-07
8.471265510132322412e-08
1.011516362961162675e-07
1.126111181680328803e-07
7.199246753004145501e-08
1.686900819736405366e-07
3.660583167180166634e-07
1.878346453649929260e-07
4.925836700316195343e-07
8.425153812077102694e-08
7.708140927798098175e-08
9.730534256778588464e-08
2.376722112142635056e-07
1.316334622799969381e-07
3.629073833217785470e-07
1.420543621210060935e-07
6.754191944612142939e-07
8.381711310935109489e-08
4.906407247558739882e-08
9.360150523768361017e-08
1.873080764890189706e-07
2.169910631412425364e-07
3.869337602106467893e-07
1.420633394621266228e-07
6.576384038658020675e-07
1.072274616201350711e-07
1.001035298162894295e-07
1.915028821424997009e-07
2.984217227470246087e-07
3.177900736957530107e-07
5.830934932662723050e-07
8.163218708368887225e-07
2.756817064263060563e-07
1.469618201062808485e-07
6.660062947315726911e-08
2.190846617901178857e-07
2.366746315022388471e-07
5.087352625704203687e-07
3.832106721854574444e-07
4.166598900300896259e-07
9.615696527779987648e-07
2.002328053047971806e-07
1.271064047871245666e-07
2.159281965281019834e-07
3.890662909378020743e-07
3.527544454705614872e-07
6.664980103109075462e-07
4.804822120877191047e-07
3.568413985515982314e-07
2.454064357670993582e-07
1.617539790921726268e-07
3.037629538672024759e-07
2.368388320113689491e-07
4.277175783765239030e-07
3.706710317619394922e-07
5.012404158057768612e-07
8.403933538793833160e-07
