-8.389865714591095651e-08
2.022610095768522275e-08
2.040162226926739807e-07
3.991333456820973075e-09
2.796084295878382904e-07
4.692269601997183094e-07
5.542581228564898103e-07
6.666671671909805388e-07
6.462537607642624633e-08
-1.946915641718912818e-08
8.890691409296955115e-08
-2.400777454484255443e-08
3.523167747857251972e-07
2.456290103238970530e-07
5.327579966039269712e-07
-2.462813573003665700e-07
2.384436290082368644e-08
1.692289285187846942e-08
3.708414904925239261e-08
-4.297310970008973317e-08
1.817382328627871814e-07
-8.990684801219015755e-08
-7.395022152453113947e-08
-6.520039286113757518e-09
2.738303479822776117e-08
8.145817516347909270e-08
8.621006238197648462e-08
-6.239207129217148163e-08
6.678510440374309054e-08
9.211569350354315439e-09
5.556932338158880188e-07
3.315763512087626056e-07
1.470183419205110697e-08
6.165023811572181587e-08
4.969070518276272407e-08
-2.341217796569276545e-08
2.514398500995820757e-08
9.520648187569226414e-08
3.640002423717704977e-07
-1.455486031782418754e-07
2.903121934197379369e-08
3.402112029821665254e-08
8.664767946507000053e-08
2.795396103566374406e-09
2.181003900911843535e-07
2.511145610327024644e-07
4.549215986461943148e-07
-6.061101291803950524e-07
2.556744146320343296e-08
2.169644556398248582e-08
-3.562924393778120079e-08
1.354482875090851632e-07
8.061720225624615890e-08
-1.050643675760868289e-08
-3.000311953761497173e-07
5.233356596342885547e-07
8.204989643227563152e-08
1.007535045964300086e-07
6.529420347277641326e-08
4.740918644533681422e-08
1.527066197008899719e-07
1.565439514951618386e-07
4.901710414460515392e-07
-1.254872261542657066e-09
9.421204251507784041e-08
6.652041177987981594e-09
1.598946638280281867e-07
1.473988721784743360e-07
-7.728809054648967564e-08
6.301525720014778878e-08
1.441846648496319247e-07
2.951046008162519281e-07
1.245153585533049385e-08
5.157788122021953891e-08
8.505492887594855418e-08
1.248801379138302413e-07
-3.704532991903575139e-09
2.598123844523854350e-07
4.131762586218000868e-07
2.771087703464045094e-07
9.613047678378405151e-08
1.389508625204937393e-07
1.055894382885610243e-07
1.689541922084776256e-07
2.429088873601953959e-07
2.388331636924810005e-07
4.673567733986585095e-07
1.240151652248084259e-07
9.823208197915651310e-08
8.147414530640608422e-08
1.868628181809237745e-07
2.039526840979412733e-07
1.494740626932473317e-07
1.093657344498368472e-07
3.500977063374560021e-07
2.759114651017020358e-07
1.620899574147743992e-07
2.692167815355723623e-07
1.377338327681881100e-07
1.959782267304421532e-07
4.055128170374660514e-07
3.350826200175367930e-07
6.600825018310417975e-07
3.992365481914441550e-07
2.071854823421805718e-07
2.360210048976414528e-07
2.262706950948984020e-07
3.171222617849037352e-07
3.443711183720466605e-07
6.715170886550478396e-07
8.789487334112275365e-07
5.903993225713106683e-07
2.126430910460530419e-07
3.208184055591418750e-07
3.895665409279595429e-07
4.043899654511969963e-07
7.610672207974763307e-07
4.609235314285173806e-07
4.116277897301189622e-07
-1.733116600405033631e-07
