-6.911701249591057965e-08
-8.799246572163316450e-08
-4.794142967682780431e-08
2.909180591420218691e-07
3.760743587024176736e-07
-1.882736925144962859e-07
-4.093564192892008586e-07
-7.790120488184533706e-07
-7.858753985087144974e-09
1.123323452367562210e-08
1.621662135089119559e-07
-8.863581342106445586e-08
2.611875944062609225e-08
4.212149105377918272e-07
4.748225746490783094e-07
-6.193462639592991643e-07
2.181291198514733344e-08
-2.413321220815267218e-08
8.391312510391272003e-09
9.806957912953125498e-08
-1.732278059871160784e-07
7.953103749170625337e-08
-2.123498710960982710e-07
-1.501415959497549178e-07
-2.278967337563080854e-08
-4.003271045286032080e-08
-3.340550476814194848e-08
-8.135206307946965322e-08
-3.634488653408052027e-08
2.196494699442747294e-07
-4.344933698049378055e-07
-3.416652339340690839e-08
-5.548118753268685338e-10
8.614288175713699409e-08
6.942960191443359775e-08
-2.839629569169103188e-08
8.023989509047602159e-08
-1.323103167487507413e-07
2.483480939870236587e-07
2.057944485237542800e-07
-2.895369136061578033e-09
4.048144077659589588e-08
9.223029815176193533e-08
1.486631575688593066e-10
2.124764494951700516e-07
2.950998354370861259e-07
-2.670715277259346608e-07
-3.724843138245833044e-08
1.912642243176452729e-08
3.871379235712596337e-08
8.547678411661217959e-08
9.543643772222239638e-08
3.015379074375558231e-08
1.728689547237669982e-07
-7.371865636602649073e-08
3.275572915652590957e-07
4.836039160485872990e-08
1.020302796999773345e-07
-1.078290362350713666e-09
1.835096390566795215e-07
1.074790815428932822e-07
1.983127451158304967e-07
1.891364373427810029e-08
8.166531018622805689e-07
6.906033984869761501e-09
5.054710806683013582e-08
3.951800044124087319e-09
1.113763709374723058e-07
2.303760650818029168e-07
2.494445776671093010e-07
-6.017663007396702437e-08
-3.076636685330358829e-07
3.877787339522653348e-08
3.945463734249044507e-08
1.006781366677767546e-07
1.531190083888803025e-07
5.854651282696555027e-08
4.502492252248754878e-07
1.399322016993271829e-07
1.941243374569951630e-07
5.169553278801099486e-08
8.444824684455461674e-08
1.818047510272556433e-07
1.482553558479992435e-07
1.519565275809761334e-07
3.219832591807968452e-09
2.526316508302768451e-07
4.247185842233537003e-07
5.447940515961289778e-08
1.043625346261146545e-07
1.544255995905246467e-07
2.510799954640995467e-07
1.886506093904373198e-07
1.234582607247456455e-07
3.204675908193349729e-07
4.758214961074135274e-07
9.180333676629919911e-08
2.345765162662661185e-07
2.910252666721566020e-07
1.894833601113416197e-07
4.573420044396202190e-07
4.859869185820957219e-07
5.832654357748190128e-07
1.281011653443296726e-06
1.542091526379443434e-07
2.410832460495778521e-07
2.113496044739547870e-07
3.450885397922709132e-07
3.838559178197259910e-07
4.624492148751769100e-07
6.388344639941230775e-07
3.636635505161364844e-08
1.596855700021199844e-07
3.838553557344131232e-07
1.799700870987449710e-07
4.230597512141710378e-07
3.612993217059590917e-07
5.164148091393669673e-07
6.829288094615985015e-07
-2.628789455533419744e-07
