-3.540381054131692852e-08
5.227418427859943428e-08
8.509634460389096210e-08
-1.283079699271105884e-08
-6.931001622735670097e-08
-3.467146190813257367e-07
1.373433636457703033e-06
-1.220839880357878891e-06
-1.586561831576750212e-09
2.563405898637088458e-08
5.148394359106934934e-08
1.145503814984353424e-09
1.163343425191445192e-07
2.765417813629642210e-07
-3.453809531178662781e-07
3.849651020383555106e-07
-2.347375142881287039e-08
-4.817943091851672012e-08
-5.864622428739123783e-08
-4.997969613490018498e-09
8.249581221142394265e-08
-1.372407354700124905e-07
1.339540086645384668e-07
-9.736086121874900963e-07
2.073582228202177446e-08
-5.682382325852470557e-08
4.146532879452902080e-08
-3.328230666276147033e-08
3.633865845529752653e-07
2.233075149529472051e-07
2.016616414152365587e-07
-9.313643405956139183e-08
-4.120211895544970210e-09
-6.750573507387587175e-08
9.343025926744964395e-08
1.273041916609267766e-07
1.989168867547999966e-07
1.952402279966086652e-07
-8.979260750200646989e-08
8.980229491167681976e-07
2.157030082862987957e-08
1.196686319360792869e-08
3.955019363990501482e-08
1.957301897517380519e-07
-2.781676171014250686e-08
-4.330337729826607413e-08
-6.027891490191246241e-08
-1.824393929574557117e-07
4.724096462505087163e-08
1.217935678357511197e-08
1.029698737356694931e-07
9.147722378262974417e-08
1.057359868333695020e-07
4.166536753903080759e-08
1.958745794239120712e-07
-2.072943692270020953e-07
6.568754113721949783e-08
4.414957074828175356e-08
6.778955125822527251e-08
-1.958139776691344339e-08
3.175258079597522755e-07
1.286351481208382705e-07
-1.705020822973528022e-07
2.775566956041008611e-07
3.308534521491465439e-08
3.375584253616642657e-09
1.837837015887361532e-08
7.552114591322460325e-08
7.395995732685094094e-08
1.363706900692472838e-07
-6.717397340928724442e-08
-2.168407641316278018e-07
9.387594882714557612e-08
1.086261925056332517e-07
1.055663624355949749e-07
1.780295480143458147e-07
4.438939158938914984e-07
2.545966972336008336e-07
1.522858955077435845e-07
5.210420727335141321e-07
7.461510519926139775e-08
7.852211912961626533e-08
1.650130307621386992e-07
1.204557168293174969e-07
2.526360579153177869e-07
2.757240011532938968e-07
4.576913089496949262e-07
4.784030481874898838e-07
5.811921675464329360e-08
2.416409987397263722e-08
1.612393425743731228e-07
2.386023757538652177e-07
2.728655254577638161e-07
4.794131916011591988e-07
6.595669557759162610e-08
1.026541945861982490e-06
1.410880120685827123e-07
1.424186746332529569e-07
3.003737700898433551e-07
2.221525778216259739e-07
5.079283837904194688e-07
3.024522709406161523e-07
-7.009702661903739056e-08
9.213881184638751281e-08
1.227430774100751368e-07
1.356642037698187852e-07
2.176810755082034725e-07
3.804423984062787716e-07
4.514147363228932653e-07
4.475621430738192493e-07
4.702692386576385279e-07
1.046313819062355482e-06
2.001908656385463312e-07
2.142102105762168514e-07
2.726015613335022199e-07
3.218625465438470552e-07
4.605591356026876870e-07
8.675642309567641724e-07
5.211346914619346373e-07
8.825928306979820015e-07
