-2.299936090213762718e-08
1.206686354010812108e-08
2.272742545841452762e-08
5.868496914794708164e-08
-2.054495570928765120e-07
-6.726961324359263331e-07
4.086571092287373988e-08
-4.876193088273677532e-07
-6.937465546254818863e-09
-3.641271971820586299e-08
1.002421231695231108e-07
2.087584840428180492e-07
-2.762348134801882402e-07
-6.321676638367174045e-08
6.121783270676506017e-07
2.835053709601900527e-07
3.872789593370137567e-13
4.209485803402840563e-08
5.680753860685170579e-08
1.760628067907698598e-07
-8.540814652950360835e-08
2.178975921493487557e-07
3.838004303965995206e-07
1.548527892493924592e-07
2.813751467834625722e-08
-9.602341584837016965e-09
1.348000427367716339e-07
-1.659679066340175786e-07
2.873468536775899436e-07
1.908834616919433660e-07
-2.587820985761568190e-07
3.117547740199166319e-07
-1.576638567893006459e-09
4.525734732172114025e-08
1.059829139774298766e-07
1.073230525051535663e-07
2.561590372213853614e-08
-6.290996873868618554e-08
-1.535924920803557140e-07
8.926948410815193703e-07
-3.294161313688062072e-09
4.497614542192448357e-08
1.143300598266024408e-07
2.042901966273789947e-07
1.825452654232872250e-07
1.531442546698168262e-07
4.424249939585108680e-07
-1.088287784290015050e-08
1.701179125389086324e-08
2.263582158065922129e-08
7.690847271993779205e-08
1.221610048384027063e-07
2.046695617075569698e-07
7.822757036379668634e-08
3.197138057737513433e-07
7.193265393548787089e-07
5.639124842231760253e-08
4.263205588376231600e-08
1.508095547313065235e-07
5.032250911612649556e-08
1.619250095282148234e-07
1.853486863097657458e-07
1.149551250398907680e-07
-3.225985375655592703e-08
2.305749259185941859e-08
2.835978117224206219e-08
8.512206656548053299e-08
8.735793917796884603e-08
2.028671292949991068e-07
9.412976273759305459e-08
4.218077227413782776e-07
-2.755805065302006630e-07
2.365807823452501754e-08
1.048884778755197000e-07
1.664650847722152837e-07
1.069803798044554010e-07
2.752621236547285852e-07
-7.459323020865139822e-08
3.358132912114500368e-07
5.122769797562652988e-07
8.086880920905073873e-08
1.107361819252364300e-07
1.814614080912240824e-07
2.542865502502206940e-07
2.915684710005374642e-07
1.261775216022059514e-07
4.161664628746459342e-07
3.086538032182749169e-07
7.938468107914301314e-08
8.290336753628556231e-08
1.595857654399742493e-07
1.588840036907617935e-07
1.854958286566476482e-07
4.533492568209530881e-07
5.881488112464324410e-07
7.241895061206266334e-07
1.386546383408849721e-07
1.684055495456994521e-07
1.801986407516204848e-07
4.118601761454057388e-07
1.045796836948812285e-07
2.975341103623311260e-07
7.240871016712984788e-08
4.660523764195340529e-08
1.539374421765056777e-07
1.669197972429954817e-07
3.049965029371547727e-07
4.023076883941599906e-07
4.400886556361476938e-07
6.550771993267325475e-07
7.226399102870861561e-07
6.388781657704008456e-07
1.823255636387195576e-07
2.383416018458160119e-07
3.846996907854523128e-07
4.255338166145168428e-07
7.544464027644705354e-07
7.678736673027816354e-07
1.034378179033827889e-06
1.706357926272493816e-06
