-4.045277012948232457e-08
1.669375274891476176e-07
-5.008442573782773246e-09
3.899224684927840680e-09
4.439213286536047355e-07
-7.564806372767543732e-08
3.435826588155142329e-07
-2.342768201661253627e-06
1.206777180323713094e-08
5.359513554493969664e-08
4.165867850573475825e-08
6.906994206763773527e-08
3.426249921162876015e-07
8.766097754402653362e-09
-2.256050095902930460e-07
1.282528960926693454e-07
-2.837464972477256725e-08
-1.777815696876320751e-08
1.656114254134645347e-08
7.668782966332443806e-08
4.112909260046552100e-08
-1.511536311835061572e-07
1.724252030346847607e-07
-2.135788120339499963e-07
1.973096931161200604e-08
1.920859078861930378e-08
1.193664993775979128e-07
5.629933515729414833e-08
8.374751708947406035e-08
2.719769691927380533e-07
4.666266942452689928e-07
5.377954989896988512e-07
-2.827221708384457173e-08
-8.203353454338474705e-10
2.319981156969096957e-08
-4.058146332157216397e-09
2.904667756845325556e-08
1.444403054640600593e-07
-5.641543571898227918e-07
-9.555402351188845392e-08
7.992230389229625041e-08
2.944740721153105293e-09
3.947680025726847582e-08
2.271553628781689928e-08
-3.921619573523703557e-07
1.729974956727520467e-07
-1.047491013620691860e-08
3.452229766382674492e-07
1.279200059212206405e-08
8.399556470205083062e-08
4.696257839549394321e-08
6.911887187351403637e-08
2.314522308444238880e-07
-3.743746560219313623e-08
4.543775960920363610e-07
2.503147932476890488e-07
3.008247262836115727e-08
8.904021200321870864e-08
6.918846356129814425e-08
1.043742073471729460e-07
1.699454939805479903e-07
2.416444390172357382e-07
2.461354358105286493e-07
-9.620384599681521198e-08
4.878156424995956135e-08
8.293990710459465284e-08
3.535602058003167376e-08
2.022239020295115940e-07
1.022258912635064508e-07
9.977066759027725995e-08
9.561399706970161938e-07
-2.994650082004445942e-07
4.050086312636858649e-08
5.933174334500361891e-08
2.057961208694205679e-07
1.119753076050795711e-07
2.265024359278856453e-07
2.440281346099694981e-07
2.147734260491476544e-07
-8.966433087710283596e-08
6.295709293435689781e-08
1.043006253847151168e-07
2.030672197023421454e-07
1.848858090919083959e-07
1.917767847989697249e-07
3.808180578010804412e-07
1.834866875622845413e-07
-3.878024236729471557e-07
6.390157696625357167e-08
9.738598756564738637e-08
1.620175658754825065e-07
2.303292964837894446e-07
3.239622947826786733e-07
3.800337519588020650e-07
3.177694651817486379e-07
4.807184585111786107e-07
1.118348394539469464e-07
1.574532379922449272e-07
1.541235445489406633e-07
1.845647464596552571e-07
-8.626977717848570000e-08
4.822078698181732381e-07
1.017592762523726197e-06
1.974889561143980745e-07
1.530144335843140901e-07
1.526887790022237169e-07
2.489342391248019578e-07
3.877928929787731618e-07
4.730449702145000647e-07
7.724533234807674261e-07
4.084840956167765637e-07
7.895125774143775286e-07
1.699546028073992179e-07
2.796279784434267711e-07
2.911439157295871297e-07
3.503269491209515250e-07
4.920217354813184007e-07
5.753318297357099165e-07
1.594047507354327824e-06
1.259782835602305312e-06
