4.228550322502289452e-08
5.886847436601807756e-08
-7.496346111342227671e-08
-1.660332787477615241e-07
-3.151909500885546448e-08
4.593613770944783436e-07
-6.627793297971829515e-07
1.641167085591588124e-06
3.197571810758975838e-08
-4.145906697548298775e-08
1.239123542740646488e-07
-5.897744422609251108e-08
1.604707154129938428e-07
4.613365966527077608e-08
2.337256533695697623e-07
1.059085061413500991e-07
1.046562761096593631e-08
8.820948898615015400e-09
5.126865394871467919e-08
2.343956684613363789e-07
2.035288296784719190e-07
3.173223013445405188e-07
-1.636686969744658285e-08
-4.180734890266844905e-07
4.752062437369860645e-08
4.265508237136738158e-08
1.146088335328489392e-07
-8.148915330609747938e-08
-5.333358152383371076e-08
2.583189481207979578e-07
-1.339147725820783002e-07
2.625695071368961147e-08
2.512077861975369770e-08
-2.864208055388160559e-08
1.511769991999914146e-08
-1.328445482376533022e-07
4.043204811282474532e-08
4.684886553796473135e-08
2.099937721652576246e-07
-6.285740870679057038e-07
9.264764743473138853e-08
-1.561875402033294328e-08
2.082993350414619738e-07
3.089248512249968694e-08
-9.329653560067306935e-09
-9.693660718093679256e-08
3.792916978340753204e-07
-1.906834530428008293e-07
4.608203020539628313e-09
2.852744743304617810e-08
-1.203179949460925609e-08
6.873447253786433679e-08
1.436408898730498057e-07
-8.470236497382142793e-08
2.938667671978204110e-07
5.666956472550542177e-08
7.320341366857926481e-08
5.138741922683839457e-09
9.416122344543245208e-08
1.684801812149584385e-08
-2.304734557839580148e-08
2.052347340297688264e-07
6.384193495489642662e-07
2.125258466121086014e-07
7.911583432167551717e-08
-1.542974489514589863e-08
1.324029103305494086e-07
1.159933724143692039e-07
8.085976249266998483e-08
8.883008070969816950e-08
4.472874028550686192e-07
-4.543251001533182895e-08
5.644785528092146181e-08
6.205622505964623923e-08
3.160882289170270362e-08
1.920044443409320840e-07
9.116633142246818451e-08
1.581914712890709621e-07
-8.547872009954305791e-08
5.283009486802550553e-07
7.479410481161362398e-08
5.997910354461602006e-08
1.296124125826880680e-07
1.894309719739273746e-07
1.757283688912232734e-07
1.736379425255528525e-07
2.697420602300554060e-07
2.934915365890948741e-07
1.215857883413173123e-07
1.084746211425970026e-07
1.208667575800901284e-07
1.554876818706048451e-07
1.597997312162435593e-07
-3.083523174646910818e-08
5.402127234277588604e-07
6.322386195994920901e-07
1.266173179156326501e-07
1.648732519184186149e-07
1.863844318302266075e-07
2.493043157942349200e-07
3.431307273641835291e-07
3.248543393581466172e-07
6.430285873657969663e-07
5.157929814118809431e-07
1.470195832581766730e-07
1.414378012337515450e-07
2.112534242154503164e-07
4.386845193154243122e-07
4.117663793397053505e-07
3.290616594943718840e-07
5.474777441103076168e-07
1.044747829249615839e-06
1.641770152707782516e-07
1.770561791723396609e-07
4.301342148135849273e-07
3.796861413975299904e-07
7.196670891400056656e-07
3.355833559905896119e-07
1.005863413473038177e-06
1.459051774098766909e-06
