9.311463027612088715e-08
-6.189685440321280413e-08
-1.104396972001279725e-07
-3.646522247821833045e-07
9.042209705988742152e-08
-4.995035949647413641e-07
-2.107797610448787093e-08
-3.697061696152931697e-07
2.246915880794281180e-08
2.896434693526500599e-08
7.296422202147011672e-08
6.907832406600172272e-08
-4.233388214006697210e-08
-5.664955412870328059e-07
5.278605974915686474e-07
-1.825465274438366929e-07
4.725430216779025650e-08
4.398539799435711376e-08
1.256773837238231450e-07
7.049998827174432809e-08
-1.394077927896107440e-07
1.094170473109727724e-07
1.175213729451677858e-07
-6.596939246895046118e-07
6.059044416826503836e-09
3.134160986154149810e-09
4.800859049840064309e-08
3.393913620209431951e-08
1.421149110681815403e-07
1.953031093985491289e-07
1.423734171546329627e-08
2.308545730493018152e-08
4.237162800840508581e-08
5.040333385229335441e-08
9.463397933962954875e-08
1.554685661995774676e-07
1.088001707437372556e-08
1.978147573718449692e-07
4.965359131144372569e-08
-5.133447068913202643e-07
1.116966011466684791e-08
4.550372167512793694e-08
1.653076694146714949e-07
-4.501696963594686293e-08
-5.783266838666283689e-08
7.233072506769686763e-08
2.024406540077313676e-07
2.017240273952711862e-07
3.862502643520700246e-08
3.945232494855789830e-08
6.271213638145121903e-08
-4.789965861674277002e-08
2.664740442955533884e-07
3.384827971014899317e-07
2.016364942096675065e-07
4.534744668986300099e-07
2.045921834286115409e-08
9.891216336074769420e-10
1.006808264371144535e-07
6.201311783229093610e-08
1.684256967608231097e-07
1.583085113826005385e-07
2.608286662679169632e-07
2.705493845663168974e-08
7.214654003535632292e-08
8.821451950659733133e-08
1.548411236780920930e-07
-6.286857142224499536e-08
2.909773378419978695e-07
1.648455170635259498e-07
1.746523640842613467e-07
6.813315139689344445e-07
7.206216663230585366e-08
8.258353239475548635e-08
7.644370615643336506e-08
-3.491810506941938503e-08
2.688425527985726671e-07
4.251563444658805115e-07
2.075881499166366921e-07
2.335081152380339888e-07
6.586058573466542412e-08
6.922779856411108985e-08
6.006162092070900795e-08
2.040807663622559119e-07
2.168611881133645529e-07
1.032260187864962832e-07
5.291122045388431384e-07
7.514464390155355590e-07
1.005779856853186355e-07
1.231571639713333957e-07
8.254004769687361488e-08
1.762399152032132406e-07
1.815899252507491943e-07
2.191016135242447561e-07
3.699502902427347549e-07
3.060539337513050330e-07
1.133790199172142741e-07
9.344588435549748253e-08
2.032961293901061201e-07
2.499364077192565609e-07
2.883762286472001080e-07
2.475245814539095809e-07
5.667303538649643203e-07
9.617978944910726784e-07
1.508103457927852177e-07
1.563142662306537334e-07
2.246835348237306531e-07
3.527964164194234036e-07
3.368044558840562402e-07
6.709483529428062877e-07
4.725350716888929368e-07
1.013567855159429485e-06
1.458325898394199716e-07
2.599953290522495404e-07
3.272165514812473511e-07
4.675974736051841529e-07
2.703438854577207047e-07
4.706567183967560160e-07
8.375425274403279889e-07
7.869310858632855356e-07
