-4.319888903808496002e-08
-1.055265560761227517e-07
2.603366709643969369e-07
-3.093709592596720929e-07
-4.060864047725549389e-08
-3.153225571470796530e-07
-4.301858460485001888e-07
-4.195491729628987253e-08
5.444757944835891141e-08
5.303849794720218129e-08
-8.700847718847898266e-08
1.009217292740866053e-07
-5.651934252066590626e-08
-1.942691132733368607e-07
-3.410904894469458477e-07
-2.462050069247378526e-08
3.034698617033570770e-08
7.441100447644420582e-08
1.050649764861212880e-07
6.277644223617040899e-08
-2.032126590618649456e-08
4.716073580035178972e-08
4.085685456034149172e-07
1.422504603774445460e-07
6.084050873636205492e-08
3.490665492566697138e-08
-6.463829725052557646e-08
1.941533855393742276e-08
-1.580142221917118912e-07
-4.391875411044212995e-08
6.374755858776904712e-08
8.222379858986642962e-08
1.352207177570200127e-08
-2.683368170541191193e-08
7.690333646937265203e-08
-1.123661429195706791e-07
-6.711011189973682191e-08
-1.796257989676790048e-07
-3.472748567527704604e-07
-5.739303746898993208e-07
3.471187521421436428e-08
-1.715209196380471701e-08
-4.533956859327318112e-08
2.549413718330085984e-07
4.722026775210579583e-07
1.572543971310411559e-07
-3.364086763159914586e-07
-3.853573586781023929e-07
1.178740681903028483e-08
4.056365474930205487e-08
1.750975096960093315e-08
9.827655794190452334e-08
6.724931576839209234e-08
1.152226379623366627e-07
1.728654164793869588e-07
7.490705416171671582e-08
6.164531987067174378e-08
3.770726595846134563e-08
1.358619503229389144e-07
1.325142386586385602e-07
1.465331843780129489e-07
2.126963996813502379e-07
-2.862028024401511502e-08
-1.869023712725672987e-07
9.540199322950860365e-08
6.843080181752514358e-08
3.768576385954303956e-09
1.517101130103354029e-07
2.413782940536498628e-07
3.347201470017736599e-07
-3.852237805137659863e-08
-2.884056958110535558e-07
7.669870442177173370e-08
9.792316244466201733e-08
4.213212952505066483e-08
9.289774952950240272e-08
1.996572961061753822e-07
4.479567548500102945e-07
6.277737218772067101e-07
4.619287010171116080e-08
1.007294087922290810e-07
9.841732211475093207e-08
1.051977017790035100e-07
1.918030742238773633e-07
2.361072057089894603e-07
1.418076968723875590e-07
3.249277562766361939e-07
3.582004471988965692e-07
1.043851350063695071e-07
9.024068113316154813e-08
6.228991233937601475e-08
3.320289231057689512e-07
3.071689861076027160e-07
3.468128050857617458e-07
1.945237650479249090e-07
4.593937120190694694e-07
1.226280650732429146e-07
2.033071658057082992e-07
3.232799439260717873e-07
2.123356195426952242e-07
3.663246074295576153e-07
7.319932170263124450e-07
3.931550073612777645e-07
1.143207696983921821e-06
1.525686642083284879e-07
1.409490600569660954e-07
1.246276889459947736e-07
3.370525868871448552e-07
4.254762891582760543e-07
7.336494383009854629e-07
5.833817929971476356e-07
4.633861170700184089e-07
2.282933310791491155e-07
2.427693581697339643e-07
3.449028494984884546e-07
4.987804245981371064e-07
2.082046929723761400e-07
3.910136426538981938e-07
6.838292145449579270e-07
6.865002608337853551e-07
