6.062502066993070116e-08
-1.750955767854772818e-08
-2.203331091472327658e-07
4.310560938490261070e-09
-2.137836041878573989e-07
-1.589245513913714024e-07
8.382679524833234289e-09
-1.025892110367688705e-07
2.284897381941872322e-08
2.940360089956711649e-08
-7.744550327935998382e-09
9.368515304063461292e-08
-5.098364635241014364e-08
-1.656579814144292898e-07
5.203407481737975284e-07
5.227058236861413041e-07
6.901572050927811697e-09
-9.263940921302948893e-08
-5.267543965673726586e-09
-1.242873115526293845e-07
-4.902630530731482907e-08
2.128517674836805432e-07
-2.486816632991828083e-07
-2.278716243710383388e-07
-2.242979344776198428e-08
4.253977945500705570e-08
6.873770460104830746e-08
-7.589591442525662259e-09
8.136211295284084231e-08
2.074809715601043786e-07
-5.975442880384675839e-08
1.285894665090020931e-07
-5.511732506876548062e-08
1.569880813277326697e-08
-5.741588675459408391e-08
-8.363880396432294821e-08
-2.561556469037846119e-08
-2.362194792714552624e-07
3.663528748943451284e-07
-4.186940067157688062e-07
4.191750230328657755e-08
-6.012172894902936584e-08
1.071053773714322949e-07
-1.077451890661939576e-07
1.626339139699410553e-08
1.015135942095958821e-07
7.506686056209430783e-08
2.508475479628308167e-07
2.331433448743299099e-08
9.036936050430207127e-09
9.388599934604969315e-08
6.383459761764955237e-09
6.404753326631734175e-08
-4.270436517464838368e-08
3.253741061906009682e-07
-4.833449161831273893e-08
3.024182487787217003e-08
1.131290637750993197e-08
1.020775323256518410e-07
4.099411253902630269e-08
1.548502094222816095e-07
4.305239434734503126e-07
-9.766624450765657834e-08
4.094161184261524098e-07
3.462884551974427908e-08
3.132586620133294441e-09
6.481776171597782429e-08
3.804813056399854829e-08
1.356096960352166293e-07
2.069852900099900820e-07
1.585909774230386310e-07
4.099167200101358814e-07
5.102071960563984383e-08
7.526375991862935087e-08
6.282947901278633637e-08
2.411120277119969041e-08
1.016514059959073537e-07
1.566937363295549056e-07
2.192200126860158130e-07
2.480011080798046316e-07
6.453132192930279278e-08
6.959428589911230070e-08
1.437727540240967977e-07
8.235181363634707247e-08
2.005449165735861345e-07
1.774026448669416852e-07
3.661948414661084766e-07
5.777235166557733943e-07
9.822763953854524053e-08
1.018042692946735369e-07
1.332336886534521105e-07
2.374049249721361298e-07
2.618792799034962610e-07
3.977173436516837377e-07
4.746604417286590886e-07
2.430221717278463081e-07
1.096137676526283971e-07
6.870512270724511272e-08
2.852588350272083499e-07
1.624978740451698284e-07
3.434918075321265364e-07
3.720164740972917789e-07
5.192934745912497384e-07
1.042065733099412703e-06
1.439269587913815547e-07
1.719585315669588075e-07
2.788157358764900449e-07
2.529629329534018673e-07
3.963111000310866912e-07
4.732056089038701713e-07
5.844322819162236429e-07
7.185462949884207343e-07
1.716764364819603191e-07
1.582089025755373141e-07
1.983461509010392746e-07
4.081485282123255033e-07
5.904189189030400443e-07
4.894071266291387409e-07
9.190713214211804208e-07
7.180710153659325796e-07
