-1.244032419478161894e-07
-3.753344115799446917e-08
8.038424708933445697e-08
5.108796633698129448e-08
-1.243974395903301395e-07
5.647448224517575399e-07
-3.760345281774137775e-08
-8.998754947715829529e-07
1.646829085121000628e-08
8.538685191045596626e-08
6.353933492648114831e-08
-3.975562956837321563e-08
9.575976270344690196e-08
2.386216574329402221e-07
5.960286244700370672e-07
1.089135813682549607e-06
3.113952953324258902e-08
-6.909530108550593551e-09
6.469512833624919600e-08
-2.922689412257319834e-08
9.490423740504739678e-08
1.350066844111290711e-07
-2.634323034775336705e-08
4.819825533984256920e-07
1.923048039815132586e-08
7.599176343655289006e-08
3.743340794462063463e-08
8.668120627252509505e-08
1.025243869158590951e-08
-1.933276248578635423e-07
2.142955179054658826e-07
2.136873958758976362e-08
2.498048217456615248e-08
3.340988019134098493e-08
6.156088889337456500e-08
9.849115648990605748e-08
2.348231378005837301e-07
-2.520258349234739018e-08
2.982823725131444410e-07
-5.493714860271911266e-07
-1.324267803739367049e-08
7.137702961710264804e-09
1.330126971003088451e-08
-6.950806410132689533e-08
-4.264132284006543410e-08
1.246938986111138288e-07
-3.221368055288451814e-07
-3.461360172403765738e-07
2.126135794410999598e-08
3.546225867934845489e-08
5.692289982127605553e-08
-3.305278955983628904e-08
1.706135112332604275e-07
1.504715467711041395e-07
-1.277429830336444124e-07
2.912154064582337546e-07
3.464427650132194002e-08
4.868084576250592589e-08
6.113197026447475316e-08
8.368463095910928207e-08
3.689723712486989576e-07
1.689268856802241227e-07
-7.942515841438993407e-08
6.657815592967965470e-08
1.287510361762346784e-08
7.167167320662493903e-08
1.006207338615471967e-07
1.964607959567669380e-07
4.457186353081548695e-08
8.259094773413510987e-08
2.914505532566853674e-07
1.298209029103339661e-07
6.563187989040814077e-08
5.513550515406522389e-08
1.424846401499062361e-07
1.721321322850376493e-07
2.096567546400331466e-08
2.192458030651295843e-07
2.901047461200877201e-07
5.342877459608078166e-07
5.399209385884994810e-08
1.008961964433098753e-07
1.353164236492972793e-07
1.354184325691252827e-07
4.030396453264171930e-07
3.649360633020761389e-07
3.472490832814623231e-07
8.236052569535450617e-07
9.182103525416252598e-08
1.096881904268251136e-07
1.552571529492048083e-07
2.363113508623744113e-07
2.581534404328325161e-07
2.707746853148634115e-07
2.961481917470419956e-07
3.699332824630393736e-07
8.732196366603367046e-08
2.588661330538280333e-07
2.371779074507647971e-07
2.095916939740557680e-07
2.485426742118873427e-07
1.775799831683220933e-07
2.634262431455120553e-07
1.070071658743934881e-06
1.497443192416641510e-07
1.307385722650795956e-07
2.099567130582359468e-07
2.425405762514930007e-07
3.668870073989113516e-07
3.639468235004484425e-07
8.714664720012429890e-07
2.241378239034219802e-07
1.903998292971349486e-07
1.947710697246992904e-07
3.440045609458432922e-07
6.607030354454454997e-07
6.094454662203174106e-07
2.984391458637923805e-07
3.860618892259946643e-07
-9.386921185900319314e-08
