6.313597497592325291e-08
4.648319977540886757e-08
9.092265270376719203e-08
1.450908948512804449e-07
-2.744886663392621028e-07
-1.370701611224060787e-07
-1.032302416644538632e-06
-1.209154982432272006e-06
4.016180600157582897e-08
4.201362417126574815e-08
6.724200213296575786e-08
-1.332176941925397712e-07
-1.589219520264613984e-07
1.281595943151554300e-07
-1.201410141026009038e-08
2.904018011342826492e-07
1.935428055188475921e-08
7.568082471849220152e-08
3.061135679371896932e-08
-1.300774619494047260e-07
-8.326487283147018298e-08
1.245326533338838767e-07
3.020600366135881436e-07
2.264053726247844597e-08
-1.732154645374556617e-08
1.381210558026458772e-09
5.773312598504261445e-08
-5.197334249801618588e-08
2.082586956248199062e-07
4.179822061719835777e-07
-2.040218793634862791e-07
2.485655365980108341e-07
7.975980823081304949e-08
1.872757893504751727e-08
7.845996976277097903e-08
1.080341186222755780e-07
2.832337480524232059e-07
3.049434886836038988e-07
-4.282496877145387461e-07
3.935229306065060638e-07
6.401695193119090268e-09
3.478067100975519564e-08
3.086493414759212699e-08
1.382848315002976209e-07
4.045687476777182443e-07
6.956528142722390387e-07
1.120916384887518204e-07
-3.895162373983479664e-07
2.507329286668431283e-08
3.299808829589369224e-08
7.389433786740749566e-08
5.795168537976532656e-08
1.947606892178607282e-07
5.973255959186166260e-08
2.116044301833737838e-07
-1.404549077528039493e-07
5.313528748701979216e-08
3.077749180731586279e-08
5.538975952281482857e-08
1.099599135525049822e-07
1.098639174656885106e-07
1.624896353279767628e-07
4.709616340769747821e-07
6.355595925986800917e-07
3.754577065383897634e-08
5.265662392737234334e-08
5.324636192403890128e-08
1.375558377916314954e-07
-1.358061541629931948e-07
-6.541487367776479111e-08
2.940327621184581997e-07
4.155827496835181990e-07
6.324781295760663121e-08
6.748288272779480069e-08
1.279505829641016599e-07
4.815122671180363902e-08
-1.610986118585380077e-08
3.990125471334764035e-07
2.299706629725591337e-07
3.460740060573365083e-07
1.041600654860381974e-07
1.167471004904610197e-07
1.106324628830831089e-07
9.887308463540645217e-08
2.388759481605364052e-07
2.569502736854549728e-07
2.825780609889175670e-07
4.143891568325037407e-07
9.601756130715891141e-08
1.178898551660268574e-07
1.693833050411814945e-07
2.177696295391534924e-07
3.329073613926981761e-07
3.827075638121640596e-07
5.171256478763205518e-07
6.901978693756948714e-07
1.226053418071207791e-07
7.490902210079952769e-08
1.958251358855179503e-07
2.520314901676112165e-07
3.604326861189857437e-07
4.012237010627790321e-07
1.180663137840749428e-06
5.055741201031820694e-07
1.565255962609440621e-07
1.574335495561881282e-07
2.105768433723265203e-07
2.772556100768614565e-07
3.703473541708452894e-07
9.460390000997585032e-07
8.178364927044360655e-07
7.285328086054771447e-07
1.641065436222169679e-07
1.545568687486515492e-07
2.911003707976908146e-07
1.180804432976583641e-07
3.740622246620080463e-07
1.052164231159378793e-06
3.171696926806092587e-07
-2.795334790505097753e-07
