-3.608807793538105785e-08
2.263126841143047684e-08
6.290737642084482203e-08
-1.225197222277452544e-07
-1.720241874666429666e-07
2.522109329472267797e-07
-6.953241044717713250e-07
1.420449240933868740e-06
1.459060871756001780e-08
1.104687863593509611e-07
8.066360905375393967e-08
8.625515744857537513e-08
2.369337388261122643e-07
-1.093892925175665534e-07
3.939474588746261515e-08
9.195609587811528333e-07
3.805558413539975833e-08
4.197648812925569401e-08
5.245619303416905960e-08
1.395227754363903975e-07
-5.316678629446657721e-08
-3.940875798792710837e-07
3.212805330045464528e-07
-2.272475380135161736e-08
3.263469405097506725e-08
3.051071642405873006e-08
1.268449312331317995e-07
3.807445543321577854e-08
-4.998947313642294158e-08
-2.590124158175954422e-07
2.431463011158744568e-07
2.964017285675705750e-07
2.499970338197451712e-09
-4.690499623340716894e-08
-2.177687773654872335e-08
-4.666402480105721106e-08
-8.148298238656252058e-08
-1.585383693838949740e-07
4.677470529264677926e-07
3.847529695334605273e-07
3.596769447631911452e-08
4.884546214297594542e-08
-1.598506389885618066e-08
9.096291471715110983e-08
8.775544489242616079e-09
1.418001289759557296e-07
6.026103253537042648e-07
4.839975515240001540e-09
2.723532396717951419e-08
4.665300905314218585e-08
8.006509951824248197e-08
6.985040253021960543e-08
2.179252646103392970e-07
8.767231355562996564e-08
4.205998236297703073e-07
3.343182473779286167e-07
6.703066754967638930e-08
7.788489830688272299e-09
9.027556543166903752e-08
1.192495758308528769e-07
3.390327956833104386e-07
3.064564624960050070e-07
3.910124901157214146e-08
-2.341115628369700617e-07
4.548456665656954286e-08
-1.770138537834555762e-08
7.264785100739996297e-08
3.920529063998492084e-08
2.109891644389386112e-07
1.474875172530860316e-07
3.342858901234039963e-07
3.880257330657538913e-07
4.295100063856559087e-08
2.871423136697665291e-08
1.495368208179044964e-07
2.206199413937785206e-07
1.665172282576716987e-07
9.082898983086069150e-08
8.962279171562369080e-08
3.961447705338453646e-07
5.220928481052602481e-08
7.001892919526323007e-08
1.174755781543592513e-07
2.567015084268981799e-07
3.352612351465630429e-07
3.633881743636970684e-07
3.479295447153349473e-07
7.437132318941754143e-07
5.531375798244514007e-08
6.850036492881548197e-08
1.368166657991037493e-07
2.258006021333723358e-07
3.769855343699488282e-07
3.082790031720359797e-07
6.088954860445449763e-07
7.465720317374806206e-07
1.238505972567856437e-07
1.305378354456486084e-07
1.414540306935784700e-07
2.786730868570415060e-07
2.703924116682135839e-07
4.052685477331559836e-07
2.574249725129843501e-07
7.226596154546803181e-07
1.221333388360851335e-07
1.357770967059694728e-07
1.474506351427601910e-07
4.160635383408886785e-07
3.051228500947212961e-07
3.501603844391856535e-07
4.582905369513370030e-07
3.830331514576898107e-07
1.633404035876382772e-07
1.576085381901392928e-07
2.299634744008817728e-07
5.287200082986682259e-07
4.826532079856711019e-07
4.799395084709758457e-07
9.612480349943516407e-07
6.481124162883521710e-07
