6.370561971620891284e-09
1.813533448850684058e-08
-2.464318286596816645e-08
6.289220135629844645e-08
-1.118370541266397188e-07
5.524990933077845583e-07
-2.184399895844073138e-07
-1.245108598114303926e-06
-7.663716727141894314e-09
-3.898493820709872324e-08
8.962833876734318312e-11
5.845452132525055931e-08
3.550512710127765369e-07
-5.316498344714917376e-08
-4.525156294725084932e-07
-3.489252411651467384e-07
-7.136906607965054125e-09
-1.285102307293873942e-08
-3.396284620488196544e-08
7.825758411294957847e-08
1.151082476711429527e-07
1.220420169957865776e-07
-2.104381239614673277e-07
-1.130739629220478841e-07
3.084443881886278750e-09
7.573337965677681946e-09
-3.462284598277981583e-08
-7.057766470292684533e-08
-1.887207323370630833e-08
-1.276560925733697620e-07
-6.103576021888285030e-08
1.762405125731986829e-07
3.654004813135273801e-08
7.957273343128572930e-08
-4.767744375970083578e-09
1.728809188125894824e-07
9.961149857165497666e-08
2.893120992254840139e-07
2.926472827280723617e-07
-4.065710404773909795e-07
1.769413260719952403e-08
2.835922697598188672e-08
1.844296697057236399e-07
1.275006649841762338e-07
-2.505487402880513006e-08
2.046124553995508300e-07
2.138344120517679206e-07
6.876104596001374264e-09
5.399375748150721347e-08
2.281737986378419853e-08
1.006698913781254495e-07
1.322467891293400601e-07
2.709341277220413974e-08
1.976659456209447165e-07
-1.788124453701491094e-07
1.761720644878638905e-07
5.993908176375284747e-08
5.269142793246210844e-08
1.417971167891287490e-07
1.341295361600851589e-07
1.914323235456971351e-07
-1.330870913764294010e-08
4.998140791926411268e-07
4.109588471185841048e-07
5.430978838208357893e-08
8.271653658267867252e-08
1.292121682146903537e-07
1.385848335983399409e-07
2.811966437756973697e-07
1.317223495397911367e-07
3.965766880172490034e-08
-2.163933761286127001e-07
4.469402194682899909e-08
8.136180270499394666e-08
1.373154590651031705e-07
1.663833766452661017e-07
9.397005837656904950e-08
-5.982854935960066883e-08
-6.969983374382587217e-08
7.077790597464157862e-07
8.740599036372936649e-08
1.205357651341240237e-07
1.029997322113465422e-07
2.153236169393069824e-07
3.572530164916402975e-07
3.227049754029059307e-07
2.021642525907369212e-07
5.838558242713048455e-07
9.084618457818442254e-08
1.019990811416819057e-07
1.239120872016970233e-07
2.021938880101729000e-07
3.305567626172695132e-07
3.197888039904982320e-07
4.350015534736357171e-08
4.827235058469841167e-07
1.239982786279195517e-07
1.406178323641463676e-07
1.379143991324432014e-07
1.691646261543093517e-07
4.249005777872796714e-07
4.566745005211177946e-07
6.842723778861561473e-07
6.004241696475562725e-07
1.430697859972169024e-07
1.784677981421259765e-07
2.711163482134257757e-07
3.414209375779161872e-07
5.519127241953918182e-07
5.657600575977973142e-07
1.091036618166232831e-06
5.006916807992134093e-07
1.841779485201079484e-07
2.257583782113497258e-07
2.443315785624243960e-07
4.408772129794589377e-07
5.956589285867672021e-07
5.127267388164793953e-07
4.738861874845102598e-07
4.509381303388973853e-07
