-3.506246481862184315e-08
7.694837807174051751e-08
-3.578493005100551498e-08
1.098473948023575882e-07
-9.578597851155682124e-08
2.651866781934804577e-07
4.706704071875083314e-07
-4.846350823427249669e-07
1.297168219912814326e-08
3.213252578555833143e-08
6.672209060319095767e-08
-1.942688473088632899e-09
-6.850441580571953642e-08
9.747489853114724780e-10
1.006930541696121251e-07
1.733516676747656752e-07
-8.454179312816409247e-09
-2.564689291724034837e-08
2.159008280177452412e-08
4.629609191672845167e-08
-1.296937194680100916e-07
-2.138180275317434429e-07
1.201275967039604192e-07
3.226895987944106124e-07
2.270361974900829290e-08
6.917003220892585154e-08
-2.958281064051486645e-08
5.585021841003239451e-08
2.352490821889485105e-08
3.057354149715503613e-07
2.676844957040246415e-07
8.422353496879770934e-08
3.906770843237548110e-08
7.534314454877846665e-08
4.773798535806794400e-08
-1.465145462191937894e-07
-2.087778149180400819e-08
2.279926677049608573e-07
4.919555779523353576e-07
6.345481805631893908e-08
-3.148840223270646627e-08
4.846117157300881346e-08
1.011976026382625558e-07
1.813685464849290178e-07
4.996344506571099132e-08
-2.929784357859833729e-07
5.328760540709401448e-07
-2.098645665856075514e-07
2.269676856129122003e-08
6.918235598551168476e-09
4.797285204039711352e-08
2.463247174807112976e-08
1.368626555080461980e-07
8.257895827187084920e-08
8.453665827265318377e-08
3.588221937321438010e-08
4.994371657875551974e-08
4.839431883030927951e-08
8.161652451308327537e-08
1.220569390233995328e-07
9.083435933813274335e-08
2.675906160664340518e-07
3.990974164770563315e-07
3.222882664155252133e-07
5.465871102531490028e-08
5.799656261418602442e-08
2.521493582407321289e-08
4.827458024592014656e-08
1.367153093180603154e-07
3.880438861269879608e-07
-3.578344089363540779e-08
-3.870495079613578047e-07
3.625975487943034558e-08
6.521840663164899827e-08
1.999354765596954192e-07
2.617689041390550585e-07
2.565027474263860751e-07
1.478070879608184491e-07
4.982987423336250470e-07
3.409289881148984886e-07
2.619882251516177713e-08
4.137405065573205811e-08
1.329426759567472326e-07
2.693157335360795408e-07
3.125195521118965047e-07
7.470586989612174446e-08
4.958761845969724019e-07
2.677016624502276993e-07
7.298914010159642480e-08
1.075177064418820298e-07
1.869106935866662392e-07
1.507973594050024797e-07
2.356811015558747158e-07
5.304587929582878252e-07
3.851303986461875350e-07
2.312518113955606419e-07
1.387808115481892478e-07
2.011446264449698979e-07
1.948676424103069353e-07
2.050858240226947500e-07
3.222768393914893832e-07
8.894042525306166716e-07
9.897647595608783194e-07
4.826607618937711829e-07
1.249556574562855816e-07
1.509913887575351382e-07
2.522914997640356589e-07
4.046293104482067719e-07
4.397787895451729959e-07
6.416012598415271691e-07
6.878315938585195020e-07
1.227654222578237921e-06
2.127240124337738408e-07
2.061565489266605683e-07
3.082074231300260698e-07
4.504398739477352829e-07
4.886877068566775362e-07
1.042774155144569410e-06
6.814263345753838403e-07
4.204720523582461642e-07
