8.165778121308538065e-08
1.816222943255677188e-07
9.853336217871987803e-08
4.748060661731895159e-07
-2.206836470687639968e-07
5.175082755158522458e-07
-9.532313527802587202e-10
1.386029642293180234e-06
-1.459919432784195441e-09
1.699583509032131599e-08
9.113854475977386951e-08
5.126863340394181966e-09
3.659491816422745757e-08
-3.176008697747155647e-07
1.015286956798245071e-06
1.184580998267507726e-07
1.691303199879226758e-08
8.679258586753179814e-09
-1.593456350861271529e-08
-1.037577862307345406e-08
1.190178980178295022e-07
6.545738275203061641e-08
-2.935548393577847140e-07
-6.555744073988886054e-07
-5.020884340794303113e-09
-4.448975874593881620e-09
5.639115183324221557e-08
1.677734762898906560e-07
2.119963094328230600e-07
-3.562974884182128571e-07
3.887812598936659546e-07
-6.493645680627038237e-07
7.015069004265871443e-08
4.986044905945603379e-08
-1.016732870293698041e-07
-3.877252393608796903e-08
-1.965778230236142015e-08
-1.392487894317244683e-07
-3.722348305251561819e-07
7.112224902407123028e-08
1.439279458528150481e-09
-1.960749961926444611e-09
-4.049066429335179616e-08
1.053983103944819988e-07
3.256666710344269906e-07
9.402127589349214552e-08
-2.334090722665201797e-08
3.150078842073823192e-07
1.116288880585183934e-08
2.279939090992609959e-08
-7.334088193464131339e-09
1.321606248695548393e-07
1.309999450188191472e-07
2.386755820525116802e-07
3.195890094266859883e-07
2.016331160361233217e-07
3.373922865393137388e-08
6.179695222833457100e-08
1.149807453221732469e-07
1.803318485157582103e-07
7.590484333770425726e-08
2.301334737059675330e-07
9.717214090507767643e-08
7.292690039937444019e-07
4.809282398235449324e-08
-4.875157967734721432e-09
6.509432054950354194e-08
3.834295691437082298e-08
2.076225564515234160e-08
-9.438389310854818766e-08
2.436930342215717766e-07
-2.605981965085382113e-07
3.533470099722513900e-08
2.150112457225305860e-08
8.436303936326403725e-09
-3.040893685675383879e-09
2.670190063254546874e-07
9.244758464558403591e-08
2.606098129481380906e-07
4.931497537910949405e-07
7.826491109169094707e-08
6.061747085974028479e-08
4.024003147636512399e-08
1.958947754496119698e-07
2.281501851102608704e-07
1.888648820124765963e-07
6.545700864833139939e-07
8.040147615494960247e-07
1.186205477711731646e-07
9.062882971133593863e-08
8.620060278482719596e-08
1.090080598508999783e-07
2.186965337264501735e-07
2.313423752860253097e-07
4.269963257372341923e-07
3.441593925314421270e-07
7.248755601923988793e-08
1.416873839943169450e-07
1.564431498264418190e-07
2.469344244835625952e-07
1.926527964247968160e-07
6.240692199791693740e-07
3.737834734106365448e-07
4.600366295078866027e-07
1.712776767823543281e-07
1.538186739930528387e-07
2.100177213444912795e-07
2.167362324952663421e-07
4.678268855984250754e-07
3.820972304788691477e-07
9.960091573788436870e-07
5.018026524710216730e-07
2.357377278202533177e-07
2.524448421467946653e-07
2.335473907954178617e-07
5.675501279362676638e-07
4.739823983320239748e-07
6.860603899940291346e-07
6.707732900902549475e-07
4.405665930176520173e-07
