3.478953299340143719e-08
-1.528425310764049198e-07
7.706377013775984427e-08
3.264727627915382583e-07
4.361113914027454479e-07
-3.156483424163526578e-07
5.733633113309663586e-07
-5.446344016516636371e-07
1.220109971652130307e-08
8.557364903922125491e-09
8.530640628473244139e-08
9.882594278162671315e-09
-3.243848075214074930e-08
-2.984854821098028302e-07
-2.990958695131080169e-07
7.968594103387915601e-07
6.746334874156060823e-09
7.190434881332340329e-08
-7.121868270371054076e-09
4.056767629725406882e-09
1.897189285481806750e-07
7.940186299550231252e-08
3.206309018731990316e-08
1.589521701267309263e-08
-2.008940635299099750e-09
3.640563015260603147e-08
7.384303184600656980e-08
-6.809111109237548395e-09
-5.052372200225185731e-09
-2.588406372416704525e-08
-7.123976939651474788e-08
3.771144508551704084e-08
-1.116224738823470615e-08
1.742066196051725231e-08
8.931823341392060046e-08
3.455804546313614387e-08
-4.463916971605850363e-09
1.514058862457693189e-07
1.618481393171327708e-07
-1.351091284670506949e-07
3.160427941655881520e-08
9.141264537384410120e-08
4.906869232082177751e-08
1.471176691202392100e-07
1.348933944644741319e-07
-2.842016068846277829e-08
8.941281995566799311e-08
-6.395912516006803862e-08
2.391679323709090964e-08
1.548923743139770827e-08
8.572037492867004497e-08
1.402236076734771960e-07
1.356807411228203292e-07
1.169636356055465014e-07
2.040470488275071597e-07
1.759595050597163519e-07
6.380187359106413715e-08
6.335859153031285303e-08
5.574345244591419205e-09
-1.355506996233635617e-08
8.092720048233227580e-08
1.451106262559384709e-07
-8.826055064226342791e-08
9.703296155709312957e-08
8.475480365118756801e-08
1.156672223166875639e-07
1.011042847251750431e-07
6.222304146305624016e-09
2.397137652550930441e-07
1.794963947135053313e-07
-1.756333173532646531e-07
-4.892023258111392674e-09
4.625018675427196736e-08
6.345349274188969251e-08
1.562925597936083529e-07
7.081749570958344224e-08
1.613002370702669494e-07
3.039205366955995729e-07
5.207048225750486223e-07
3.217628134147316077e-07
6.250687679376113143e-08
9.128820297370727521e-08
1.290405825672991415e-07
1.576844307240904253e-07
2.605624051190155812e-07
1.829084573065518670e-07
2.346705371971217842e-07
3.186789786515344515e-07
4.885072286529815650e-08
1.083616553262546254e-07
1.219229162715069473e-07
2.496145273600760685e-07
2.759640065588931081e-07
3.001822149824105336e-07
2.311962204863952284e-07
1.007847705796044583e-06
1.045823114462625967e-07
1.773902195532365280e-07
2.067490315374451585e-07
3.360870278318688365e-07
3.960733123915734543e-07
5.537084391910442596e-07
-1.116611705937095243e-07
1.062815804306171450e-06
1.391606098565219089e-07
1.342991260347897980e-07
2.135743488554658971e-07
2.622079188672878160e-07
4.403346573001575914e-07
4.393364475306805320e-07
5.798239605478728002e-07
3.009983198887747297e-07
1.520348300513397157e-07
1.649778885210837114e-07
1.375750387127586027e-07
2.989338779674039250e-07
8.248517865850856240e-07
5.234901294872665316e-07
1.014953074722472358e-06
2.458839433477702728e-07
