5.849904182205793903e-08
-1.214537260172150799e-07
-1.176225938701670712e-07
7.559870361544624699e-08
7.194591324595129250e-08
-1.630681781200568074e-07
-7.439298903500570017e-07
-1.118190369258859249e-06
6.799641857589497753e-08
8.795494773621646264e-09
1.635846295398595157e-07
-1.429631739392170781e-07
-9.996998430962107117e-08
2.359710395692253295e-07
1.928895491062003893e-07
1.915468077940562800e-07
3.724153245322135654e-08
3.474613210363366183e-08
7.579589813782259016e-09
1.163577423557208623e-07
1.622973507852259455e-07
-2.873603049962013698e-08
9.227759900425491325e-09
9.885932218811322152e-08
3.777273316652693327e-09
-1.867481263246922459e-08
-1.003720267496726596e-07
-1.804234972950412723e-08
-3.897960475700558241e-08
1.795680037781415553e-07
-1.784487183448075465e-07
3.382923855170654026e-08
6.371504384754511987e-08
1.149375019299204810e-08
6.176137952181848990e-08
1.019935564978216422e-07
-2.291445573537272843e-08
-2.105984777549108358e-07
-4.446156352331660038e-07
9.257553610522694035e-07
1.580381421750066429e-08
2.268547458465341080e-08
1.068774633218482307e-07
1.379082567379750684e-07
-2.190608488254715216e-07
-2.389380993895522329e-07
3.346987530102042875e-07
-5.213176949361999319e-08
3.190275556541299717e-08
1.374606867857342465e-08
3.642217055217244175e-08
1.099816363275354264e-08
2.885146745609614875e-07
2.276007546855887143e-07
3.873099622042247388e-07
6.348685664995151873e-07
3.439374937372795593e-08
1.149081292004299822e-08
-4.436455922635840039e-08
4.237735080039510998e-09
1.539328523447397611e-07
3.057162686327326872e-07
9.659431933348730409e-08
1.500206963551298917e-07
4.095106289475314946e-08
8.490053499389967636e-08
1.384180014297597345e-07
1.878508660097598273e-07
1.670893755959500729e-07
3.621222642344820891e-07
2.065269120733105746e-07
5.710180261482270335e-07
3.432958539055688020e-08
6.397219749786379659e-08
1.435349209484939373e-08
1.079511981644737891e-07
3.032238795664872976e-07
4.304455186466577617e-08
8.268072459010087341e-07
6.806547277359814138e-08
9.822651820180448324e-08
3.732224266468581129e-08
7.914981479613595932e-08
2.292757708758109518e-07
2.256460324223410744e-07
3.854048587567026970e-07
4.968678095344688641e-07
5.309231720141346083e-07
7.030716416691613542e-08
5.850584043906767746e-08
8.753519313861373365e-08
2.667554681003344001e-07
2.036206730081643114e-07
5.060846361287844492e-07
5.432446988663212454e-07
3.988386352295214855e-07
1.208507626192615111e-07
1.268931099414272999e-07
1.734082527752419826e-07
1.823682273704069901e-07
4.233146098105290435e-07
4.897194997556060667e-07
3.700275579127337634e-07
8.954005377711354864e-07
1.258677952927157633e-07
1.615614938504043385e-07
3.200668623674258780e-07
3.929750855374203564e-07
5.985612717881784370e-07
6.791149898739673673e-07
6.766928135172594031e-07
1.107456123671617887e-06
2.205744922684588457e-07
1.907326406058315101e-07
3.660071252541054173e-07
3.713177270108698472e-07
3.335740788230158688e-07
6.045845449152626660e-07
1.151815377812183800e-06
1.107673363037031051e-06
