8.366073041728856840e-08
-1.733383434152925119e-08
1.221909909362323017e-08
-1.194895852683460165e-07
-2.982311879161223631e-07
-6.318719380006600456e-07
1.012778316661720534e-06
1.849543486492446555e-06
-1.883157479990737192e-08
-1.395339780980690977e-08
3.788352763507904754e-08
7.399328319096044173e-08
-3.049083700995693700e-07
5.086817330301935608e-07
-4.490334820069139822e-07
1.395506668935076163e-07
4.261677181166992407e-08
-4.895548975612222220e-09
5.576476804543638474e-08
1.750213702044331305e-07
1.243986200377309493e-07
4.973489214215512448e-08
-6.022357331170996095e-07
-2.384126159786703229e-07
-1.698497403675478572e-08
1.152191834501300434e-08
2.921135425738082399e-09
1.607926606079356501e-07
-1.550376384089688668e-07
1.373018914220514466e-07
1.238149445366649704e-07
1.128226243784870538e-07
2.362985543505990871e-08
1.372062007792457331e-08
6.886177823552170663e-08
1.731651116535996940e-07
1.543592747049613690e-08
-2.156624621907168771e-07
3.370000668218724039e-07
9.819074008109817701e-07
5.408597306058958363e-08
-4.797498264902552802e-08
2.658871301531756041e-08
8.273861186788989182e-08
8.308768029744311022e-08
-1.838179293352214341e-07
4.296288466283198412e-07
2.127972718339263829e-07
8.580851422096639308e-09
2.931795956452311547e-08
6.312053678266546855e-08
7.461399802487947689e-08
2.982266549965689145e-07
2.846786877186202978e-07
-3.989573134047344850e-08
2.598536212709266053e-07
2.027939806528296035e-08
-1.111129565331447812e-08
1.056773423150982122e-08
6.164290389812286146e-09
1.016297699514264757e-07
7.459698908832274858e-08
2.288824619518980108e-08
2.998556886216902226e-07
2.960049772351059905e-08
1.755904038992108704e-08
4.205469710318184893e-08
1.334483387063854823e-07
1.338904800229805174e-07
3.407822353723068925e-07
1.246116326157584819e-07
1.984711452317405654e-07
3.427921191132017694e-08
3.572907070815411773e-08
5.478604305641904036e-08
1.408585689810885890e-07
8.282087341275433785e-08
1.131901070041236616e-07
6.856124862415105086e-07
1.735368808181858528e-07
6.564920826191540650e-08
8.702806831185680401e-08
3.746151425250530480e-08
3.055415443607104736e-07
3.470719466767235946e-07
2.982088719859829341e-07
6.198502875057483021e-07
6.201304788273314060e-07
5.241629262991260618e-08
6.203688597118974756e-08
1.714688583198532193e-07
1.788888671267367243e-07
2.961521297468859741e-07
3.315761812686819466e-07
5.631245004911975770e-07
6.094054010449767566e-07
1.443583436872873259e-07
1.672846506202906774e-07
1.765503449416673921e-07
1.573130504894529295e-07
5.694523395053086434e-07
5.023980313839171571e-07
4.453526670248350993e-07
-8.398901172012180099e-08
1.403264142104708542e-07
2.511170532714960741e-07
1.980672940520513430e-07
4.163258593233496758e-07
5.726091877054237614e-07
6.412765227804368533e-07
1.319948391597277392e-06
1.289744081782161275e-06
1.486795498597274933e-07
1.571268667790985144e-07
2.070532391351182603e-07
5.324439381904967700e-07
4.212620805309592442e-07
7.339753092930997525e-07
6.536713358218183397e-07
3.646051957582099696e-07
