4.258424520891767348e-08
8.742328506443015959e-08
1.556613950006812893e-07
2.538690530604273193e-07
-1.421285658089530181e-07
-6.444226043481837644e-07
1.909021723771360593e-07
7.122379096764780084e-07
2.926494990328534624e-09
4.381035747484404098e-08
1.395003134503701666e-07
1.352628924316067403e-07
3.661612070950853929e-08
-4.986981472580246459e-08
4.236313958470097534e-08
9.694549668672464127e-08
1.709280209755910354e-08
-2.110922110159762653e-08
9.026195620594506663e-08
-9.332388386359811402e-08
1.383530825574102285e-07
1.307750895621943853e-07
4.112910330271374672e-07
1.687939597225144249e-07
3.725157619969040504e-08
9.482422435003516559e-09
3.598946613401555628e-08
-5.709935427789052705e-08
-7.009099067113057352e-08
4.982028750405650440e-07
4.395920769720551105e-07
9.473649073274283084e-07
2.604172701532113015e-08
8.038984376801883546e-08
4.667441020786248405e-08
-5.296264623481834699e-08
-6.613558636938218550e-08
-1.867732839245019670e-07
4.873863272598694328e-07
1.795667784951674914e-07
2.464909704874138173e-08
-2.021316857009086418e-08
1.313388279089353493e-07
9.239423746800620368e-09
-3.332581791658465029e-08
1.430335090106007773e-07
-4.799584647793485077e-07
2.649089658503250057e-07
1.513253616542660488e-08
6.135432945364109154e-08
1.163746649273707205e-07
1.860522771458659586e-07
4.932044266253508565e-08
-4.591944396598429341e-09
1.491228495399518323e-07
5.760450795522512041e-07
3.637640203583192563e-08
5.163911684021708551e-08
4.859762264799206451e-08
1.559892191042414150e-07
4.161292275459486372e-08
3.347291923329110144e-07
2.267229625045400512e-07
1.582863106982356272e-07
-1.535812632104339191e-08
2.555036922675044435e-09
2.934857398668456612e-08
1.476170938346819206e-07
5.356238595330136375e-08
1.665549998285259337e-07
4.011692898150562359e-07
5.773701874606380412e-07
4.272190522706820165e-08
8.002306719947831658e-08
1.176098101595191387e-07
2.143238643675467768e-07
1.504285928120473421e-07
2.364415269616600317e-07
1.834904362642087443e-07
7.519032452714498878e-07
8.607565379294905434e-08
7.328618108850895425e-08
1.172547466348693045e-07
1.149407485286199703e-07
1.379944585195385688e-07
3.236502714334779451e-07
3.437430862477805932e-07
4.156474017384470176e-07
7.778139211289617031e-08
5.480727397434759099e-08
1.117002507000065379e-07
2.374265375063140902e-07
1.672707081309524739e-07
4.332638936073438420e-07
3.414302554554486423e-07
7.425694631010490940e-07
1.063972548713608234e-07
1.184669551239048995e-07
2.202300585186414824e-07
3.593338918563509533e-07
3.551631156447959255e-07
6.689595104505502171e-07
1.749244834841917634e-07
8.319080269633923270e-07
1.378997791019937019e-07
1.674707204803267034e-07
2.743319359620563424e-07
3.436942420693560220e-07
3.634092158569028474e-07
4.382692197329445366e-07
6.700406174779059395e-07
3.109711071655800421e-07
1.488891004040370678e-07
1.323004344745184710e-07
3.568607369086386630e-07
4.826864743977822469e-07
7.192901999337458918e-07
8.570306234300424675e-07
6.909927537391423402e-07
4.604511702811460967e-07
