1.788314278826273848e-08
9.267220280052521608e-08
-1.072371413764137039e-07
-8.691587990293031244e-08
-9.873448017042618885e-08
4.206028144811998785e-07
6.984291306948323053e-07
-9.746335972999067964e-07
5.583134226590564543e-09
1.235402610737182637e-08
-8.855940650753317815e-08
-3.643102663767119045e-08
-7.863151437749870508e-08
-2.992506637909936238e-07
2.301370587024632862e-07
-1.901600976458607012e-07
5.546870836771357065e-08
2.263153722399261700e-08
5.610504662361832599e-08
2.824320037939535565e-08
1.247405016985816434e-07
-7.563975548845772770e-08
1.270239636461835001e-07
4.018697029105407800e-08
7.353174871003854867e-08
7.341008353065170572e-08
1.991767733752999647e-08
4.801448367770695906e-08
-1.359225341994890929e-07
5.075463451002074833e-07
-2.268911629907463493e-07
-1.095025685118413694e-07
4.599215374588207095e-08
4.917263654166866543e-08
1.459692017286975637e-07
2.580191875405860611e-08
-1.005437729532095036e-07
4.844701080478981956e-07
2.137852237609346884e-07
1.740069390323539799e-07
2.398796986010900796e-08
3.054488399913229677e-08
-2.165258754098639032e-09
-3.395043510980834473e-08
2.688978093259773198e-07
9.518085105988460659e-08
-1.167152255236594242e-07
7.869859542273403828e-07
3.564278434986444513e-08
8.526940751339269265e-08
-2.132898166154735885e-08
2.464456277962846016e-08
2.009321475383835309e-07
3.063983292953792525e-07
2.231218774039126719e-07
1.848022633411592125e-07
1.421523335948188137e-08
8.963045164832098724e-09
1.685227874337468065e-07
-5.760977179738337072e-08
-1.665874050983696632e-08
-9.949236551210442259e-08
2.253272261222177380e-07
2.480025189269232147e-07
5.116590957794049001e-08
3.622444948658063900e-08
1.364447367741767818e-07
1.223297635366482304e-08
1.881628674971253931e-07
3.383849264683456048e-07
3.900100014481925948e-07
1.081179194573310053e-06
5.117994380056494879e-08
5.272290702179330589e-08
9.714282320366138755e-08
1.863666296845623612e-07
2.069223384807356008e-07
1.279899059836053594e-07
1.446704417981161553e-07
6.355235481921818448e-08
8.668631509846285919e-08
1.217952866134591303e-07
1.326196926068402380e-07
9.846780596010213071e-08
3.042133227277165271e-07
1.163151211813496830e-07
5.555529180996791735e-07
2.318713580703879884e-07
9.645532248409243441e-08
1.199283158286311480e-07
1.633493351176056676e-07
2.529959048956534526e-07
4.065867134478741014e-07
2.896019325911433604e-07
2.090034181226399580e-07
5.418373735838334331e-07
1.596109263865849986e-07
1.239259348924599789e-07
2.505513950435016086e-07
1.467216121436525566e-07
2.957845649622726313e-07
7.955692142404520905e-07
5.005307176961766469e-07
1.039255941779145900e-06
1.636717849021086131e-07
2.472799539640744408e-07
2.447278808360466992e-07
3.858810546462689568e-07
5.058094259300833428e-07
4.271943171450732838e-07
1.159097591644437376e-06
7.558378029609271592e-07
1.732418856584929326e-07
2.222231971804974708e-07
3.235842161253081322e-07
4.350598120329409383e-07
2.506307345138663322e-07
5.147965268086435365e-07
9.198262532954713618e-07
1.134967571176331012e-06
