-4.400978549136726963e-08
1.147363857494881495e-08
5.486481133461432201e-08
2.565913105655805590e-07
-7.089159086124496115e-08
6.133834782645233280e-07
-5.010380018218543039e-07
-1.076003782115639010e-07
-3.845391406876218807e-08
1.754973398333022242e-09
4.833929373341558502e-08
7.798348626210876732e-08
1.511196460567639979e-07
2.871771244838832456e-07
4.884627615646685630e-07
-1.380380112861593032e-07
-5.111476334394259073e-08
-1.113423903515350750e-08
-4.526396655978079131e-08
4.781881435175336726e-08
-8.425681547167638666e-08
-1.024132191708721341e-07
1.997961881890899062e-07
-1.499344530642041709e-07
-1.224627816177683121e-08
-1.439377102460905287e-08
-5.501952965932741974e-08
-2.502433063265063439e-07
-3.798163284061729213e-08
1.902067776278310003e-07
-2.079809328291043629e-07
6.611474470210465099e-07
-5.719436719921415897e-08
2.242944731193536310e-08
1.513412079672227815e-07
1.367056275784010044e-07
6.011494019181186825e-08
2.045776416309731217e-07
-6.468850764508910661e-07
3.161639690114933286e-07
4.747254765074322167e-08
1.027413764291699230e-07
1.616862554103114761e-07
-2.574063632072014002e-08
3.198725078863013219e-08
1.548769069224195091e-08
4.192673440214237615e-07
1.066672020433241766e-07
1.783611366755237459e-08
7.665056416603090765e-09
-7.576741912719917988e-09
1.663946408014338217e-08
9.560268630153762629e-08
1.132734625192028141e-07
5.179920884461228553e-08
4.380209649772910539e-07
3.263030796032932501e-08
3.172211333873383315e-09
4.027950659860421436e-08
4.799102850418627527e-08
3.085833508156711853e-07
3.384343909234821542e-07
3.415517633403931872e-07
2.344253154944087515e-07
1.530180582523149149e-08
6.118036730689375188e-08
6.805842234010257005e-08
1.135817910089846113e-07
1.767567040669863937e-07
-2.715243400944460323e-07
2.573496852067812635e-07
4.857105848160592028e-07
4.211749137818088823e-08
6.525540606154197425e-08
6.805841534904419503e-08
2.491191263241592998e-07
-1.270707715943962948e-08
1.860050527600579436e-07
1.590498651660193822e-07
-1.776809274485185184e-07
6.135721341321296949e-08
5.643812872927144549e-08
8.325625175589516522e-08
1.456796821726158677e-07
2.540458402900084896e-07
1.921600721275653502e-07
1.583709407895333100e-07
6.096949961134113786e-08
2.002047115201099890e-08
8.746725349269097062e-08
1.671225776212795634e-07
1.041028850580130572e-07
1.428961951370711899e-07
4.785584610746200500e-07
6.795959135605040631e-07
5.865679620895172573e-07
1.345176333450008135e-07
1.812075905730531380e-07
1.255158391015177677e-07
3.072379698412998922e-07
3.919212036279823403e-07
2.739865559481100546e-07
-2.226392413817980231e-07
1.277172408725289319e-07
1.204876121405603352e-07
1.453425158616104314e-07
2.051485824480135651e-07
1.523135373876121875e-07
4.860985855001554265e-07
7.051439980491718214e-07
4.706777967622449779e-07
1.034538026491326210e-06
1.548382221232026738e-07
2.036086246023005578e-07
3.208958465250137723e-07
3.130466843698867438e-07
1.768329990713956683e-07
4.152955125493473921e-07
9.986402194292474467e-07
8.711393889425141613e-07
