-5.770783772411527041e-09
-4.256980679801438402e-08
-2.204006318311864969e-07
-2.292100323505022958e-07
-1.730366046874478727e-07
2.340827361838769969e-07
4.771583547891932798e-07
-2.973116873420224132e-07
4.888519731170016770e-08
5.098329379414406254e-08
-9.273497015028124718e-08
-3.523174679669964807e-08
1.808988356472613593e-07
2.508219651727323052e-07
-7.232913852866414898e-09
2.157173575439802519e-07
5.937658185284114318e-08
6.453289323489424878e-08
2.638763453802300335e-08
7.634345065716471717e-08
1.917017618080021040e-07
-1.938623821688352940e-07
-3.113248531365251142e-08
-4.336914017368048053e-08
5.762597206899367938e-08
-7.596654674440813152e-09
2.500270390471400523e-08
1.069059225633221992e-07
2.259583693912804967e-07
-1.228877283761159021e-07
-1.021812767466458471e-07
4.684554334614537069e-07
-1.078492403351541543e-08
-2.067834172641380231e-08
-8.312627963771577233e-08
4.506360643738341464e-08
1.531574336539437751e-07
1.946905674285962332e-07
8.934157915358495535e-08
2.273430979834516077e-07
-3.098983761557321962e-09
1.127744523548144118e-07
4.828075817286668228e-09
1.025280107175894118e-07
3.947920628943199038e-08
5.805264204798971121e-07
1.478389862546170518e-07
-1.769461550758471234e-07
2.913687386243434285e-08
4.159371673968308572e-08
7.010567737540341288e-08
3.683122735887050579e-08
2.260668093043765290e-07
3.302601938736694394e-07
3.277058230701925644e-07
1.914886905224599692e-07
4.778907085035836663e-08
8.420141360229367278e-08
1.150447128815528979e-07
9.315223718245554100e-08
1.374821944785464858e-07
1.948251682638756974e-07
5.201876287368599273e-07
4.764660222605577108e-08
4.981886696702275569e-08
5.651912081143016387e-08
6.536014753307108123e-08
8.640498651587050144e-08
1.977677584851374556e-07
8.005493950903850669e-08
-1.035029580703347079e-07
-2.758789290215655503e-07
6.109884035970807748e-08
8.854003550919793785e-08
1.383217543424267476e-07
1.122937827974049324e-07
1.610344866467285818e-07
3.006597839310679865e-07
5.675991795042824019e-07
4.563292869563350991e-07
6.092096318369537832e-08
1.234752646268036302e-07
1.702122336186866957e-07
2.079783135147617298e-07
2.689109211996723965e-07
2.707957379594623407e-07
2.033117170272732633e-07
4.604512217585800023e-07
7.397583984447607087e-08
1.227447358439903750e-07
9.876656723440941110e-08
1.966478404905574939e-07
3.127483158593389267e-07
3.455044958583500125e-07
6.973750461439765337e-07
5.217721171562611637e-07
1.226794923480261123e-07
1.463740650336749415e-07
2.404330384655864282e-07
2.867671243432917756e-07
2.352261758049334421e-07
4.374345150492159892e-07
8.656735157708825552e-07
3.209893006507551040e-07
1.174310668793563754e-07
1.599156730415736930e-07
1.646049690985726426e-07
2.777289006579292083e-07
4.130464281900768625e-07
4.625626445705524364e-07
4.511585597111909236e-07
1.154637878127893187e-06
1.289064141364530598e-07
2.020990385377356580e-07
2.100187236481218152e-07
4.065245069322017431e-07
6.678205339617200783e-07
6.405195307059255796e-07
1.334425256051372987e-06
1.479654579201249607e-06
