7.927167876854739712e-08
-2.684224173359485105e-08
1.407470029242191061e-07
-1.052513327977263460e-07
-6.235742431979345571e-07
-8.528066364383398125e-07
-7.257477383875015300e-07
2.055815888844130067e-06
6.190511195471814150e-08
2.176613362228010390e-08
9.650546033057504628e-08
-7.201175436039531789e-08
-1.314610945796435968e-08
3.125071400472477480e-07
6.349421274757622926e-07
4.976811639828535988e-07
2.009667094884616053e-08
1.084324225737635715e-07
1.044163447879954032e-07
9.810842853663900575e-08
-7.818611354262310578e-08
3.197286433991872183e-07
3.012356553072144601e-08
6.262661842292754970e-07
-2.366511112186836691e-08
-5.838697599856191435e-08
1.647734825061304993e-07
-1.088104252148575959e-07
1.613394142654457585e-07
-1.455873374989018205e-07
-3.385209394927748187e-07
5.310616660785737942e-07
6.757254352632893792e-08
2.408314056486063947e-08
1.845561477797294089e-07
5.426406130696219731e-08
-6.460592076289921991e-08
-9.606044890774877029e-08
5.435040300091437973e-07
-3.187879806456800759e-07
-3.094781549089766417e-08
-3.405521001448115682e-08
-5.961646523777955409e-08
1.154696435746050654e-07
-7.361466751482445232e-08
5.015992237297198159e-08
-1.895397480543914275e-07
6.981105953463859811e-08
-1.327722569834372090e-08
3.741481451019802848e-08
6.816369247815685699e-08
1.950998260299689231e-07
2.108053377106227303e-07
2.167999925971743809e-07
-1.142064459953311150e-07
6.843455445074560549e-09
5.226159906341174809e-08
3.260436156043139332e-08
1.304471330245123752e-07
1.932967971501351524e-07
8.001897003635589198e-10
1.083177307039183970e-07
-1.815002183822018864e-08
1.260225856572041747e-07
1.943874760373771337e-08
7.771379063124781935e-08
8.412165575666465284e-08
1.486672615115726003e-07
2.308075370193747132e-07
2.865020454426573383e-07
2.085526172189964660e-07
5.493285414456482378e-07
4.052619329911971320e-08
5.304278729974807447e-08
9.378178524362327209e-08
6.032901697942736227e-08
1.647140479088105146e-07
2.030899535319188658e-07
2.548402562306307130e-07
5.296593040413547517e-07
7.553230046539126194e-08
9.597399498655309195e-08
1.536110403480046753e-07
1.842285556087775100e-07
3.567884462902836255e-07
3.162172574298271448e-07
5.380343266031916205e-07
7.555100848382047005e-07
6.314725848173357660e-08
1.362332378272953450e-07
2.061459642357192639e-07
1.501206854950026863e-07
2.288624684392117875e-07
3.654298845815805640e-07
3.144438266462461799e-07
4.678404968319064592e-07
1.209038456682021125e-07
1.435739787418334259e-07
3.003231800933777854e-07
1.241675133174906969e-07
3.720646923194755072e-07
3.554644901536323643e-07
4.233984044700362910e-07
6.006059061873529426e-07
1.176634175708004453e-07
1.530937365942540723e-07
1.817608901183746876e-07
3.354616258175730150e-07
3.401670369842472053e-07
6.854967190025891682e-07
6.195602712094310675e-07
3.687137601131233197e-07
2.007525994573832586e-07
3.081293682038263861e-07
3.879619248491631084e-07
5.681471787623971462e-07
2.490503206478740802e-07
5.888440188366473582e-07
4.378304828642008742e-07
3.982374512896522495e-07
