8.259973701444634281e-08
1.490514018375092541e-07
-1.248968228444486227e-07
1.793568340681112851e-07
-1.367576412758180490e-07
3.597021815874765307e-07
-5.138418694410504569e-09
3.072390541085617245e-07
2.587339572062129988e-08
-3.030845001405020566e-08
6.463974615824554754e-08
-9.460319308265297419e-08
-1.189656183093321164e-07
-5.651304388167865449e-08
1.395673734433311399e-07
-1.043006229084046261e-06
-9.950943956249391286e-09
5.265873938338900385e-08
-2.742394637429337794e-08
6.163138097846933251e-08
1.613508499340975397e-07
1.173491273046181130e-07
2.890669870234378875e-07
7.596828853936950577e-08
2.063429167347021673e-09
-4.336696185671277819e-08
1.788252109139900239e-08
1.085735336831311885e-08
-7.093972839334658075e-08
1.668406884631766586e-07
2.249689586352914534e-07
-3.140708235484305666e-10
-2.797700004332575476e-08
-1.303032566962979694e-08
4.039096686643937528e-08
-9.910435099879859091e-09
4.355233859009561452e-08
-1.982874418896643196e-07
2.073061187899290248e-07
2.247035244062106033e-07
1.926473251512728371e-08
1.697749568856329624e-08
1.549434602160413260e-07
6.824552481208765830e-08
1.772290401591985367e-07
4.893139795714484220e-08
-8.919766882457491664e-08
-7.319980979614436154e-07
2.966631650657477468e-08
6.300182491952068429e-08
1.408133261232081913e-07
4.931654214632978271e-08
1.750154115952481862e-07
2.965316189535995010e-07
2.140706524866269330e-07
9.061708686130758755e-09
4.259895229053126965e-08
1.653101832605232650e-08
1.020180360335444426e-07
1.520995928093500341e-07
1.106833282335237257e-07
4.603210024797107738e-07
5.276082248310980479e-07
-7.721469068326601633e-09
7.438030138911105574e-08
5.015401032321953083e-08
1.441726268453669359e-07
7.015888261481253374e-08
2.026455430570367735e-07
3.423570731901670756e-07
3.564323703026136283e-07
6.058420653205004363e-07
5.180156110169083026e-09
5.623771769464097614e-08
5.968510939137310167e-08
1.615801227382638988e-07
2.362145214514767243e-07
1.499295309686719166e-07
1.633246260432675629e-07
1.757320263166949681e-07
1.022565160980475361e-07
6.184877170331556009e-08
1.075943238573729275e-07
1.914082426968130240e-07
1.540639168852011605e-07
2.154553731086148189e-07
6.160362169951652330e-08
7.142594765584508832e-07
6.258867956631873004e-08
5.682723843012655299e-08
4.850049718569141374e-08
1.424644224545947146e-07
1.006939495438808764e-07
2.051256828675823813e-07
-1.956389144171220116e-08
2.928662702737982884e-07
1.413619446572049237e-07
2.196452044828025641e-07
2.027481514177469371e-07
7.466343355695573531e-08
4.454638999403294726e-07
4.154447033211722686e-07
1.067043447952078229e-06
2.655281485304718810e-07
1.278446633252787697e-07
1.644369151109039971e-07
2.795566775933173696e-07
2.628884198689849468e-07
3.871222167527295200e-07
6.444353785730582689e-07
6.007554312376577881e-07
6.777625461551677271e-07
1.265569623662801619e-07
1.076628991787583429e-07
3.354725836828526290e-07
3.804369295527459754e-07
2.741445039945487323e-07
3.721605622304377939e-07
1.091618062864088738e-06
1.687344824314334876e-07
