3.364373252975688531e-08
-1.224863754209071749e-07
6.572897852253175856e-08
2.940516097031400781e-07
9.859659836646603551e-09
6.289429030665538814e-08
-2.310318866649433468e-07
2.699945273917105136e-08
6.230322631821282942e-09
3.776619479639627654e-08
3.626809461301047698e-08
1.273635249374315810e-07
2.555024857052868469e-07
1.971169570135391470e-08
1.562478674427216532e-07
-4.718406955078593046e-07
3.399553083827106429e-08
1.333963058545409548e-08
-3.521512489908890667e-08
-2.888082085082191211e-08
-4.282898256369858025e-08
-1.443299750076297929e-07
-3.233222268890155406e-07
-5.463807010840291108e-07
2.584336586606258375e-08
8.497122664898531470e-08
-3.681632163356413734e-08
7.125574838415977464e-08
1.254398391506464394e-07
-5.110251038348916446e-08
3.074613775796886966e-07
6.191004581931103817e-07
2.521057468331550398e-08
1.250264043577211285e-08
1.055193577871945212e-07
9.648203013968489777e-09
-3.920279290201383163e-07
6.746275793165788344e-08
1.609354326733440076e-07
3.704498742409645728e-07
7.350409174817744607e-08
1.024346503173003996e-07
4.825488157147670114e-08
1.121622509867493005e-07
-4.593171794583232249e-08
-8.159969223517341431e-08
4.838978782689395820e-08
-1.846409783211710096e-07
4.065283111690839648e-08
1.441923578042567144e-08
-1.270286434053510522e-08
2.211823887148364948e-07
8.958660169803281283e-08
2.669026661722425324e-07
1.003184297189369949e-07
-4.880800104705005940e-08
4.549870184321645168e-08
6.338883009599731915e-08
1.502491566867578703e-08
1.944199317847645950e-07
9.943496657988214292e-08
1.281812333486249964e-07
8.399157554341636510e-08
4.723493073590534996e-07
7.604052723731254970e-08
5.333296509842564267e-08
6.085843222107029880e-08
5.325347657973924010e-08
1.709981028992422381e-07
-2.554881352150589964e-09
5.503723664091298084e-07
-7.625929259410657514e-08
1.349246648959459477e-08
4.290209002531549028e-08
7.166319937602143553e-08
1.818422654685716415e-07
6.990897445158761452e-08
2.228237374896666328e-07
-1.673459395916381791e-07
3.078661820084956715e-07
5.740528063205108182e-08
6.675636830322226119e-08
5.311345704407466851e-08
1.365353168454597750e-07
2.098229593842195934e-07
4.953686051520673917e-07
2.886171148187329010e-07
5.777878881284799718e-07
9.150469019460287975e-08
1.328425566390013621e-07
1.778699269958119950e-07
1.579543892849557480e-07
1.905177905298566079e-07
4.863955305172536914e-07
5.969694770105028777e-07
2.885435081899301265e-07
1.039679288387071413e-07
5.175573446091258610e-08
8.691392888120472810e-08
2.835230627637571978e-07
4.354103138715170994e-07
4.530328728652990174e-07
5.964798227228802521e-07
5.232082800706644571e-08
1.500826966334504301e-07
2.086956975935540141e-07
2.429479472809461700e-07
2.254765008140342781e-07
4.639514858800687763e-07
3.767124427966948981e-07
7.280765025386409124e-07
6.996615765315266268e-07
2.160457439353005784e-07
3.121904086235290528e-07
3.592809456043955538e-07
3.089180355496308999e-07
4.603756725774248687e-07
5.029350491375736776e-07
9.582565928464286734e-07
9.266652296587429528e-08
