7.441486034042676675e-08
-2.353020826361412959e-08
-1.049391679794861440e-07
-2.690431770595333229e-08
-1.910030841374913344e-07
4.155468690377089108e-07
2.215512287583828922e-08
-4.977751111990064216e-07
-6.713375504343139812e-08
-1.548783765388523903e-08
1.809839756983226184e-08
-4.654450052739356049e-10
1.775770674312206427e-07
2.585164813758672784e-07
3.182575715928002125e-07
6.520950975346592382e-07
-1.997570665973964768e-08
-2.425588075466834912e-08
8.310674850532524838e-08
1.503330709852381411e-07
2.914990724867097951e-07
-1.714078435789816766e-07
-2.757071834841800441e-07
-1.411331956516927929e-07
8.180927000400268223e-08
4.674660275240777377e-08
4.990690762456605500e-08
8.331870684710007337e-08
-2.011327557407069559e-07
-2.719807871511065753e-08
2.960200219601356121e-07
-3.845645174138052122e-07
-1.202937313936299041e-08
1.562965864302978859e-08
1.430789454971795964e-08
1.002208870369123938e-07
1.271609811935577158e-07
6.086487710599761028e-09
2.596120838706284584e-08
-8.157978857892830253e-07
2.159594150797864984e-08
-2.622628233441134384e-08
1.072184903575034026e-07
5.575191904739681965e-08
1.839017212629377095e-07
8.285280317862190514e-08
-6.370187309730475953e-07
-4.901252451701557555e-07
6.142101914329235919e-08
5.128849517386436970e-08
7.293053928319686489e-08
1.400036149023985579e-07
2.703822490282470354e-07
1.826595094015246278e-07
5.430245814535244645e-07
4.993712228446014763e-07
3.283478176392871396e-08
2.765111951866586384e-08
3.420982015351205141e-08
2.132418635766688753e-08
1.931448222026025944e-07
2.504907999720975223e-07
2.961199545086351578e-07
-1.789685259081042512e-07
6.448251878626350249e-08
1.222372478320637912e-07
1.117870966789655412e-07
-2.940969492462527966e-08
2.275182026117930027e-07
2.298202139505731770e-07
-1.883828986198348358e-07
-2.279564205647109050e-07
7.505314723813822530e-08
1.217859756159628801e-07
9.589587448191639773e-08
1.264575895302634810e-07
1.617733083048355716e-07
5.328980363701013947e-07
8.054401947113735337e-08
7.366215294350737374e-07
6.699708593273439581e-08
7.702950611906742495e-08
1.200125506437762076e-07
1.271858081564077073e-07
2.556873907391466689e-07
2.579810532029968385e-07
2.516486389670037188e-07
5.910815944082670034e-07
8.794170320846001183e-08
1.128430843655582313e-07
1.480548971118924252e-07
1.825428502616751662e-07
3.468169968187361043e-07
2.948285054048273569e-07
5.787119767807997286e-07
4.576293601841171795e-07
1.117208498493860642e-07
1.648710469446732699e-07
2.512095400380878520e-07
3.327361731719959573e-07
2.301510770461827993e-07
5.568618234835726120e-07
2.688817616822089038e-07
2.901901357875213585e-07
1.570188021851024353e-07
1.789498600825828199e-07
2.423931215445517983e-07
4.592173209063248545e-07
3.220900775609995649e-07
3.868279461781314960e-07
7.273612742672672030e-07
6.418097909530268191e-07
2.182881348000789847e-07
2.376777261503332913e-07
3.443752987171227703e-07
3.002554573750734428e-07
4.644343304730136058e-07
5.674127853787353912e-07
8.779343766019240248e-07
5.084388641030426438e-07
