1.245275378472476996e-07
-9.761021681496618693e-08
1.290984026392594030e-07
4.317901935542662024e-08
6.565197456707390336e-08
4.258173488003477725e-07
-6.938431768069896279e-08
1.599852136156900295e-07
3.451470460036434675e-08
-1.007357384502790044e-08
-9.735911020893401106e-09
-1.091938242989826606e-07
9.933856348083182159e-08
-5.333754946366559981e-09
5.374034616213145117e-08
1.628445389070989040e-07
1.306784011900856277e-09
6.170487594722485038e-09
-5.726137291972887347e-08
6.896809741648871444e-08
-4.487432568600196158e-08
9.117729525162790015e-08
1.009006324574854063e-08
1.670995869652469708e-07
4.095325452820993557e-08
-4.586835406826526830e-09
6.082601311354537442e-08
-1.201281155953450172e-07
-2.751515192259149267e-08
-3.668437117726343738e-08
3.329392936576988408e-08
1.975167261826652687e-07
7.018432567470598941e-09
1.786782576761945473e-08
6.159827833012812263e-08
-1.804683137336652856e-07
-2.754010526422868286e-08
1.852737034638471035e-07
4.644383861629835023e-07
2.553629848696289308e-07
4.223655733319125317e-08
7.006485192543145932e-08
5.051235531634298294e-08
1.722950966366829816e-07
5.717639556030085580e-07
1.380081014595740274e-07
2.929393908808656521e-07
2.548563320701008727e-08
3.235127259085106530e-08
4.296715592785197055e-08
3.114093701039964271e-08
6.829447727835474560e-09
-9.174219943648648940e-09
1.694607024123416363e-08
-1.658721676565521664e-07
7.427470762490024192e-08
1.244671651519374234e-08
3.241828294723455940e-08
9.257898382117651470e-08
1.243196187936610917e-07
1.590496755171126056e-07
1.022503444270437798e-07
-1.629874702465195027e-07
1.546346309516743015e-07
2.333815848091738283e-08
5.579740074070328846e-08
2.169191630708531619e-07
1.887361930023410290e-07
1.007108541561545281e-07
1.799277596992236010e-07
-2.945007080333060476e-08
-6.680492684354838793e-07
5.084812637107373918e-08
7.629797243638179604e-08
8.963247795114227108e-08
1.348978525868465683e-07
1.836356670426818054e-07
3.947669862652690198e-07
3.385675096286380587e-08
1.594054455075981420e-07
3.588757757966267392e-08
8.539248996855650112e-08
1.996182076365175635e-07
2.734247266575757250e-07
2.286192002272785024e-07
4.016525451444878535e-07
5.177986364572607506e-07
4.085068590244307971e-07
6.823847855331926222e-08
1.272339310223843552e-07
1.279981551812890974e-07
2.093823407221962829e-07
4.363456676994404388e-07
3.950438002467644039e-07
3.014610026847511052e-07
6.121755255277605929e-08
9.607091845986494120e-08
1.305671325065228002e-07
1.401987540751068131e-07
3.481212138000865987e-07
4.312514857387181729e-07
8.797182550992594120e-07
2.899106449818073110e-07
1.089346290804772024e-06
1.240555423486560348e-07
1.751923733146731116e-07
2.901779922360729431e-07
2.496915664051227535e-07
2.153926099776921068e-07
4.187692442518444360e-07
1.009919343392143041e-06
8.097353047198910870e-07
1.178958451355582985e-07
1.700051205821279503e-07
2.883885026115083118e-07
3.488628398773144183e-07
4.194927827081085189e-07
5.412274514701104338e-07
6.274057362617457491e-07
8.430001328906125480e-07
