-5.763993013434779435e-09
1.420746295957648694e-07
1.752921780860715601e-09
-1.616834130040094522e-07
-2.037873133951489109e-07
4.278587810844779240e-07
2.309644838613815608e-07
-2.566509704106059281e-07
7.952370077400341586e-09
7.629209846654393811e-08
6.464970577713663728e-08
-1.774493403244628845e-08
-1.017732066692000214e-08
-2.093331148793434449e-07
4.790220799007324356e-07
1.008217250637241244e-07
-7.587893136458692428e-09
-9.640719519278590673e-09
-7.463070774731518385e-08
-8.632168119949303219e-09
-7.320531164986423349e-08
-1.154944359440571350e-08
9.730447352340879382e-08
1.317704392297721120e-07
-6.829134232808441708e-08
7.469549911964337575e-09
5.225900146180415811e-08
-8.628331631844490907e-08
-3.319719570082920613e-07
2.092514338169232631e-07
-2.084550298620711922e-07
-5.608941770898452611e-07
-3.199117464591952662e-08
1.715835740009563395e-08
-6.032036719568511961e-08
1.339558233467391888e-07
7.801262527064530542e-08
-4.757429719776991890e-07
-1.874696771054181903e-07
-1.444969985238658626e-09
1.460185753217215750e-08
5.715579094772363645e-10
2.797921612302597492e-08
6.597440641432599020e-08
3.430959708556286253e-07
3.880238821460946046e-07
-1.857004396534187447e-07
-1.204908732596401417e-07
1.264562773139749467e-08
7.830270969150512465e-09
7.693450170207908407e-08
2.202954247552609553e-08
1.398212326142532979e-07
7.413061416860822773e-08
3.088214880298533385e-08
-3.306450701575093462e-07
2.794349335622800338e-08
6.982664526897273475e-08
3.425004034502220022e-08
-6.048248356550030887e-08
1.184598749136762120e-07
4.221196892611371416e-07
4.496081979177720419e-07
1.580514062924175388e-07
3.360703214030349828e-08
6.435893816925029951e-08
7.229454894324859898e-08
8.903236928087797945e-08
3.127352971301437201e-07
6.849549287151679548e-08
1.315222980485052363e-07
1.141495696158094943e-07
3.425679538180677579e-08
6.965464065006932051e-08
7.996138818412684589e-08
5.577838176801109022e-08
1.762205521999987358e-07
4.855160537197117705e-07
2.389338090299246509e-07
2.780142932814518906e-08
6.655984290255688773e-08
7.416985966392177481e-08
1.040810675998124673e-07
2.128921028142578255e-07
2.036845706362123121e-07
1.035528862550613248e-07
7.936622721318202012e-08
2.725227528501624543e-07
6.725684291087521074e-08
1.010383210935964203e-07
1.565489575137785120e-07
2.074701902696602894e-07
3.036607559416288388e-07
3.222554511570844216e-07
3.940437773998052053e-08
8.053999921915160780e-07
1.158095522658660585e-07
2.158356776651916701e-07
2.822771047582877044e-07
2.851113435629805456e-07
4.737318236018867260e-07
5.587021727829787120e-07
1.408910165811589592e-07
2.259336414845395178e-07
1.451335482413046346e-07
1.838225945006010782e-07
1.717064664254546029e-07
1.297758812919402304e-07
3.410630449719356735e-07
5.768173448417181860e-07
1.095984622311530124e-06
9.243482746906251117e-07
1.645175758976459300e-07
2.423470215462869539e-07
3.945417520957789260e-07
1.677645073871971885e-07
2.928839251945066207e-07
9.048213265494639906e-07
8.498388916851606553e-07
9.690142320796540439e-07
