-6.467187764722834596e-08
-5.234372098883839784e-08
-2.007736447244526163e-07
1.349895139689681840e-07
3.096395268137158457e-07
2.811517351157978148e-07
2.543082411934088336e-07
-1.118859682876893042e-06
1.509691254733324634e-08
5.813981977599068099e-08
1.112146405415427043e-07
-8.843860049584683406e-08
-3.324267859420486733e-08
1.372135266824919547e-07
-2.132793703965390622e-07
9.634613990050786164e-07
1.305473864059918863e-08
2.945680766661186398e-09
-3.138504558214223013e-08
6.837379616221188018e-08
1.970412732424614689e-07
-5.010469924444354849e-08
5.471503160265615841e-07
1.521099683994580842e-07
2.171684788679646167e-08
1.176929618751730076e-07
6.389980206720635304e-08
-1.740840123000984953e-08
1.903908788162410247e-08
1.051699238346030101e-07
-2.312905935950587861e-07
2.817343973621826964e-07
3.281135439952741743e-08
6.112176548144604043e-08
5.969507822839798522e-08
1.819997839836999618e-07
1.408648310171318040e-07
5.457061094600041000e-08
4.135953379745724686e-07
1.910581656570288779e-07
5.285849677210801447e-08
6.293647213220174602e-08
5.433102557688618493e-08
9.340061035379101614e-08
4.454367339258551908e-07
-2.110805853211041678e-08
3.811967681284897903e-07
3.258545137457122248e-07
5.802780968930706510e-08
6.066711544367613916e-08
5.163395999399927266e-08
8.253281088729409175e-08
1.328007360901227912e-08
8.298297261898113206e-08
-1.573344076465992682e-08
3.285342875474208546e-07
6.577793376221455227e-08
8.704972984082723804e-08
9.988414741860806342e-08
1.289459406001186504e-07
1.815461137121060146e-07
-1.850674995713654218e-07
2.517995461231725259e-07
-2.308507138759208188e-07
3.516955170235270115e-08
1.038108814500606407e-07
2.041455838436171312e-08
1.750208662572845170e-08
-8.054101270900164622e-08
1.655809242759332855e-07
2.976169162265594730e-08
1.831495725477696472e-07
4.959015673014021623e-08
4.894931314133178263e-08
1.278217559770488015e-07
1.484725076871245821e-07
2.458948388639418033e-07
3.758222837587183370e-07
6.163296475905354929e-08
8.315741077552178017e-08
3.500699727237906080e-08
4.990458699591186817e-08
1.500838806392479010e-07
2.624267380960824682e-07
2.813064018242867145e-07
1.280918780875538656e-07
5.462917076836373817e-07
2.294620768586852136e-07
1.000176084290514999e-07
8.359576903327668070e-08
1.085874093242435169e-07
2.444365487095618907e-07
3.085415232441035675e-07
4.077741841187990061e-07
3.172799536089908358e-07
4.700360780578670206e-07
7.117771963930395709e-08
1.600302141312094994e-07
2.110130490179952719e-07
2.938936766425844331e-07
1.589829912032356382e-07
3.333332134783601525e-07
4.980715877108617060e-07
1.435519310501903038e-06
1.153894517472278988e-07
1.926169705498072404e-07
1.799284560575880575e-07
2.935105469153914255e-07
3.868376484401079231e-07
6.110091944112201537e-07
3.445654462856675974e-07
4.792724716585453456e-07
2.257226968956324136e-07
2.474278424227034739e-07
1.960962041717344312e-07
2.558079746579806678e-07
5.882976426399636365e-07
7.753984885553131485e-07
3.227846877985546487e-07
4.369975445057479080e-07
