-5.528944451717142485e-09
5.495807202499983793e-08
9.464327080554823403e-08
-7.307091970112916989e-08
1.212436067065306396e-07
6.800580373844889963e-07
-8.509285574274193006e-07
-1.307831267087427798e-06
1.503139821006094678e-08
2.467818537636788721e-08
-2.632499446777796246e-08
-5.487870499172729377e-09
8.749152331921915320e-08
-5.519180980157900614e-08
-2.759604849999110647e-07
8.454033629733404418e-08
3.140855277903217908e-08
3.147465256698292112e-08
-4.124921386053686866e-08
-6.966438075801241461e-09
2.179549120532677516e-07
1.287071395711855411e-07
1.737393028547687951e-07
5.580009232108598063e-07
1.300953407921975964e-08
-1.026170418803932686e-08
5.211303491436523977e-08
-2.747178269103975260e-08
2.589929990649529132e-07
-1.115128879222052695e-07
-3.971514360043462854e-07
-6.477154363055249099e-08
-1.116215175618464964e-09
5.686474652627438655e-08
5.267875013996516463e-08
1.779299842825396987e-07
3.358135218986678389e-08
1.746237189142694154e-07
-9.348200321320402994e-08
5.103866296433329654e-07
4.508714097935957454e-08
-5.916214696653203536e-08
-5.330064036926831438e-08
9.151182795848825585e-08
-1.936896699645484451e-07
1.815706133927248714e-07
2.140543292343126806e-07
5.825980479216322492e-07
3.928213858296802873e-08
4.090354952210316646e-08
1.145957038642558639e-07
1.944798552391689197e-07
3.401123105442742101e-07
1.571124011286489883e-07
1.745937837137467165e-07
3.090000599862464416e-07
6.005972047169456935e-09
1.201501459930456617e-08
3.663439699345431451e-08
2.027938380767104310e-07
1.348203051876413892e-07
4.039248643031449873e-07
2.508233572266979592e-07
-9.765974100316742924e-08
2.406573715939394279e-09
6.205433867698825368e-08
1.013413059884696902e-07
1.020094943673737823e-07
1.551567545250866017e-07
1.936533420846206463e-07
2.257770374218137778e-07
3.446708818164576998e-07
4.832662301626744856e-08
1.950252657139191614e-08
6.066860045249289210e-08
6.778144649788880510e-08
4.575977345373007457e-07
-7.980445273182496823e-08
3.937803840234888982e-07
4.005395959493698519e-07
6.620452125715280942e-08
6.839445416984649335e-08
1.235721202515523227e-07
2.116041163900599600e-07
2.310599667723691253e-07
2.891868664516526559e-07
8.464395453438164354e-08
3.881154363085969444e-07
7.359682196989015920e-08
1.014781720934187268e-07
8.960658203756674042e-08
3.349395464905032812e-07
4.739412334808832558e-07
2.771239329371520171e-07
7.695187146723927711e-08
7.182213825453338063e-07
1.266045524780773901e-07
1.274181712340734205e-07
1.945955833511562228e-07
3.309923340035442215e-07
3.864863270821890683e-07
9.145612300618182313e-08
7.085876747733919564e-07
6.939887908919748617e-07
1.403338295308176342e-07
1.172943914299142924e-07
2.593044892614735427e-07
3.100357871140716270e-07
4.302916116716189265e-07
4.505970093522622896e-07
6.160822318611686978e-07
8.223984340974153429e-07
1.485214972436582784e-07
2.183569142376581817e-07
2.915061642204180394e-07
3.459514470630577438e-07
3.657918537766532909e-07
5.830981009899142401e-07
1.036750940248558944e-06
6.569344319899370139e-07
