1.055872356352559400e-07
-8.411539092460177385e-09
-1.514494714348200585e-07
-8.368616455415064450e-08
-1.365305337856013204e-07
5.403762351034938998e-07
-6.858078632708915145e-07
-6.176375302664337939e-07
2.348745091089384652e-08
1.191746361977190858e-09
-1.696757393929013641e-07
4.871747229086785532e-08
-3.900031826282262450e-08
-7.240022349590876790e-09
2.172925999492650464e-07
-9.295397433138557153e-08
1.902552691816773920e-08
-9.957223390766552902e-09
6.597937061879570122e-08
1.180613388226642290e-07
2.641129612546107666e-08
8.306075111972215318e-08
4.717228594277885765e-07
1.209843931546689469e-07
8.812806933955880503e-09
5.430453282520248482e-08
5.096852921049839780e-08
2.582497252494288440e-07
8.690614081005947181e-09
8.157999854914176899e-08
6.521937147038149670e-07
2.700972389765380409e-07
2.740552749666041441e-08
3.660741989125376743e-09
-7.640738574587524097e-09
2.623852929630315456e-07
-1.716074572179049691e-07
1.028667834868383382e-08
1.151108748998430664e-07
-3.530331507522151497e-07
-1.188059719622006547e-08
1.926584671767907087e-08
5.302885816425852070e-08
2.451292230705424515e-09
1.587806506762036321e-09
3.763516648826302276e-08
7.311694889436149766e-08
2.081177972297988633e-07
2.717726653219480219e-08
7.071302623405579118e-08
3.667343629094998104e-08
1.507497731068154277e-07
4.170244788186817514e-09
2.309318250924274610e-07
1.147734422996409293e-08
2.262800604644791900e-07
3.345128639017161023e-08
4.640533384416877274e-08
1.383009860334614982e-07
1.779250040259871707e-07
1.182087186766480275e-07
1.640656830907585444e-08
3.864881941635229681e-07
5.269615348869407005e-07
3.844123082371987460e-08
1.320970840937523415e-07
9.596821757971588299e-08
2.232355435083184588e-07
1.285702422026197541e-07
2.225035277657809378e-07
2.875972204227716488e-07
-7.139138857004482073e-08
4.291930410345827806e-08
1.237867150449860989e-07
1.746650806535783860e-08
1.738579852952711782e-07
2.225103824144761783e-07
2.792194239522874909e-07
1.742426673829095457e-07
1.402619073820551066e-07
7.185252088576070389e-08
1.467530333205525030e-07
1.232385229702756281e-07
1.881295904192596561e-07
2.635507376744144362e-07
5.294678320538388562e-07
3.618656143187805009e-07
-5.848475236433508657e-08
7.658077278747077766e-08
1.728524841290721249e-07
1.682315365817047254e-07
1.677105218745433018e-07
2.960941435954659555e-07
5.035355121701238078e-07
2.941108089421677677e-07
5.197805014678111919e-07
1.351548652156017099e-07
1.272092736379867731e-07
1.931447215699991690e-07
1.750434734457751327e-07
3.529990854011518530e-07
5.220629848085875272e-07
5.679922797462979140e-07
1.061436437979974609e-06
1.227452281662868991e-07
2.235955336731968644e-07
2.374651848638835775e-07
2.101034568355272738e-07
4.899691236877381125e-07
5.408802808254538498e-07
5.037836731623224408e-07
2.391770612805195587e-07
1.259957481158473970e-07
2.792376363574726846e-07
2.883918921500445126e-07
4.531143237443364200e-07
3.326501789829651269e-07
4.477841524049008899e-07
1.153937071039876813e-06
9.754915845998943401e-07
