7.792154215765004424e-08
7.270381780302695021e-08
-4.739755036114601068e-08
-7.665803034320942572e-08
6.498997304144816921e-07
5.986648016384704470e-07
8.473000421489920006e-08
8.298190833465081133e-07
-1.011447104172088247e-08
4.358450260974128896e-08
1.959523976805998380e-08
3.936080927499009290e-08
1.018966917384640426e-07
-1.745943067940145675e-08
-4.980005019604022226e-08
2.117476676852256009e-07
4.140293559632331077e-08
1.627665783572432018e-08
-5.430270649777217168e-08
-4.902422659809398948e-09
-1.828708542578740291e-08
-3.702134982803010042e-08
-4.157485790013156349e-07
6.869286062396023768e-07
-2.990726468388501395e-08
1.160147021531205128e-08
7.493135612345520302e-08
1.430162130334183549e-07
1.791061103514191645e-07
-1.770621172603127347e-07
-7.616466079704197284e-07
7.499895055431105233e-08
9.452143244221535646e-10
3.425928831888778934e-08
3.371500851109840689e-09
1.011885142038372919e-07
-1.670154450471886454e-07
-1.540796609077581667e-08
-1.462615329247881757e-07
3.598194304426805400e-07
-1.414237886634438845e-10
6.397862202186806000e-08
1.276186751771228860e-07
-3.081265955125687037e-08
-5.980192247866298051e-08
-1.484871874276502209e-07
-3.698441965603525907e-07
6.658384784206711541e-07
1.702773868863101105e-08
1.961323681620415822e-08
-4.934955648721298658e-10
1.071925083232526686e-07
1.301721881422654333e-07
-3.783197351672061637e-08
2.057519593205665658e-07
4.197532323180764967e-07
8.189995235138033881e-08
5.618011484811519802e-08
1.033306884115325129e-07
1.541392839921548066e-07
1.292996201626438232e-07
3.559101769589174947e-08
6.392134396205413123e-07
6.942990014983295395e-07
5.656870396615496568e-08
5.184401764682913950e-08
1.724062706480660880e-07
5.427683067908598315e-08
9.709273337866542282e-08
4.889294041179658881e-08
-1.483836227695119550e-07
1.120128942069664475e-06
5.387993621675425833e-08
5.815511273397335478e-08
1.343625953973404127e-08
1.002456149148184918e-08
1.550274535079560280e-08
3.149820919451441319e-07
3.629708188989854779e-07
8.929201034419664733e-07
8.160555335020541744e-08
8.209435985339584459e-08
1.262136595222445709e-07
7.687002840864499220e-08
7.570978385613941299e-08
3.830746039704666878e-07
9.543634846199411009e-08
2.637846994818389761e-07
7.685156773211705585e-08
1.251293010901724425e-07
1.270358659265313967e-07
2.094771949191958457e-07
2.961844284052376263e-07
5.996544765315542392e-07
4.106892219506765472e-07
8.829315800903066755e-07
1.617090291524303369e-07
1.751924977559515748e-07
2.504567624607051781e-07
4.278661122141119401e-07
4.788160857105919089e-07
6.114486391230047735e-07
1.064576266937865824e-06
1.953045736636646347e-07
1.833613915871004648e-07
2.174757831565298506e-07
2.576869684410403541e-07
4.047716667108996640e-07
2.703909073217302540e-07
3.985809012632170226e-07
7.563915481211233979e-07
1.137600482986198737e-06
2.315023107589189323e-07
2.723623112069686928e-07
3.658656562175211295e-07
5.193292338829835692e-07
2.140502114721236830e-07
5.675150067387411401e-07
9.268772804700581071e-07
1.160971020289302297e-06
