8.635290119646877986e-08
-1.320511057375554007e-07
2.538074983202229208e-07
-1.140726798817704752e-07
5.601437873767876358e-07
2.192675229093415395e-08
-3.714552334444739594e-07
-1.722420754313517092e-07
1.973900784536260607e-08
2.036686659492366884e-08
6.705149486775726398e-08
-1.062113031997226245e-07
-8.461081862291847568e-08
2.144623188589447918e-07
-2.547254444465800116e-07
-7.745535941352954855e-07
3.824580368981543709e-08
5.981777455362980431e-09
6.637067024501900370e-09
5.568103503136062924e-08
1.795941831114266701e-07
-9.345030570404147827e-11
3.790309982361301743e-07
-2.407277987873606591e-07
-1.753838288573641440e-08
-8.688366732543205222e-08
5.338192010861984783e-08
-1.614527682794357610e-07
3.788885112472120566e-08
-1.038174630736557165e-07
-1.648313550462654883e-07
7.623614228690903489e-07
8.166697184339222760e-08
-2.474397121141627417e-08
1.124025559966870108e-07
8.575976474436735193e-08
1.950211664399962968e-07
-3.496521155109181573e-07
-1.945069094145321242e-07
5.808451440819126161e-07
4.414645784469374051e-08
9.785172915576625340e-08
1.458125304944811314e-07
1.761468573736355303e-07
-4.433045393232559432e-08
-9.278407211638210395e-08
3.565434136205689821e-07
-1.953993567078220328e-07
3.204963439534152563e-08
5.508751722864016419e-08
6.675738750699729576e-08
5.917248164936668495e-08
1.121975026058925172e-07
1.713364008723566002e-07
-5.864926186243801993e-08
1.646140974089398327e-07
2.064092422390832715e-08
1.143937068090747182e-08
1.369599525237209095e-07
4.385279830060191209e-08
2.148902322977675323e-07
1.414022487484696102e-07
-3.996781978146148925e-08
3.556896828923698450e-08
5.824867386100521827e-08
8.875622234410770601e-08
7.587916394484440413e-08
3.166836980918590506e-08
1.945304203962005052e-07
-6.022101040998509940e-08
-4.726369046747899834e-08
-1.714922343176465268e-07
5.024085929474978160e-08
9.539538334527688854e-08
7.190425368711651273e-08
2.541551657901185583e-08
2.943796853197520145e-07
1.856698200940417831e-07
5.778031215842750598e-07
8.947765442069200700e-08
4.048548518282157365e-08
1.029235923181794874e-07
1.439518487850263722e-07
1.805512366372971561e-07
4.438047948986188583e-07
4.754470326730812511e-07
3.830333788237877501e-07
4.271681579386848943e-08
7.903262402431073525e-08
1.124234560579611940e-07
1.411645402570769143e-07
1.559656131960477948e-07
2.994321854160898081e-07
4.239213484499172926e-07
2.705183084812628585e-07
3.970413441397041271e-07
5.380171420032464441e-08
2.031783438521050548e-07
2.085741315729544177e-07
2.623900294708818761e-07
4.728303058109576824e-07
6.730024919780524150e-07
1.556819217323902228e-07
6.013587002582472981e-07
1.415030936499941708e-07
2.068254466164072673e-07
1.837675770859716826e-07
2.856401377242981142e-07
4.729533182782040296e-07
9.961633007047849349e-07
4.577739344555005227e-07
7.715769932304264481e-07
1.782717791494689051e-07
2.271304859995172300e-07
2.344724787068623852e-07
3.503066021020154573e-07
3.515063850345496448e-07
8.212449213312539103e-07
7.579147638886471017e-07
3.988712300324817408e-08
