-1.535859391697428219e-08
-3.391674427360201781e-09
6.470964611588116277e-08
-1.307083447542355235e-07
1.535297930444736924e-07
1.245673081427976965e-07
-8.506378836947715181e-07
2.738800510283137582e-07
2.953916928952823098e-10
-2.870117111243238564e-08
-5.999113305526690501e-08
-2.774799744562748166e-08
-1.854921309180043285e-07
1.163494790623738806e-08
-7.149399623515501616e-07
-1.058309697868645805e-08
-1.882159479488094110e-08
-2.764271625464548054e-09
1.983495658507508227e-09
-2.116011198123563431e-08
1.369944578433781382e-07
-6.002302209098119317e-08
-7.574796999972275033e-08
-5.083269060250156881e-07
1.036566060010227193e-08
9.033241103038770054e-09
9.493302468381684665e-08
-7.082997168316810426e-08
-1.380110254235915838e-07
2.799066113592205962e-07
1.025435400705342141e-07
-1.726786518671549679e-07
-1.389986971486505290e-08
4.781640279361740045e-09
1.256410960147340958e-07
-1.122851153577674828e-08
-1.828369436618500413e-07
2.012417593887916125e-07
1.965133584140051497e-07
5.980825870081756482e-07
2.949346878478385581e-08
9.477392820911185678e-08
2.257699344680242713e-08
1.638701774688092885e-07
1.223019680875029457e-07
2.504629087519585758e-07
-2.399497232895509891e-07
-5.337574285907467414e-07
1.785796257321096655e-08
-3.044789287588021704e-09
7.330317421118750921e-08
1.299206353177322910e-07
2.655537183577757381e-07
2.553159756770546073e-07
9.565290336513107009e-08
-4.750799801170845404e-08
2.777349765911342328e-08
4.200655252468015599e-08
1.586147583254452687e-07
1.697912008999305245e-07
1.070343319668257469e-07
1.988886267626804250e-07
2.979790107807815051e-07
9.126227677217070715e-07
3.231829805532501009e-08
8.502985409277471222e-09
1.088015464836389165e-07
6.172913084222281074e-08
1.390369172033581775e-07
2.181475821474453493e-07
1.957889120173988298e-07
-1.087991725899938997e-07
2.341513463597563807e-08
6.745015968118874631e-09
8.585083583773698825e-08
1.831612052448420043e-07
1.762441218550403090e-07
4.124675481341264358e-07
-1.694406727345439705e-07
3.323779526208200383e-07
8.229169544819816537e-08
1.296678013107501167e-07
1.354239382932415050e-07
2.000922569323330477e-07
1.826619861758689217e-07
2.127159240899747507e-07
3.082820737734218740e-07
1.787175852358719175e-07
9.407120155499443347e-08
9.886476617266002023e-08
1.337263016798293011e-07
2.642895387861426714e-07
2.309034520666061826e-07
4.509829079607774441e-07
4.141089844998840782e-07
1.048776579965157280e-07
1.289282254971057403e-07
3.027816315695033457e-07
3.259359840868885431e-07
2.584244290131663128e-07
2.331186575274657178e-07
6.929203008550295900e-07
5.970352609471609923e-07
1.703669059436787239e-07
1.466465542162366584e-07
1.752273133047013971e-07
3.465246462750198196e-07
3.503973409249930128e-07
6.058577194027700271e-07
6.090726073325903134e-07
8.472174885157482291e-07
8.695469555140664858e-07
1.893602587638817402e-07
1.725762563166009295e-07
3.396898740130029211e-07
5.521818166740405316e-07
4.941403322381918484e-07
6.377500282291814387e-07
7.528494334046938955e-07
1.386181257139651218e-06
