2.330722580216247250e-08
-9.466353662065738759e-08
-1.188917316881159811e-07
-1.323593570551986744e-07
7.562635461062045601e-07
-6.936809199433216941e-07
3.046582914756338790e-08
-4.327233834088896070e-07
6.581964462185689670e-08
-1.652379192755748350e-08
-1.344649914811774214e-07
-1.279458176020675754e-07
-1.168503536486970600e-07
1.718754483374639938e-07
3.424964658419295120e-08
1.835383349924033417e-07
1.337485235226829376e-08
-1.504446616865385698e-08
4.406907974763149126e-08
1.421412145427708353e-07
4.914340253660872062e-08
-3.222064381857684279e-07
-4.368791878357271029e-08
2.349434865631660587e-07
1.364449144514649454e-08
1.067985823745368081e-08
-5.833919304290228078e-08
-6.519210107496867739e-08
-7.571444908013471640e-08
-2.029595530827572948e-08
2.749970020722132559e-07
5.748417557230302268e-07
5.547067619318571942e-08
1.230586570920590614e-08
-1.303271192207959538e-08
-4.027605919146769334e-09
-6.097392368112800444e-09
-1.328934750878623307e-07
7.763568306026768462e-07
3.070692251557878917e-07
6.327473166880098199e-08
2.240148951697896609e-08
1.838203806907626572e-08
1.521507356894403650e-07
-8.395697422465050208e-08
-3.395607544889151331e-08
9.864259247261190043e-08
1.667622970427226293e-06
4.033701336669357937e-08
5.623169194186499014e-08
6.605266447415439421e-08
1.817295743759453463e-08
-7.133198236743231186e-08
1.246950132270689794e-07
1.389719608114257955e-07
3.226158668638604202e-07
8.109268769395410877e-08
1.220382683601607816e-08
6.037896834880688781e-08
7.403137399064060663e-08
1.533478688800464290e-07
2.520130991490855378e-07
1.048478110949809836e-07
2.680233902889520575e-07
7.194700919313156725e-08
4.087572483665805716e-08
1.097595647352945891e-07
1.063685061680826231e-07
1.480630957304998163e-07
3.844406266546894081e-07
2.076943338595344625e-07
1.521974177889783680e-07
7.813526902605971069e-08
1.046995953850566691e-07
3.502111824020705360e-08
7.061538157815291916e-08
1.164030253500020323e-07
4.273726738535839031e-08
2.906831200040275836e-07
5.044674854276710636e-07
9.261121464087736022e-08
8.960825765694353042e-08
1.375174215108394742e-07
2.251942747715317252e-07
2.961678660341856401e-07
3.403480819468488722e-07
2.497776995571415542e-07
-1.157340611670463376e-08
1.061943225670116052e-07
1.369696902568699166e-07
1.218705120196670692e-07
1.918167151326668280e-07
3.806214015553293350e-07
3.122077359462961068e-07
4.581780334891214540e-07
4.954293809397851834e-07
1.167902039619209600e-07
1.491636337603161132e-07
2.118948738785990280e-07
1.543838838583439476e-07
5.031523068926586974e-07
3.848221743199973204e-07
7.136312942182611740e-07
7.316998308369654705e-07
1.676288801398834015e-07
1.677974018508866584e-07
2.354109799692680794e-07
3.887953532805996402e-07
3.600325830959564200e-07
3.696135993083919027e-07
1.041968949539573809e-06
4.731463810050554362e-07
1.615270868267911978e-07
3.046022463722753833e-07
2.298156114553048159e-07
4.320460438385176193e-07
3.190434239397834845e-07
5.791787511135423291e-07
1.316505967853148905e-06
3.209655155065528385e-07
