-7.761569220734580999e-09
-7.327456207961267835e-08
1.021484530779333422e-07
1.007462937299016828e-07
1.453742685902820223e-07
9.202548623681165283e-08
7.198299628971033697e-08
-4.072119970823553156e-07
5.596471964218923722e-08
2.416289556829263437e-08
-1.084596461040972186e-07
9.013497322130431214e-08
-4.824999853561604115e-08
2.429460668590202749e-07
3.908073752136933867e-07
8.073434629287711901e-07
3.949696619439029804e-08
3.516331573252300625e-08
-1.141833928882427777e-08
-2.060405649396542317e-08
1.638289570724465496e-07
-2.586039999276978275e-09
2.492337143582747552e-07
1.316259942390032583e-07
2.039283179944577445e-08
1.977160975644877662e-08
1.902084966248137585e-08
1.583842366432425440e-07
1.641352254282263764e-07
3.231281500971594120e-07
-8.208232462125065472e-08
2.550406650169326283e-07
1.938990805806352690e-08
3.235826184169186664e-09
-2.192368703342945340e-08
1.851205986681892243e-07
2.114937413583329618e-07
1.180266166254737174e-07
-2.377022437137444263e-07
2.212136967309548843e-07
2.660849272871600410e-08
1.195361400990858587e-07
1.511747261618775393e-07
1.682388350251806341e-07
1.434632823133093174e-08
1.954993246810220135e-08
3.618233778430930408e-07
2.461980317116911364e-07
2.620177544437701548e-08
6.135488728386794779e-08
5.454030694130126454e-09
1.256660929119175219e-07
1.329802969788507344e-07
2.249999985614664390e-07
-1.265665501729445467e-07
-5.007123742202837531e-07
3.889874015388900503e-08
4.735936263613928989e-08
3.636259224979912348e-08
5.353954141223230492e-08
1.071831116191294749e-07
9.987890486164053308e-08
3.802402715238476843e-07
-7.777534300097037560e-08
-1.924939413426679472e-09
-2.010811967008214505e-08
4.479442909296382975e-08
2.068073140674920958e-07
4.001831656567094554e-08
1.072093684027823798e-07
2.307990755877776109e-08
-4.658121965389250687e-08
4.039139548337814260e-08
6.316652476733918362e-08
6.287131986779425426e-08
1.696862293579018192e-07
2.476862401549792714e-07
5.094484093088168817e-07
-1.109839824513238214e-07
1.503768131665268168e-07
5.907045867218412409e-08
9.312301536507779881e-08
1.569021784014689156e-07
2.903108863142292071e-07
3.122617188785786280e-07
4.216817310199128783e-07
1.647962910884350958e-07
4.316429315532340212e-07
5.862145541885443282e-08
1.180965286669046251e-07
1.845837616990139267e-07
2.068196032451324840e-07
2.142199911221963766e-07
4.224424140280148055e-07
3.104372844964001782e-07
4.328170458251849052e-07
4.780487359800297060e-08
1.528916057729527559e-08
1.918527034926232171e-07
3.192929016688313341e-07
3.323032519491517341e-07
3.496340049471356258e-07
3.337524927348106318e-07
1.178144254031330067e-06
1.234261528623417228e-07
1.215941849896660454e-07
3.125955696118620319e-07
4.399911575575435815e-07
4.007838592431882302e-07
3.883002632541463635e-07
6.619887875371514039e-07
1.426154683183299243e-07
9.981935036108420402e-08
1.965138832806072265e-07
2.696612050256707869e-07
3.872212993080712261e-07
7.405175195986181581e-07
7.138697326108681507e-07
9.392696709333317740e-07
8.352200667716116630e-07
