2.125532923356784932e-08
-7.628659568295329513e-08
2.362297195613927164e-07
-2.748947142253776025e-08
-3.581682920581047482e-08
-4.611219328655648200e-07
1.205539226214174536e-06
-8.590698411022646515e-07
-3.995833070796809591e-08
1.137530319437669880e-09
-7.553284519482784716e-09
1.171913822213074113e-07
-1.079966287618500579e-07
-1.839187969778871450e-09
-2.690129619543784309e-10
-3.147711906750050367e-07
-1.870292983469286768e-08
5.967444068667596864e-08
-9.423770433140211522e-08
3.837683660663813533e-08
-4.600770747151226549e-08
-1.567674044146975370e-07
-3.824052758827615054e-08
4.668886271673435510e-07
1.288555931822610971e-08
6.821654896081640127e-08
3.104392145936959940e-08
-2.201818234615139339e-08
-7.023300988552670087e-09
1.518331271361130508e-07
2.813384412671185758e-07
-1.419171156220076927e-07
-1.095553870594079378e-08
4.391106745531058333e-08
-8.341229517526714834e-08
-1.245636208936142545e-07
-2.664416045907274915e-07
5.751272593380600859e-08
-2.301826397444343391e-08
4.643370748565999341e-07
-5.331429608465814245e-08
-3.754151650585277201e-08
-4.144744991485859569e-08
-1.088593533497998238e-08
-1.399074099368468266e-07
1.146388739747164549e-07
6.654393393376293902e-08
5.324031484082003846e-07
2.563082877974369150e-08
5.964390866128165110e-08
7.860794380424248709e-08
7.494993720242735088e-08
1.878739356906904988e-07
9.356159750285905056e-08
3.098007265412372396e-07
-2.401010832231642737e-08
-8.652346701439724390e-09
2.917108231365301145e-08
9.730946186822168099e-08
1.655180212030987645e-07
-9.129802541852068591e-08
7.918176896292846128e-08
-7.722760865474716661e-08
4.907809433709986682e-07
-3.564225370602160249e-09
1.315119882635209524e-08
3.659293820139869524e-08
1.641208006389093356e-07
1.797838713580186970e-07
1.427241200663046405e-08
1.976275156474052434e-07
1.774458271926374150e-07
6.204572573520784967e-09
7.215116193882876356e-08
1.460757192931037642e-07
2.236340013552750587e-07
1.861683832654572565e-07
3.161975814661097361e-07
3.744324312047799318e-07
-1.400130319467577139e-07
7.507490608271368587e-08
1.254910560178093308e-07
1.839192481147961985e-07
2.256364799915447488e-07
3.279491800815105216e-07
3.178637629521818739e-07
4.729907782943725551e-07
-3.595475238066479265e-08
8.313683646077701548e-08
1.259904045922539749e-07
5.301232418419604531e-08
2.400077446812824286e-07
4.204667032683757821e-07
4.489368990761795718e-07
5.744466534986256319e-07
2.591946144706805274e-07
9.808172718814997942e-08
1.650128337009777853e-07
2.261139811470966081e-07
3.330062250536324915e-07
3.170992500434268297e-07
5.194256636067229010e-07
5.866586334829176283e-07
4.479203671018120479e-07
1.745160782412459592e-07
1.605725971259124388e-07
2.391282848692051134e-07
2.677274160123824299e-07
3.581500702634349791e-07
4.352265094314521689e-07
5.345941209276180614e-07
3.558819970895287611e-07
1.951912478724570514e-07
2.445871659404064527e-07
3.217944315636342035e-07
3.314828364997651802e-07
7.549735323791609491e-07
7.139440822780270076e-07
1.082312382062217131e-06
1.856427157100623562e-06
