-1.313568581842589323e-08
-3.222783959800058298e-08
-9.180434144304390391e-08
4.470712921528376926e-08
-2.356008375499171465e-07
1.887636530579293184e-07
5.428954740015658635e-07
-6.065700163778386500e-07
3.169446717096680338e-09
1.217348668097920467e-07
-1.658255727663408974e-09
3.379903926846298283e-08
1.109281851264391311e-07
-6.759495103593445797e-08
5.885970991368629763e-07
-9.974201762446249121e-07
-2.638887397940221522e-08
2.783263962145294845e-08
-1.905619502289389568e-08
-8.452734161508788306e-08
5.624208362930211399e-08
9.185949462823259185e-08
-5.225351617490915220e-07
3.529948623259674423e-07
1.702314658031744582e-08
3.734107702441428678e-08
8.924831966314410474e-08
-3.201648425892610265e-08
3.161149690839827497e-07
5.243213098152568334e-07
-1.095591589927511611e-07
-4.787637539438945418e-07
2.016607106862935515e-08
5.437085873723539357e-08
1.787681211804679847e-07
-8.437352516112846612e-08
1.913884938206184709e-07
4.360857426876825929e-07
5.137397796159389985e-07
-4.690488451258710816e-07
7.224533402018523518e-08
1.097531342307070387e-08
9.555815727073460134e-08
-3.040508422480753401e-08
-9.399990720822370211e-08
-3.813944808780767590e-08
-3.259828704759191658e-08
3.154861854578011442e-07
3.986273665694427448e-08
5.141354884171621527e-08
-1.995974561754994003e-08
3.268937511739298898e-08
1.013361749897365294e-07
2.380209363405490311e-07
2.811369919023736118e-07
1.811753014766811180e-07
6.380090633795331456e-08
9.600613879880714347e-08
5.681390933294023874e-08
4.763492315817694559e-08
2.648318946889261591e-07
1.638301745102501075e-08
-3.538524914026304862e-07
3.698371495052223994e-07
8.936194854878234949e-08
1.086797987699442797e-07
1.088510390039452501e-07
9.141103187300753391e-08
1.721287620099325491e-07
2.434121963071465931e-07
2.988744913671990672e-07
-8.620357238009460484e-08
6.781739804682565441e-08
7.588118389693350289e-08
8.151175296168503334e-08
1.784817218649723541e-07
9.064005865759428830e-08
1.612218961426039583e-07
1.516689619427675463e-07
-1.620811502046853748e-07
5.794761781784448057e-08
1.512753426274415411e-07
1.211823227033589900e-07
2.251183481440702289e-07
3.757115933929174900e-07
3.753613456317633381e-07
4.765582327224890535e-07
2.690836306453633068e-07
1.078412038314936922e-07
1.671552537083506332e-07
1.303300452176931130e-07
1.659666216962763505e-07
2.598822835725981286e-07
3.125517220888769727e-07
5.060619662122907074e-07
3.191272367655617767e-07
1.175648462834893590e-07
1.441085456488677371e-07
2.282534692038187122e-07
2.278422424039203803e-07
5.330138437530663386e-07
1.460265661977486049e-07
8.829787696200793802e-07
1.174871344651709045e-06
2.029400409169014415e-07
2.102674809959977269e-07
2.532036507487355906e-07
3.988039083453624767e-07
4.844123173589679791e-07
5.476644125829357360e-07
7.712240988118305583e-07
1.062531519477800992e-06
1.981780271352139157e-07
2.695625939803935955e-07
3.466658921080252293e-07
4.288226836209145798e-07
3.845677329014476543e-07
9.924066453692052337e-07
8.712491833293165869e-07
6.447063105957210931e-07
