-1.525355293276494523e-08
-5.203768001145013487e-08
2.264331061262578981e-08
3.195701305164383080e-08
7.299393922569026328e-08
-6.025145652595314800e-07
3.103990525582673212e-07
-7.400351058291104507e-07
2.007592832729761456e-08
1.114017006404438258e-07
1.112344040569021101e-07
1.231437388974667017e-07
-1.817496659403455365e-08
1.044138507440188082e-07
4.640511929491013296e-07
5.960243037601348756e-08
-6.286698814588132720e-09
8.714745806370221114e-09
-3.476095842372867777e-09
1.013778016761570095e-07
-1.324908103878370279e-07
1.257829881941791449e-07
-3.001262244311430546e-08
8.023347838749818561e-08
-1.666407229159485343e-09
-9.464379563352513857e-09
8.559843614611944675e-08
3.450781699399106052e-08
1.261567533836014621e-07
1.620176663785083933e-07
3.927912666999583933e-08
1.619144882759180178e-07
2.232889036429439393e-08
6.481402590496504960e-08
5.746010318454324301e-08
2.059822235117593464e-07
1.663254882076324970e-07
-7.242989496405583628e-08
2.568896124528780120e-07
4.173217158249135369e-08
-4.744200821439678231e-10
2.563784518286069658e-08
5.800379619575110970e-08
1.113367095406039054e-07
3.225347081632370352e-08
1.421047449740849102e-07
1.296634519581243186e-07
5.855658529491125502e-07
4.769758831384794393e-08
6.825815369951987048e-08
4.712861529273720481e-08
9.964474321815501379e-08
1.213329678282534638e-07
1.548308987943438906e-07
6.940649231953927928e-08
1.639691255464192147e-07
-8.812298048943809118e-09
5.342271459513329909e-08
1.108263141224867380e-07
6.075703412515505739e-08
1.954654867742578084e-07
2.927455654449354785e-07
3.429730338796544598e-07
3.119035541744220916e-07
8.347857083800020562e-09
-1.880184193787411154e-08
4.252552334684435810e-08
1.744149416233423338e-07
1.876137942913257810e-07
2.875305095349747611e-07
3.282523721462792213e-07
2.398053762358684305e-08
9.993564233310571277e-08
6.725784320338739935e-08
7.986721374463365343e-08
1.017244880756269280e-07
1.726810082827864878e-07
1.518435344934966119e-07
1.833711972164715066e-07
1.338248413690138751e-07
7.927659837991819229e-08
9.376728424973192128e-08
1.590244516458885130e-07
1.842467032120381580e-07
3.017389701831824917e-07
3.005349840498316686e-07
4.225269109392063050e-07
-7.766133705235119021e-08
8.368561323694286705e-08
1.183604243212046198e-07
1.554667090220494339e-07
2.055967431963316811e-07
1.683229425638006336e-07
3.082005946482191782e-07
5.362660805516182871e-07
-1.487829586400620044e-07
1.316557340072704667e-07
1.731046911848046472e-07
2.157854174283786018e-07
3.204884679492588961e-07
2.438031816746038771e-07
6.613325215948343329e-07
6.988463817909629550e-07
7.142057710682394619e-07
1.355736681617772382e-07
1.604924935939961947e-07
3.309173920449115567e-07
2.861850141534175348e-07
3.287060647354276207e-07
1.656015327615763218e-07
5.672277255738870932e-07
3.742369936310832133e-07
1.522838801460520155e-07
1.944561231302696179e-07
3.088115928340036499e-07
5.155799085715647556e-07
7.008920949925403406e-07
6.531157330907583569e-07
4.630224120113263534e-07
5.104798247377208035e-07
