-5.660752585938013877e-09
-6.690124010129231098e-08
1.159040921038871811e-07
-5.839185198226722314e-08
1.009943057735319335e-07
-1.993818248759991199e-07
1.222484309523880652e-06
3.174900975051720385e-07
3.676999813228705507e-08
-5.007996491695976632e-09
3.477813890497800774e-08
1.270951111187151019e-07
-1.546985524087866936e-08
-1.930674486049448179e-07
9.974129523430861396e-08
4.406214196594861380e-08
2.833323002627155092e-08
7.858232826624559702e-08
3.386022809065971644e-08
-5.808359654237127265e-08
-9.835791850814833306e-08
-1.489822644489100532e-07
1.601460806167478591e-07
-1.700038030270631707e-08
1.381027088975249903e-08
-7.545410034222808553e-09
2.407455580688524912e-08
1.176658604684039371e-07
1.925066890866795960e-08
2.115965532236349674e-07
-1.453223400040370104e-07
2.211184531355293584e-09
5.201896349977848177e-09
6.259156980968209688e-08
5.586710910339178457e-08
2.499873923456870031e-07
-2.819044801543820796e-07
-1.449455716403353736e-07
-4.071522964378177319e-07
1.700880060483783953e-07
1.949051706171932753e-08
-2.114506065767439186e-08
-2.205153274245659289e-08
2.008275849195149361e-07
8.611443684249649627e-08
1.840558045546578675e-07
-5.499654170020997869e-08
2.479254706020155672e-08
4.262929789178816589e-08
8.165826489971194505e-08
1.460101567487562592e-08
6.484430503326236456e-08
2.209062936509755352e-07
6.083686119691034757e-08
3.610877418501291941e-07
-1.363994414582267863e-07
4.313878020137634857e-08
2.959586978250269215e-08
-1.517304166215869191e-08
3.982308639075516450e-08
8.745387219038133117e-08
2.119654498227314860e-07
1.734609712890651286e-07
1.181704008717440487e-07
4.346101635514737516e-08
2.516401456297101592e-08
1.007321312936260792e-07
1.899523332188403019e-07
1.924670195954599945e-07
2.018962499602371273e-07
3.632614960099951596e-07
5.620361487586070736e-07
4.579234555303895982e-08
6.719120906660790460e-08
-2.428843855350864755e-09
7.228617111366086417e-08
1.415176786760158904e-08
3.901755634854066984e-07
2.939606590659958059e-07
3.296213353835994454e-07
4.956911786212489023e-08
1.131992837661832563e-07
1.507700322873062466e-07
1.383157859380664039e-07
2.464387276010772537e-07
2.041892708776850873e-07
1.016778436329165230e-07
7.377728814290768644e-07
6.605270948395249195e-08
7.855143884667625414e-08
1.933314939680922336e-07
1.602238369624090585e-07
2.723640706906252748e-07
2.537261005865910390e-07
6.496558774182143993e-07
6.003265110364081487e-07
1.270982262564078484e-07
1.504274261744368380e-07
1.606704815887119526e-07
2.142888494418018789e-07
4.778569737379065130e-07
3.573056632642922841e-07
3.336143959082558424e-07
-3.861260865010592367e-07
1.868920396968563742e-07
2.018229802640955824e-07
2.736892519918184533e-07
2.368251700719165244e-07
4.340267988140582270e-07
6.860420247164770633e-07
6.409314196507083074e-07
8.256834169482150260e-07
1.771618425961020483e-07
1.933972341454529971e-07
4.293017274121393693e-07
3.088061934687187884e-07
4.510800129213990821e-07
1.131705506393155177e-06
1.572538179622038851e-06
1.138093619792585240e-06
