9.212262857516981927e-08
5.307780827371574443e-08
2.465076691325342558e-07
1.664981373141073524e-07
3.372929720910098314e-07
-8.070964116534650325e-07
-5.210130313871964567e-07
-6.376781477265131603e-07
1.028640838568699748e-08
8.534260727767517696e-08
1.617964395991444930e-08
-7.812636509774066187e-08
8.193238001057962423e-08
3.285436897240161724e-07
-1.271720184260759239e-07
-1.622880634564865104e-07
-2.326483230569818389e-08
5.760835047543557103e-09
-4.170889044612516385e-08
4.326289370818032247e-08
-2.185113471292109372e-08
-2.460714885940330240e-07
1.507290732581880560e-07
-4.208992633627609083e-07
3.186053828598474134e-08
5.710724648173311635e-08
-7.284893565716301638e-08
-5.188815700261214529e-08
1.442912459701002106e-07
-5.694417542156568703e-09
9.766168048380075662e-08
-4.865964946621263600e-08
1.940028012639755015e-08
4.928363535610439624e-08
-9.754261796841361796e-08
1.239565306682063640e-07
1.622582177672074663e-07
3.061011990079450397e-07
2.924485342814157158e-07
1.557949158064228352e-07
2.677224472865834071e-09
5.429506932049953543e-08
3.635983393427225106e-08
2.385544364362042330e-08
1.915578541839629568e-07
4.082368645089367430e-07
4.030796759279132307e-07
5.690342999387616238e-07
3.929739774141137510e-08
3.807159136444459147e-08
3.928635395161277194e-08
-2.615362892180705476e-08
9.844601859355029693e-08
2.270615946984017813e-07
3.879891560307455798e-07
-2.800708059556635474e-07
5.909730426408426029e-08
1.210300924522817212e-07
1.288969226405659145e-07
2.308377806423557618e-07
1.811117094573481779e-07
1.111405049620105393e-07
-1.353980817197293300e-08
-4.428289073983057633e-08
3.429659031868423599e-08
9.592180256918638086e-08
9.062687953878217885e-08
-3.830732290589062333e-09
2.487284852605410493e-08
1.770298847834753474e-07
2.227732091565257556e-07
1.189593047811371896e-07
3.692844942485412962e-08
-1.153280534768371372e-08
8.984890131804253900e-08
1.244946317635241962e-07
1.703909351568506853e-07
6.307444385739077563e-08
2.239036402643219868e-07
9.612561984355618565e-08
7.384696273684905578e-08
1.290321031284402546e-07
9.485959310601276072e-08
1.536555293187535015e-07
2.134399864874884910e-07
2.981428812688719381e-07
2.861529291350379517e-07
-2.461711085133661115e-07
7.135072000401745564e-08
8.239304013784549483e-08
1.169427744565065055e-07
2.132839472957931553e-07
3.354157229921710515e-07
2.209797577994653267e-07
2.869246076050248483e-07
5.873474340489481128e-07
1.697779132240543779e-07
1.494077538562445770e-07
1.652795976255682445e-07
1.485551067430850737e-07
4.500087322732078802e-07
8.943637541855600189e-07
1.233509388544137237e-06
3.138311297285631781e-07
1.897243771919128668e-07
2.043702898197064856e-07
2.459744133741415918e-07
2.927687593595960771e-07
5.205055058646910365e-07
6.472980160165641881e-07
7.615061544708717754e-07
1.355944066122338222e-06
1.849048273748820733e-07
2.161896870365807144e-07
3.159809561063463380e-07
3.111997291903579001e-07
7.977837556079193083e-07
1.104893620924563082e-06
7.871292752431412826e-07
8.302951739670135529e-07
