4.903333912883313417e-08
6.160195413422245867e-08
-5.582649585711928527e-08
-1.394198846243754509e-07
2.046073984303125513e-07
-4.360439977487975857e-08
4.374100735320360029e-08
-6.419361663006076040e-07
4.666986271367150013e-09
-6.208371309512488678e-09
1.489395551857812809e-07
5.998010482263293748e-08
6.540959799900306767e-08
-2.045032073534060194e-07
-1.090161018609285731e-07
-9.397481639550302975e-08
-3.344245658212128441e-08
2.274001949515892388e-08
-3.971783615365708319e-09
1.765987119301247775e-07
-3.972425496945533426e-08
1.789179647418886195e-07
-1.907689163419541016e-07
8.896575864828950368e-08
-2.424091530401113075e-08
5.832962771618359245e-09
-3.560363232943635961e-09
1.483346932726724086e-07
-9.050171121702554681e-08
-2.569149252866610036e-07
-1.925410903459810221e-07
1.361277677253102512e-07
4.363166290849981345e-08
-8.118173795697922421e-09
1.596056947568124720e-08
3.899917710064084583e-08
-2.376712555976662984e-07
2.701970670282689559e-07
-3.130004500431531537e-07
7.244025313338710305e-07
7.497601986431886338e-09
4.361938733668076284e-08
-2.276728551689731270e-09
2.121957685083335042e-08
-1.519221909204226642e-07
-1.479522118738898719e-07
1.604494794024831104e-07
-9.104473818375108466e-07
1.335006470694853838e-08
4.742274146082351109e-08
1.511725349241608592e-08
1.008682791195083483e-07
-1.095875569503603184e-07
2.929723617169176193e-08
1.619834191825894263e-07
1.467659991252168824e-07
3.805503324198808126e-09
4.097745759430423006e-08
7.639126932456291694e-08
3.566342371889711730e-08
1.057071651813701336e-07
4.324514259419458664e-07
2.028424360389464731e-07
4.754347300634791060e-07
5.327003573586734514e-08
1.130403051566160542e-07
4.967825562002011204e-08
-4.464093295536183120e-08
-4.899634111630147862e-08
5.323878369247203770e-08
3.505665766475475451e-07
7.176377016413507798e-07
1.247040952494493005e-08
9.809829823802433647e-08
7.110088222043609397e-08
7.613537545716133391e-08
2.009608522906239537e-07
4.352535447118690688e-08
1.858060298363830852e-07
4.973666078735596764e-07
5.074184333279681465e-08
1.248162661928469122e-07
1.453136978063796136e-07
1.780244226187009246e-07
2.834785867684037263e-07
3.484262523924198959e-07
1.659146360304212844e-07
1.606679846168270091e-07
3.931379691360746548e-08
1.200760983086168853e-07
7.789538804958116783e-08
2.161399662270125434e-07
1.510737856611876000e-07
3.901486494159518927e-07
5.856977453073795045e-07
8.037429844831900449e-07
1.311821944288063849e-07
1.715512060274092763e-07
1.432034728487803301e-07
1.541520473714737119e-07
9.415388443993105892e-08
2.956195087959206613e-07
7.150964437189826938e-07
-3.343889778083165139e-07
1.478860043726213537e-07
1.369430269277696917e-07
2.255512918676713311e-07
2.965582032453556890e-07
4.369332231797224190e-07
4.678069473458362411e-07
7.475934188234109954e-07
9.910408127806955963e-07
1.878035833923377217e-07
2.446882481960639869e-07
2.452717901898277135e-07
3.577640487720217364e-07
7.168331556253472234e-07
8.075017864920538449e-07
8.168475314079159293e-07
3.543296127412505949e-07
