-7.368466960598034538e-08
9.656603107052757885e-09
7.048270708539336764e-08
3.256810414998395483e-07
5.934201045743078028e-07
7.064976004304527298e-07
5.552554857412670041e-07
-5.906531831668178620e-07
3.743888623367834967e-08
-2.469266404299444636e-08
2.020786566906297185e-09
1.027611679633077008e-07
3.467723377602770615e-07
7.122482103185274351e-08
2.665360514931403303e-07
-1.824460470951201090e-07
2.037188890779569886e-08
1.959009297349318447e-08
1.019060411087441206e-08
4.755203723416490834e-08
1.568699646626965844e-07
-9.571780933100463946e-08
-5.151003420591134731e-09
3.316839753518071765e-07
-4.452247283370802859e-09
-2.955121590117661352e-08
-1.037368283852052090e-07
-3.186579882070487103e-09
-7.846092787489104379e-08
1.502137287668124324e-08
2.706610082852034777e-07
5.106884347433926290e-09
-1.573748971986581063e-08
6.157658286926144944e-08
2.980030132462446597e-08
-1.358142946000453484e-07
-3.206048658760726293e-08
1.440046562715955502e-07
6.338089566361942246e-07
3.746225292898473335e-07
4.847316438592880361e-08
7.533240359615929333e-08
6.844009021707161325e-08
9.656488863316465424e-08
-1.230981109345581424e-07
4.412750149138650217e-07
-1.512852936307523207e-07
5.235195624737040936e-07
4.111573732025918813e-08
3.569826981815244189e-08
9.028469395079493547e-08
1.508999927457724137e-07
8.734985843703477442e-08
2.676487332435861890e-07
1.151122105834189558e-07
6.495813991311885322e-07
7.276620513430208359e-08
3.611244601418645449e-08
4.545260892959930777e-08
6.226162497503089296e-08
2.013835144130020510e-07
-1.051552153186741533e-07
-7.414560389456578615e-08
3.931503641567402112e-07
4.507042936342750671e-08
6.166594077392190572e-08
1.220023739218506124e-07
1.485723246680037981e-07
3.140576813843900628e-07
9.773424122868683308e-08
-1.958597060043658994e-07
7.769925238560854182e-07
4.801310758810957888e-08
4.084398500529248371e-08
9.535227428482366324e-08
1.233716121814693411e-07
7.102311023971879648e-08
2.191789710042923204e-07
2.452030605070166454e-07
4.776515622518319418e-07
1.087348138358183606e-07
7.341039330055990354e-08
1.172208985671518757e-07
1.985601524053929544e-07
2.528754913664167391e-07
4.373231215210614695e-07
3.042308131236151442e-07
9.451953871382986314e-07
8.927069057251901171e-08
9.676669248707197944e-08
6.221621564930702065e-08
1.195143656964821528e-07
1.138745813716718313e-07
4.221710139267814663e-07
2.978812412185152500e-07
5.482149888106624629e-07
1.354967671716733960e-07
1.909225474533800955e-07
2.696277485189399197e-07
2.573997128199394631e-07
2.528932989531474705e-07
4.985813552653361414e-07
1.240672565012030242e-07
5.493775012583613551e-07
1.598725314750878738e-07
2.230814249238220827e-07
2.974607778555178658e-07
3.970982141270826381e-07
5.220462980549442320e-07
5.019967182378503204e-07
7.650272812166304222e-07
9.297266971896851244e-07
1.995081480080443742e-07
1.583148358216177325e-07
3.167760386604232073e-07
5.080975189662755455e-07
6.356555031411789599e-07
1.007480008954348205e-06
8.416490333691406728e-07
1.195620516190312978e-06
