9.827995401253217256e-09
-8.533262714803452949e-08
1.497981079970115458e-08
-5.309618854208721094e-08
-2.854847786130793308e-07
1.218019035391708981e-08
-1.511250169529095756e-06
-1.238449476195564430e-06
5.747613759622100435e-09
-4.763025522411443803e-08
6.540055882816274975e-08
-5.999474408262115540e-08
8.856514379956452130e-08
2.664416819496800051e-07
-9.564610842513409776e-08
8.970416299473018727e-08
1.801003005324630104e-08
8.359297553234097851e-09
1.315299670647361407e-08
6.773614788831701122e-08
1.627001531408649079e-07
4.514658694305528314e-08
-1.253349302210857516e-07
-1.410533986578704264e-07
5.607343003832052492e-08
4.240093942201288497e-08
-1.178185863853464540e-07
3.295395104564651892e-08
3.891769123260520086e-07
-9.406149746742171237e-08
5.590884057316923881e-08
4.671308080301789840e-07
6.581219435414026284e-08
-5.665246529631487837e-10
7.003328444273712065e-08
1.527323882282853571e-07
-8.519951101698732009e-08
1.082065764937906229e-07
-3.170547283653691922e-07
-1.702762711119296196e-07
1.661197525179829364e-08
1.743153351822516658e-09
5.776355815687993667e-08
-9.018923732757354196e-08
2.316920687831392035e-07
-6.516737748036928026e-09
4.732640235333674214e-08
-9.081365590323894705e-07
4.541255222560911200e-08
-6.606498015301524119e-09
4.200812486328367256e-08
1.295479832014379155e-07
1.906535512885451023e-07
4.975305818627633008e-08
2.102654058021756148e-07
1.934866531361742602e-07
1.258472390824284772e-08
-2.969615000138058912e-09
3.870763701060569127e-08
8.919804949416116032e-08
2.029794079162822331e-07
7.473406313976808899e-08
1.102666164942887373e-07
2.124839720700470470e-07
1.784742585872576138e-08
-8.682359195483984227e-09
1.105442875774956774e-07
1.578515001103201013e-07
1.602871702766301005e-07
3.107313838574201830e-07
5.913300574562782622e-07
-5.325145385943462827e-08
5.585794047155041210e-08
5.953471496473617400e-08
1.180374603365911215e-07
1.361317247029736557e-07
1.774747854732444879e-07
-2.969612997949603071e-09
2.915599929232132598e-07
3.205634209009004027e-07
1.004205903683452784e-07
1.046811386358751977e-07
1.433267590109611584e-07
2.649584057646472895e-07
3.002982831383051023e-07
3.310308364437619197e-07
4.477279095922456334e-07
5.303363229103182414e-08
6.898151070669910724e-08
1.063246429885608295e-07
1.274335589829489520e-07
2.258558639069164431e-07
2.056480980334088069e-07
3.496584077634826371e-07
2.418168288287593352e-07
3.016477223020361197e-07
6.352228149119009638e-08
1.691558518811010871e-07
1.297575337577490469e-07
2.160495243517791087e-07
3.062729817954391807e-07
6.705878770522398567e-07
5.196567006093937539e-07
3.267023647993871121e-07
1.151975848628158942e-07
1.905214724480655869e-07
2.049322902144244498e-07
3.382912976811679484e-07
5.019916826156382871e-07
4.722550946147797022e-07
1.278687678856256413e-07
3.676897436768421639e-07
1.448455189014960249e-07
1.395811628427848815e-07
4.006146874494625690e-07
2.595421781358365755e-07
3.817943063402657699e-07
7.774205675704966230e-07
9.706911971826173584e-07
2.551768675440362950e-07
