1.114243340036308990e-07
5.963509282011529288e-08
-7.796862068892286518e-08
-1.129910079359184751e-07
-6.159328770056445656e-08
-1.159059127650520338e-07
5.095592965246894823e-07
-1.500735117444444221e-06
3.890758873620731633e-08
-2.516096469199527704e-08
-8.740676041918037899e-08
1.195160943122493983e-07
2.270081818280265719e-07
-7.377653261440680559e-08
3.566625276224338236e-07
1.246338063477145958e-08
2.610240050216568592e-08
1.300660547756054899e-08
1.047162539462627915e-07
3.287851677978870626e-08
-9.444397116579367220e-09
-1.360376889338073667e-08
-2.826826886187236840e-07
-3.523356921877749559e-07
1.772750004381545703e-08
1.000990191803253649e-07
1.778821410186647279e-07
-4.162810514344927568e-08
5.708778105577727945e-08
2.178570321987604635e-07
3.301728732487300508e-07
-1.142485211507893899e-07
-2.588370921358161279e-09
4.531399253090044077e-08
1.692447765568199703e-08
-8.421878394387906966e-08
2.456784740061012149e-07
3.089927229980263542e-07
4.021394010042332828e-07
5.093171527187723623e-07
5.594499373072081495e-08
3.465303942791703002e-08
1.653592809932669670e-07
7.519634656953316634e-08
-5.186191855325998940e-08
1.883207950391465873e-07
2.347475349634083217e-07
1.487673524258222075e-07
6.124160501980313719e-08
6.613228792265632177e-08
9.382488678604421076e-08
1.379756323121526375e-08
9.327285525346653048e-08
2.386862021792414515e-07
2.313259710765982915e-07
7.474491756264895076e-07
6.459996571057302929e-08
9.492565026186879869e-08
6.921477870018871165e-08
1.069400452362814234e-07
1.498987812304824402e-07
2.733153019499593776e-07
3.224310837892685499e-07
1.461254129849717388e-07
2.988121961533633740e-08
9.295793569817458973e-08
8.565400553852151061e-08
2.753419113539236904e-07
3.308282457285435645e-07
4.650093494217666364e-07
6.444306470329114902e-08
-4.712648562351297672e-08
5.225440318263563473e-08
5.872821848712192285e-08
7.083913866093599798e-08
1.384233326556981122e-07
1.281947343973828391e-07
4.993409856635672483e-07
-3.795228146201137637e-08
1.819849528373648695e-07
6.880738869133568523e-08
1.033981681858920586e-07
1.127557259128830644e-07
2.045336021372566689e-07
1.940766553873398195e-07
3.991183814174654753e-07
3.574410673808849968e-07
3.524833384821510877e-07
9.759332890642680930e-08
1.124522049574404417e-07
1.514845947562928413e-07
2.017398254950446530e-07
1.889994096497949051e-07
2.149587262578498239e-07
3.185514897015588024e-07
7.280361386285343063e-07
1.526656104232830764e-07
1.715721032472785361e-07
1.949163128125578229e-07
1.456615810227620117e-08
4.302724771663304698e-07
-3.166522287072350318e-08
4.740353145895594127e-07
2.391651450791815476e-07
1.822981243014120243e-07
2.141132458467829881e-07
2.864191844423982122e-07
3.425502549419070712e-07
4.959668914079903184e-07
4.543287820192801058e-07
8.007236020235893145e-07
4.088420064203677587e-07
2.032978182044949027e-07
2.651218811434416697e-07
3.497856384270110305e-07
4.581939341374912669e-07
6.027780761820786892e-07
6.030001573020886098e-07
6.614114429459970287e-07
1.942663365100323889e-06
