3.881043002173319737e-08
-7.637711259723896617e-08
9.513353316336901481e-08
-5.433604492885779351e-07
-8.002792451608237412e-08
-6.708217047655778201e-08
-1.902664357831480358e-07
-8.303741163783957088e-07
5.294660446587527815e-08
1.505524121275248032e-08
2.781354810575914243e-08
7.137211321619843488e-08
-1.469035113052966967e-07
1.225680378621102839e-07
1.813909431354467799e-07
2.343707696820217017e-07
1.882793254794976908e-08
3.791503786528439059e-08
-1.846209928339012764e-08
1.811533293001938862e-07
2.946674381891305737e-08
1.313153934263505709e-07
-4.955124362241621512e-07
-2.673092878742068069e-08
1.300419827171301430e-08
-1.420359762731870855e-08
4.018696433120630976e-08
8.278873467183448113e-08
9.873373543801857182e-09
2.400574913513965924e-08
-4.011408677967843315e-07
-2.166867738240075316e-07
-2.607637281476680952e-08
1.935763527519933016e-08
9.923122054162870750e-08
2.601044583197252167e-08
6.138559582774413216e-08
1.738767573921005058e-07
-1.020426707254872034e-07
-1.657288103432377749e-07
2.504746103954408446e-08
2.077308576492130940e-08
1.459020023156591486e-08
7.897935959766527031e-08
1.577840120497706195e-07
-1.484090085792919917e-07
-2.706496707314084755e-07
5.625670184436446466e-07
5.402012967370686644e-08
5.875519794912704497e-08
1.026654303926835194e-07
1.517897659120573431e-07
2.078922443964839776e-07
6.319553846196022582e-08
1.506588752349141812e-07
1.611910011761437911e-07
6.415021226736444445e-08
8.930964898557176745e-08
9.045157651525451470e-08
1.002324897260608871e-07
2.698733201668995242e-07
1.938890372658232366e-07
2.451156242549219988e-07
5.333438245421677749e-07
6.979572115193292725e-08
4.214265854763195901e-08
1.334066432456325932e-07
5.712000581704042667e-08
1.679446042170197992e-07
-1.733750670707981708e-07
4.512539369095360426e-07
-7.480386744282883141e-08
3.942998726354709732e-08
6.562025248049434402e-08
1.308054821722251582e-07
1.954326520004992551e-07
1.402391627658061881e-07
4.903383898483930850e-07
5.669893088033495536e-07
1.681847084899342789e-08
8.289873235752796222e-08
9.610855046031751345e-08
1.027889734059407016e-07
1.549109743446971875e-07
9.385128671326539110e-08
2.394419889511861736e-07
4.071555023186712018e-07
5.673680780689472051e-07
8.444355510391539038e-08
1.384856540619693562e-07
1.704117953977609563e-07
2.344082726914871233e-07
2.392887498661474457e-07
4.035872984923470807e-07
5.649043533859876174e-07
5.375706777957496381e-07
9.110102181929179738e-08
1.624045861064057986e-07
2.608705341845768544e-07
2.099278576411357380e-07
5.245529599317654205e-07
2.925007411863688411e-07
8.265735900450388284e-07
4.663330064821339787e-07
1.356624838561772164e-07
1.866001901559476505e-07
2.068970761991268455e-07
2.035206822216888488e-07
3.585955652622951348e-07
5.092984436203300890e-07
3.229997813835804254e-07
7.005243796268561874e-07
1.674881471842205616e-07
2.267431236213503924e-07
3.177478118267215705e-07
4.448103913986175294e-07
6.519284069894106921e-07
3.874234741525018896e-07
1.369968187004640383e-06
1.466177160519129750e-06
