-2.267186242580652495e-08
-4.646031112938084526e-08
4.245641828072737246e-08
-3.146516770294159955e-07
-2.874535948997899814e-07
3.525054482759470581e-07
-5.111614331349262499e-07
-1.618910861442434937e-06
8.125049452507336648e-09
1.771210911684172823e-08
7.783214132746067458e-08
2.321592455401884030e-07
8.885394334742166850e-08
-4.309020395457101202e-08
-1.759499793086556169e-07
6.371948291573710959e-07
-1.659983776144922869e-08
1.921061876911794308e-08
-6.792952150789655544e-08
4.227493131654352553e-08
-7.113110451017443936e-08
-3.271486009787722644e-07
-2.845862352867870225e-07
7.090738518966082265e-07
-8.886073100909560625e-11
2.851563530832595660e-08
4.742054187925589459e-08
1.147133306575569003e-07
-7.599499725837874719e-08
-1.823475708754291590e-07
-1.438933183463911250e-07
-3.989730724684762463e-07
1.944431145807244844e-08
-6.641573038819507125e-09
7.841298050472421791e-08
2.955790261546136001e-08
-1.880222693607247408e-07
3.584236905232163752e-07
2.626093084525728518e-08
-1.307486394236198273e-07
2.097972795963370778e-08
2.279873078417027250e-08
2.293257989767645400e-08
1.610198623417948119e-07
7.928860702032502534e-08
4.238042558026678492e-07
3.180599320449592337e-07
-3.302149107094633752e-09
5.376857856956765263e-08
2.392985572766784669e-08
6.034341867835735451e-08
1.066005531335695611e-07
7.244687425084035654e-08
2.430876068012523379e-07
2.284267315475318792e-07
1.453650889293588123e-07
6.340153428038172730e-08
4.537005999924102660e-08
1.066946882515529531e-07
5.671703269205975409e-08
-9.523606783743788851e-08
2.973385149100979884e-07
8.895237689562566783e-08
-2.208724778295293594e-07
6.873895689687643246e-08
5.702185848914031852e-08
1.000732224185560470e-07
1.316451531685741258e-07
2.257496843861603470e-07
1.014875778724580865e-07
1.559787293638320899e-07
5.013086690419676995e-07
3.086059718397093198e-08
5.783956118503778456e-08
7.933238138083922576e-08
9.900245817425746355e-08
1.851992097759329289e-07
3.036062565763412032e-07
5.708594616875501111e-08
-5.744767100498902107e-09
6.613380205197174288e-08
9.671413771904566905e-08
1.424177783754633024e-07
2.361608821651658809e-07
2.163899505071350878e-07
2.725717254331153377e-07
6.405199788192247435e-07
3.091889846942877059e-07
7.627079156360069296e-08
1.290957541682379894e-07
1.244487145907592906e-07
3.596504087744202724e-07
3.064722434337623969e-07
4.377046311795946214e-07
5.303223538308130197e-07
5.869098424670622937e-07
1.573534964212681228e-07
1.764583033319446333e-07
2.832641033865721433e-07
2.455044882408672083e-07
2.949965720509531482e-07
5.557320689581818792e-07
2.716966379424418461e-07
8.221731677476011358e-07
1.729094460895100280e-07
1.445808300477270059e-07
3.375873731654206580e-07
4.472494023283949774e-07
5.726602648819758080e-07
5.702029425993002040e-07
1.022830966249725289e-06
7.266373078852765631e-07
1.980611241047268780e-07
2.931451481486052897e-07
2.899623172950586575e-07
4.334826979444507663e-07
4.803437493534747559e-07
5.660535048661502377e-07
6.809442413243214908e-07
3.237153617620729981e-07
