2.698002670579330265e-08
2.126368672984172056e-08
1.673309641414033954e-07
7.632148254750648035e-08
1.209554818532583859e-07
-2.310371720430322596e-07
5.384790139862490670e-07
5.542671992372202093e-07
3.016294334067845318e-08
-8.087138772567644343e-08
-3.601454034986026946e-08
1.496517446034623963e-07
-2.366382656116091786e-07
2.843017543145175555e-07
4.620055197968252183e-07
1.731769958718519370e-07
5.681803281709566944e-08
2.333008900523704230e-08
3.954689485135005844e-08
-7.800603227954277711e-08
-8.743645788332950647e-08
1.232089577609876657e-07
3.965632499538475131e-08
-3.671792193078378810e-07
2.866883750017009775e-08
3.106220618647450514e-08
3.966689475755541061e-08
5.204185150631530665e-08
1.158533313088842307e-07
3.484212020056570801e-07
-1.102251645475701748e-08
-1.440158339585861941e-07
-7.807502302126752166e-09
1.062513241600303056e-07
-2.197087896369004325e-08
-2.288647261917501708e-07
2.747374711664171471e-08
8.444804085965622870e-10
3.197922074387269542e-07
2.515579699587041316e-07
2.055144344923610178e-08
6.961106244526297286e-08
6.332826976348174248e-08
1.213420011033653952e-07
1.744222514476738622e-07
1.101996961962669735e-07
3.600115875274530728e-07
2.901217760898301107e-07
2.800985451825668903e-08
5.755321072875226068e-08
6.201669334721424040e-08
1.463384559519206989e-08
7.625124717484248459e-08
1.482300493664229758e-08
1.741866971821805438e-07
3.498831025824710833e-07
1.683320518953825155e-09
2.618113497476350169e-09
1.228261767421886854e-07
1.432925752614917547e-07
1.227980629121701238e-07
1.250803209780564522e-07
2.931630815696815564e-07
1.922336373132136258e-07
3.778886424392558826e-08
1.062488633842014328e-08
5.051801155171888363e-08
1.007375941441633216e-07
1.193294218046149811e-07
3.132108743660437835e-07
3.163891205347116505e-07
4.136345328773159707e-07
9.538658278506570910e-08
8.928118149737463511e-08
7.058542343729049222e-08
1.942438953266827060e-07
1.106132554286886002e-07
-9.448208514078275467e-08
1.661305766630587586e-07
7.737711763524571366e-07
8.083464445118684424e-08
1.336398809229297851e-07
1.356637332016364849e-07
1.699003317320035857e-07
9.776373534195886673e-08
3.187864615198289220e-07
4.158058266511325588e-07
6.610241833541048293e-07
1.039229617898344015e-07
1.054883894450427237e-07
1.835035126221421031e-07
2.547574375193131535e-07
2.750949511987549810e-07
2.598275335319731289e-07
3.234173259760371284e-07
6.646658656080272660e-07
1.009620642315180414e-07
1.391984812652342834e-07
1.471695670008303880e-08
1.513888380469793072e-07
2.206160492232713608e-07
3.608358533863096899e-07
6.032248624505203926e-07
7.371728229382664382e-07
1.589878657768886209e-07
1.686771429505394548e-07
2.804324347368231798e-07
3.920014443092649772e-07
2.805413795880520634e-07
6.392997205784322391e-07
1.063071109916307274e-06
8.554507687532059765e-07
1.630430489558453689e-07
1.782811713185285844e-07
2.143846717082458524e-07
3.507912847647821096e-07
3.630652901852154490e-07
5.814715769645431822e-07
6.099076748927102244e-07
5.027321855139120821e-07
