-2.740789666559253715e-08
6.419666627992838325e-08
-1.062169077441160330e-07
9.934365151936691779e-08
-4.173057739631032370e-07
9.884884698926016630e-08
-1.095193151776540268e-06
1.649283852831011854e-06
-3.001335818754078444e-08
-2.517066050675845290e-09
-8.314578536356511926e-10
3.307668974226392751e-08
2.341405442058960200e-07
3.113942955105472697e-08
-7.867382096990663275e-08
-4.025933442415103363e-07
-4.073444453298872094e-08
8.579738960996760814e-09
-4.571549995093401177e-08
1.318526173758382297e-07
2.212665211263035989e-07
1.032832555045513458e-07
-1.557613766953954696e-07
-9.002457346060927987e-07
-2.176554479861197601e-08
1.096153762985969611e-07
-2.502502581651679079e-08
1.069571318502782166e-07
-9.545896094858560185e-08
2.433080823520061971e-07
2.141741332553774974e-07
-2.048138610516357328e-07
-1.067133287830202548e-08
6.262572307987520242e-08
-6.642919485860637640e-08
1.234534442143500878e-07
3.501082142549179498e-08
3.754843205437440376e-07
-6.571343328960289062e-08
3.250888942969186840e-07
2.308271856612536434e-08
-5.565818299756359899e-08
5.350195805562100554e-08
4.543164953725530676e-08
2.050489520985553902e-07
7.389853626873391116e-08
7.343349086229023132e-10
3.682594598031068639e-07
4.082923526945350881e-08
5.901163534999638821e-08
8.296195300366705734e-08
1.263862438799903232e-07
2.119512760084025256e-07
-6.940670030022111810e-08
-2.037387488733383574e-08
7.315806512891892468e-07
3.200976957258958314e-08
5.259311873313646785e-08
3.414119691498138507e-09
8.536213945504678040e-08
1.875416769961432661e-07
2.642033259822464457e-07
2.756518996597887074e-07
3.667381206879094139e-08
6.371954317406093034e-08
5.869559050570879209e-08
1.241750519651449005e-07
2.329672242777572337e-07
2.113254909050811462e-07
1.950514624192580940e-07
1.300056499952270559e-07
1.328062691100614507e-07
6.549255292907594212e-08
7.202874166502883661e-08
9.039442676910848909e-08
7.142789301136890771e-08
1.241372645771025786e-07
4.980305684907485649e-08
4.274331588482622343e-07
4.382720772554197512e-07
6.087832007374812166e-08
8.796032812363147330e-08
1.523035410485699423e-07
1.283104561212861467e-07
2.081042702224679049e-07
2.628939657255131308e-07
1.981782828129572420e-07
2.184954058252749857e-07
1.024928222653308004e-07
1.340843336167897136e-07
9.284538440240523477e-08
1.846104540924567854e-07
2.261019431232242624e-07
1.641964061039817253e-07
3.098054598586003314e-07
5.599701070900605881e-07
7.102714309613443507e-08
8.297278568416640394e-08
7.562360432579934707e-08
1.237066380211818002e-07
4.789584318386377604e-07
3.875954200947026369e-07
7.551682314129313613e-07
-3.023111644287959231e-08
1.266992595667098567e-07
8.175939579115594523e-08
1.575197739343474005e-07
2.980573791892064396e-07
4.213431558118771056e-07
4.084188525275212852e-07
7.642193947895061443e-07
8.105947850226498209e-07
1.845869864400952238e-07
1.798165707135960917e-07
3.450788079042329537e-07
4.043198609684170882e-07
4.527606581104564219e-07
7.619536957034506191e-07
1.151133342833462962e-06
-1.900787100868725968e-07
