-1.499373186553783988e-08
8.600540587692806019e-09
1.117173459378878597e-07
-2.111092176085345761e-07
4.166273886626596499e-07
3.679590355388416646e-07
1.313378451959665107e-06
1.573423900890124189e-06
9.680939308824676746e-09
4.878396128699461430e-08
3.323400614682078705e-08
3.113432692736645733e-07
1.677926892338838583e-07
2.067248323036817919e-07
2.172516630651144011e-07
5.212077825753154923e-08
5.097119819251547023e-09
5.867171768462597007e-08
6.185215916635151165e-11
-2.186877328486445199e-08
-5.584161410593307116e-08
-4.108192151121858411e-08
-2.959592800364289746e-07
1.499698819401335188e-07
2.537124622152505114e-08
-6.042032455258700185e-08
1.388289336515831060e-08
-8.059355492639973293e-08
3.980164928387286693e-08
3.306001708306917133e-07
1.573751449178593121e-07
4.064695441667208065e-07
-2.036943545365962831e-08
7.233339390169657532e-08
-3.851114405558874685e-08
7.239032559709433249e-08
-9.785664136539907688e-08
-1.385263755065893784e-07
1.908532069868103519e-07
-6.059542200418445177e-08
2.410136828818267790e-08
2.384560414269840986e-08
-2.537131036438202868e-08
1.627151651236776111e-07
-1.077881972398895894e-07
-6.630119479294414454e-08
2.995649557726128889e-07
-3.201825959216829294e-08
3.743538465548404374e-08
1.131710941464367085e-07
2.072814005620469620e-08
2.024498989602150417e-07
2.036557353647772258e-07
2.613207921437970523e-07
5.112049666761982467e-07
4.890611789708199285e-07
6.743191176930217562e-08
2.552334332790359948e-08
6.374556104532681374e-08
2.118257906471958120e-07
1.973261741192894752e-07
1.018513714064717611e-08
6.090342288236358649e-09
4.933119419991361506e-07
4.588921004631904607e-08
5.983686500592640668e-08
7.836038730164428379e-08
1.436953901077404758e-07
2.161657941601927226e-07
3.487777286052547981e-07
3.345338149349517213e-07
6.684597592013449900e-07
5.352059639684380668e-08
1.322707504833189321e-07
6.221320998160940270e-08
1.507597986540848139e-07
2.441004160132951836e-07
2.312615675781458462e-07
3.948008148734856832e-07
4.217614738267953010e-07
7.989257778133987794e-08
1.449602325756265612e-07
6.433770923563139061e-08
2.809260214933028635e-07
3.943543954668293335e-07
2.141424406489771565e-07
4.176095733307860377e-07
4.248994045376334192e-07
8.516492575565187095e-08
1.630373458066498179e-07
2.248408848957074549e-07
2.404082603792460399e-07
2.272675651685650664e-07
4.309971324327750272e-07
4.586156184885984612e-07
1.340730324786259418e-07
1.720042533615545055e-07
1.987652591013582719e-07
2.518617703002623224e-07
1.967246784877167597e-07
5.147686368137223956e-07
2.964563478094691330e-07
5.472917115956062900e-07
9.923657622479109965e-07
1.645124975617359061e-07
2.016595764829491932e-07
2.512312356189401965e-07
2.768870125890305764e-07
4.673561409334140533e-07
4.229019467298801114e-07
3.470539509669703336e-07
7.567030053366650914e-07
1.635424300153870626e-07
2.216439375463684969e-07
3.724864085217169889e-07
6.117887520101706160e-07
3.494683814716617952e-07
4.585708151734166034e-07
1.187183421685838914e-06
2.599043795590424276e-07
