1.184385328159364378e-07
9.756606613630009774e-08
-1.076196772952363246e-07
1.858521799631526440e-07
-2.743078911938321595e-07
-3.422167037057321627e-08
9.264497636505638948e-07
1.839331812408138804e-07
-5.428198482866762933e-09
-4.730047917239530933e-08
1.259935363451348844e-08
7.315986240983033066e-08
5.236691963774478325e-08
6.875530920862670817e-08
3.221304265645975899e-07
8.756501219579488923e-08
7.355630729605065003e-09
7.781565370384959657e-08
-1.929614718994044495e-08
-3.911713803117824034e-08
-4.693671995172638343e-08
-1.954514914786232480e-08
-1.656022942611367477e-07
-1.699435939138546971e-07
1.384362487221502568e-08
4.896669565336338661e-08
-6.102384078075299598e-08
2.637073330876527532e-07
-7.852318650676486436e-08
4.333065094537358522e-07
-1.911061466917515497e-07
1.254026741082188451e-07
-3.761820031090380459e-08
-2.573977522331310487e-09
-4.888424933550112736e-08
1.187478592930086186e-07
2.308967199593341298e-07
-7.446985481571368325e-08
1.606847840011991834e-07
-4.071050940907526337e-07
-2.368621798573440459e-08
-2.860539257530345720e-08
1.955143728703308986e-08
4.905650747350362553e-08
8.660413636164916347e-08
2.511818407222455992e-08
-1.776582630022083104e-07
-2.120071717902456470e-07
3.343404257615400801e-08
3.034107121348384110e-08
4.511932411358165811e-08
6.334235880682089253e-08
-2.311243250555117202e-08
2.913447452183282155e-07
5.960358796023174150e-07
1.615062765819914270e-07
5.023371022094702086e-08
6.108577155837234926e-08
5.973389791016509974e-08
1.280976222283444839e-07
1.802854354701197424e-07
1.603942820112182804e-07
-1.815647884019797049e-07
5.053068482660023500e-07
2.977055077112387402e-08
3.940278809358396280e-08
6.756901530151883694e-08
1.176952413216000898e-07
1.040514178515976743e-07
2.337659060069433211e-07
2.570136231450906657e-08
2.849349435146399953e-07
6.205371121033844236e-08
3.980349733959575007e-08
1.184976120969833026e-07
3.996138213390481048e-08
1.795043903038027950e-07
2.663670233514946083e-07
2.212150619286297971e-07
9.923506243345922573e-08
9.964748306444665793e-08
9.248327258404541900e-08
7.940981646132015156e-08
1.756156564854975523e-07
2.872661317789204852e-07
3.802488884296702439e-07
5.299149822702006828e-07
5.621744743059885751e-07
9.825956402185481428e-08
1.085849819538245317e-07
1.897676508467296664e-07
1.515865709098297147e-07
1.477039662627914088e-07
1.931823332843564043e-07
4.648815249103247186e-07
3.643127730125757509e-07
1.496585262178265708e-07
1.446447476377119067e-07
1.403187996055676895e-07
2.984036624958982659e-07
3.823048935501170786e-07
2.397621612049015331e-07
2.562639614798525441e-07
7.437984828652447668e-07
1.689201543510877279e-07
2.202620582241287717e-07
1.928194014653651420e-07
4.167953629935180150e-07
3.275474976530091098e-07
6.750585659273991622e-07
5.349059805873036802e-07
1.043165853768573273e-06
2.149201706435555719e-07
2.744640742842141157e-07
3.044159610138121247e-07
3.515854673120381048e-07
5.629091919001314637e-07
4.145054916214628052e-07
5.043190796051170021e-07
9.153855387245559074e-07
