-1.427671050086499411e-08
8.864871893991585189e-08
-6.761134551089647504e-08
-1.690400589346367298e-07
1.246733541539261701e-07
-2.205607441562919088e-07
-8.725699829726980390e-08
-7.337122894607871561e-07
8.427183318685060255e-08
6.549967713263756798e-08
1.302651330862282864e-08
8.364885740357293156e-08
3.227572390425871255e-07
-1.555387132047216348e-07
9.792358478605295128e-08
-2.328544269402746371e-07
-9.208840358188798059e-09
-4.050850085534350685e-08
3.191977402243235541e-08
-1.591756664173588897e-09
9.806896304106423769e-08
-1.115343798538819595e-07
6.944418915190115179e-08
3.212356265658749703e-07
-2.700111952135307997e-08
-1.985419857115808552e-08
2.577100932182805321e-08
4.275629607596596217e-08
6.226787820168171411e-08
-2.506962310112326904e-07
-1.730217082184677952e-07
6.022111979258748451e-08
-3.225343269995039727e-08
-1.301757148439724405e-07
3.883788308169340866e-08
-3.375213525525472540e-09
1.084625695895932390e-07
-2.844062391253709405e-08
4.628865115417291137e-07
3.028980131760674293e-07
-2.235791771656749725e-09
8.782281508298427668e-08
1.623531754182629478e-08
-7.411085168972399653e-08
-2.569011908323988183e-09
1.402120403918915966e-07
-2.357001100089134616e-07
-2.241715893589767141e-07
1.929038010219673669e-08
5.656000455566677502e-08
1.001183040109649618e-07
5.165801049022546821e-08
1.607185710855603633e-07
2.095619142898320294e-07
6.575186653328828651e-08
-1.822076600813994132e-07
3.832251263312651749e-08
6.127978760408391172e-08
1.267836155725280701e-08
1.091069896824808479e-07
2.163994104315008272e-07
1.278490113727646242e-07
1.626986287246562943e-07
1.092198441553420023e-07
6.962406091152248350e-08
8.713430348473845851e-08
5.277484481833834065e-08
6.967487882200880245e-08
1.161801246956605349e-07
2.678845244878333662e-07
8.467506809238294941e-08
6.968259726343752937e-07
4.403091700474920357e-08
1.249707234587022906e-07
1.740077509514289624e-07
1.212313855123666323e-07
2.465224490516258670e-07
4.227450743400212283e-07
5.665126546261485136e-07
4.064525800773421865e-07
8.423749050015862779e-08
1.031697732334282782e-07
1.013938341793142490e-07
1.833167797991595636e-07
3.777416083042831953e-07
4.783374955416077948e-07
7.130828409514647068e-07
6.484121845997625915e-07
6.869112888469369033e-08
1.289190669142456923e-07
1.175322565464228589e-07
2.226520964085759291e-07
2.413361471421978415e-07
1.608810960516416671e-07
3.819062658846812461e-07
6.900468982619217899e-07
1.319585420244239338e-07
1.701259684976862922e-07
2.852902033876464588e-07
4.474762905078744661e-07
3.116442574450779492e-07
3.609074822415298486e-07
2.975353154018926770e-07
5.636824835697580716e-07
1.665687767194618665e-07
2.081776131907448834e-07
2.431511758543201082e-07
3.817997227030129295e-07
5.464248521910291338e-07
2.863899612774093548e-07
5.444998277852544336e-07
4.773968093345973291e-07
1.479345776653196126e-07
2.981421857330593503e-07
3.124925921692397703e-07
2.405948011131872765e-07
4.882073827627517212e-07
6.807699660166318192e-07
8.859373818408451926e-07
-3.134550569883806849e-07
