2.294826320134177226e-08
-1.097148477901698927e-07
-1.405732942578103117e-07
-1.284253830980885857e-07
9.922768037591981043e-08
-1.014509364515542096e-07
1.712438195976433658e-07
-1.597532290062338959e-07
-4.348882543343100783e-08
-2.987778878783563753e-08
1.011305465895245435e-09
1.395729608736444087e-07
2.306783141634495095e-07
2.236016688578442436e-07
-4.136615116435903918e-07
5.793958586275132648e-07
2.633790710641391132e-08
-1.109527241784426632e-08
8.528280489040750648e-09
8.735581772372468608e-08
1.168455695098259392e-07
-2.920777779977314260e-07
-7.767217046204632509e-08
4.856442114346231157e-07
-3.627951367107869871e-08
4.227609037094761351e-08
7.428709864421221189e-08
1.168233495869929146e-07
1.897035583773674723e-07
-1.039274080085761416e-07
3.105915095855543778e-08
-2.595122788691916772e-07
-2.640470847150960867e-08
2.547790956719609731e-08
1.500977885863851040e-07
-4.385798989984935036e-08
-6.101559937331751247e-08
-1.807893891465649696e-08
3.798239578154826672e-08
-1.765141811429015617e-07
-5.920343290393403608e-09
-2.533741243788453087e-08
-6.596669988413756071e-08
7.736322821646592270e-08
5.976375850005981090e-08
2.822673309896326925e-07
-1.787248157027886605e-07
5.519279344755155776e-07
1.485688738348576173e-08
2.512499092478774131e-08
5.623096109265776777e-08
1.018106563422617218e-07
3.611578549484722732e-09
5.033309497654715849e-08
2.912104379090128580e-07
7.082944126672163908e-08
6.494503957805889157e-08
3.850520327789523923e-08
1.229502295355063088e-07
4.448781365810365558e-08
1.108497988785017417e-07
1.440485115536545574e-07
-1.907376114744607297e-07
4.116013582026201369e-07
3.560540024611970524e-08
3.767007822990901223e-08
1.276048547900554595e-07
1.023138358154525241e-07
2.034263202245141103e-07
5.278199619336686302e-08
1.073626071430398538e-07
-2.603504133845019653e-07
5.385470618891637253e-08
1.021831582499550287e-07
1.371827769424813310e-07
2.377361608212713171e-08
2.668978475186227752e-08
4.978831101443470808e-07
1.779238910949752903e-07
-9.437984948953269646e-08
3.939188774084399346e-08
1.341398590787812905e-07
1.085286664943847140e-07
1.063379653280116703e-07
1.807143993173326923e-07
8.878039942206063214e-08
6.803456836107779728e-07
6.448645407738927871e-07
8.788092435605548101e-08
1.104620096927897361e-07
1.491557546686118064e-07
1.389557887314599493e-07
2.892333215223378286e-07
3.463503488419547924e-07
4.216485988131548754e-07
3.367610356953177013e-07
1.383032527163643561e-07
2.701759887729163000e-07
2.436357730491303420e-07
3.088451896902749233e-07
3.497595982957544716e-07
4.155172866426096513e-07
4.553617271297442589e-07
1.124749576743945921e-06
1.331806591959923997e-07
1.831650938685370020e-07
1.788538093695057784e-07
2.908678360444090325e-07
4.899982724061540440e-07
6.840780584844147195e-07
1.104337708062600551e-06
4.584519780748214983e-07
2.116623613471846890e-07
1.708705632762233716e-07
3.430001939554897982e-07
4.799512409308280154e-07
6.568296330819326812e-07
4.957941379257142544e-07
7.919818665028621471e-07
5.721115541311620772e-07
