3.903055241073319469e-08
4.711497118732287423e-08
6.578561963193686982e-08
6.777308152484504993e-08
-1.260515647773109152e-08
-8.485239419976791395e-08
-1.250089076635777083e-06
6.577677862364916076e-07
2.683000679897179288e-08
5.720540623586274186e-08
1.063959128721369858e-07
5.017607011305851136e-08
-1.077159700241627334e-07
-3.966542195037435166e-08
-5.996397081613972718e-08
3.259507376255482878e-07
3.779583888787364441e-09
3.596460051406434497e-08
6.229322609557386404e-08
-4.907469820710938654e-08
2.813075036625706818e-08
9.910126683491129091e-08
-6.549352008564018914e-08
2.569441902530378867e-07
2.093255893435549380e-08
3.678584861669447414e-09
-5.836798902295308748e-08
-2.593345045157513734e-08
3.413620906124778695e-08
-8.362202766550368642e-08
-6.299634519516863122e-08
8.631330047136492050e-07
5.192733779255130891e-08
2.427816685141527807e-08
-5.851464928843585679e-08
1.389712350542872015e-07
-1.249067059424468909e-08
2.202815274985176328e-07
1.866196937526374889e-07
5.617270908769637765e-08
2.536037088607331346e-08
5.760513126790910048e-08
9.734824982767261549e-09
1.010406987765915178e-07
1.160822813474564424e-07
2.011233623073023456e-07
5.204954173305366416e-07
-2.913339860155894914e-07
2.900845924054899405e-08
6.262674814200641824e-08
1.066914261032241688e-07
1.177457280544102933e-07
1.239201140481305070e-07
2.009559058571643505e-07
-1.060972157482896441e-08
3.542532895288085770e-08
1.669559970335400483e-08
3.900766406867524733e-08
1.191580171758706646e-07
1.451862009653992088e-07
5.113481926012944905e-08
2.886131657764667198e-07
3.836072683775730041e-07
-2.205805230762794712e-07
5.388700991109484739e-08
4.484145266432957782e-08
9.694028111221677120e-08
6.894945194124359028e-08
8.508658515452963652e-08
5.484695795200131092e-08
3.228848717632335204e-07
2.833255584750842267e-07
2.549779495135636551e-08
5.440089693029059347e-08
1.441109899977343218e-07
1.354585943239386502e-07
1.220876576505259366e-07
2.089988450413498170e-07
3.792018855812741526e-07
1.705198247818848022e-07
7.859702389010093602e-08
6.875858340008649334e-08
1.525699337846464470e-07
1.950456792512161138e-07
2.857494320987660322e-07
4.122296191763921500e-07
3.348067695835299416e-07
1.395112747926145205e-07
7.466871580940283717e-08
8.149177826297280163e-08
1.896551551354432612e-07
1.601058678235905015e-07
2.217378619997198959e-07
2.672900095992157100e-07
4.716958948136904515e-07
4.384748790075658554e-07
1.184892494163493438e-07
1.218004724555528581e-07
2.307945646132223959e-07
2.635702208278875949e-07
3.327823409354709269e-07
7.502374840277922680e-07
2.857631793307441612e-07
6.976221686936484613e-07
1.457485404080889755e-07
2.323056329688165958e-07
2.783238423809546899e-07
2.226296700580917923e-07
3.018515067822995958e-07
5.909276952638687770e-07
6.076221853067530041e-07
8.032691947758342762e-07
1.430220770181722811e-07
2.554969202685985704e-07
2.203361263432625923e-07
5.382113178971464467e-07
5.296527639768330689e-07
8.871768210806914718e-07
9.329510422653908485e-07
1.165655596451450756e-06
