1.153893047997288631e-07
1.919833210723191361e-08
-1.734540731127143693e-07
2.384858552176920854e-07
3.498626660203152583e-07
-7.397080079963522770e-07
-2.089156025764776606e-06
1.525754812820774819e-07
1.974271167735752148e-08
-1.218812787399505695e-08
1.778842465026992300e-08
-4.606897578249894540e-08
-4.011304686024887613e-10
1.437772869862958934e-08
5.027021701200282795e-07
4.754232998659587148e-08
2.759984335185244568e-08
2.779861518680779874e-08
3.732144266542569102e-08
-1.070756416728877975e-07
-2.501930160102815250e-07
-4.562149252356221511e-08
-3.487441863978617802e-07
-2.785617535010875728e-07
-5.434153245478276013e-09
-2.692265920889095362e-08
1.334728172020484348e-08
1.704953882736070179e-09
3.320599430427714335e-07
1.841549681231687417e-08
2.137789434748317708e-07
-7.824453643750267620e-08
4.943526598247888299e-09
1.898250344565521731e-08
-1.444341131915024707e-07
-3.749596546861106429e-08
-5.208863682721517600e-08
1.409818401583142033e-07
4.005744602684366774e-08
-2.554205950395890308e-07
1.965151545545417562e-08
6.904785233142892079e-08
9.870793634008963667e-08
1.672641699021881716e-07
3.976113010868590260e-07
-4.457372388410902760e-07
2.198851233205785012e-07
6.220298053815676428e-07
7.511409757672910466e-08
1.915039332824366915e-08
3.846943305997864879e-08
1.032745736521343085e-07
-7.334665961475198433e-08
1.593550510170185459e-07
2.109813423090870853e-07
6.709198170196158798e-08
8.364064536019764764e-08
6.094050234396497519e-08
1.803091106592478526e-08
2.225787862491452540e-08
7.291239886074145999e-08
1.034748187962527728e-07
-1.672440722020149310e-08
-1.237249983545306930e-07
3.863437863764940878e-08
1.122689416155155051e-07
7.250254186851930121e-08
1.876144267452096726e-07
1.374422510916634486e-07
-2.063129925824117548e-08
1.243060421305706268e-07
2.672973306552364387e-07
6.798451874344574930e-08
7.315218087008200744e-08
5.483957772326157557e-08
1.553315148415767727e-07
1.582862082993485165e-07
3.116007636250819653e-07
2.547558656209225527e-07
2.921918464504575186e-07
1.044714126224266585e-07
6.160367593126043369e-08
1.667065041711154379e-07
1.362406570473362067e-07
5.635088136774728631e-08
4.714686017853105364e-07
3.747977225717379646e-07
6.040714747477889907e-07
9.522867046596566804e-08
6.766366435425537207e-08
1.620001331573830634e-07
1.478551000237111669e-07
2.358780926670293197e-07
4.739403476998374234e-07
2.360390513178790904e-07
1.570996664266608749e-08
1.252240234705614388e-07
7.962998935836067983e-08
1.070283725121685136e-07
2.373834460392943138e-07
3.184207166966731295e-07
1.949999503886377907e-07
9.271765976583633582e-07
6.126650349104633055e-07
1.770156416542706912e-07
1.834893394788882565e-07
2.180070008426459531e-07
2.757872774864755645e-07
4.335684372320818712e-07
6.224496680316399945e-07
5.792400310215091814e-07
1.125325617480682001e-06
2.126377266476100380e-07
2.061586353768455532e-07
3.644136619545434092e-07
4.079358491008237766e-07
6.223772869665515662e-07
7.787568534272026941e-07
8.371559683347185673e-07
7.710674517614297859e-07
