-4.055156900978441805e-08
-7.061959351058399186e-09
1.441001703864167030e-07
1.371167557169554020e-07
-4.491067919172843997e-08
2.237742920548550213e-07
3.935816100038985468e-07
9.713107338931735771e-07
2.605130345587900862e-08
7.409353640080087567e-08
4.269159579522167167e-08
1.924434247547606994e-07
2.259182842612560328e-07
-7.760870958034645704e-08
-5.518588175511443969e-07
7.769290509126493647e-07
4.048772587026623381e-08
3.556292729985768245e-08
-3.347217917778220777e-08
-2.681183847743899152e-08
-2.035321301906404026e-08
3.345553336218097030e-08
5.885507899573745159e-07
1.262281726831749256e-07
4.888185371065159342e-08
-2.312321225828235796e-09
1.230588367497448383e-07
1.142797475306659797e-07
5.781389705784450962e-08
3.953423001303812640e-07
2.982308058473881183e-07
5.875730192136988482e-07
8.343472567609528026e-08
3.007408667318252794e-08
5.543331405871564062e-08
-7.043430194284163860e-08
2.729844157562500812e-08
-1.512646731228997722e-07
3.591653965091759437e-09
-1.924128537256731767e-08
1.405642135528257201e-09
7.885200046954635852e-08
5.659559405664834157e-08
8.235534014035073996e-08
-9.418145321604161979e-08
8.758792798153560166e-08
3.458652045843710273e-07
3.902942303761656523e-08
3.078500626776739310e-08
6.823954348803027897e-08
-6.516499722690602204e-10
1.257619240420899410e-07
8.477882719916336191e-08
2.284761886371852273e-07
4.169072733376988011e-08
1.868879471797203988e-07
2.289404089493419492e-08
2.534882295942753611e-08
-4.630909068033841522e-08
3.462826091448355821e-08
2.079309009926703285e-07
6.106096494217835339e-08
1.906514781046353212e-07
2.032366538860758926e-07
2.858232087109611455e-08
6.465967954037885473e-08
9.073753247372212612e-08
2.520845378869417632e-07
2.165974634315740624e-07
2.840381838282018903e-08
3.831086708848773076e-07
3.403217960420544673e-08
5.029409306995627255e-08
9.170672619230613898e-08
5.346200586704763848e-08
1.819450002242182559e-07
1.940852186139458688e-07
2.562285038972938522e-07
1.787719381725276091e-07
1.961548943274058532e-07
7.907209462303635997e-08
8.981855207104449927e-08
1.016375895562177949e-07
1.915182538752748250e-07
2.052747107823456998e-07
2.166278551539405117e-07
3.729722836405479211e-07
2.596404395613813745e-07
6.909795314659096555e-08
1.043289973632575403e-07
9.434954367907150623e-08
1.592066533399707977e-07
2.582996212270762239e-07
2.677883426651583623e-07
4.105786095464253461e-07
3.618797566064382912e-07
1.544325738961693055e-07
1.764797698140912124e-07
8.713858952658936026e-08
2.190496546449519642e-07
4.638991989543741709e-07
7.284694675919038539e-07
1.108021365981961821e-06
8.003252056800107992e-07
1.316902885218193017e-07
2.099592664834034960e-07
1.270198374764730524e-07
1.973927930695927725e-07
4.568060144138919217e-07
5.390939073664827574e-07
7.683436996415018133e-07
9.217697052456135249e-07
1.562961978266346059e-07
2.512871536390549304e-07
2.016166894399713938e-07
3.842048108583590919e-07
3.886224537595507487e-07
7.035501816456630847e-07
1.025416013044843111e-06
3.080019209138313767e-07
