-5.858739013289298998e-08
-1.455630685839467138e-08
1.193524173197740218e-07
1.391802036402066671e-07
-1.732957609056229260e-07
4.731335182079107007e-07
1.676859088650325436e-08
-6.673853705601317797e-08
4.905883245227186789e-08
1.170083481728534342e-07
-1.371329186183371301e-07
1.047412205103892599e-07
1.196437149290580270e-08
3.026771961486429009e-07
5.360796964246650262e-07
5.301062214197024198e-08
-2.032772554024377142e-08
-4.521585770717807020e-08
2.840858022231896578e-08
1.576086600841976056e-08
-9.321724332052911401e-08
-7.457885742162790090e-08
4.506253132971763717e-10
6.581472009453019061e-07
7.554295625572672722e-08
2.444075849990407457e-08
-7.312760624860146173e-09
-2.664970183606888435e-08
-4.379126169864962158e-08
1.954260951434289025e-07
-1.197291433712703057e-08
-9.467902407562867807e-08
-3.829685834483332973e-08
-1.119503082131915610e-08
-2.469726158774516379e-08
1.239375733563599634e-07
4.009637072756343270e-07
1.902708169334704538e-07
3.415566183191583185e-07
8.015622875522392997e-07
4.105855244701277059e-08
1.390022936263819170e-07
2.783788278914539179e-08
5.029790966120453855e-08
-3.634292497448588780e-08
2.903981713163478161e-08
2.185552423427136779e-07
1.197259114912917000e-07
5.732499378534846759e-08
4.856625374097237603e-08
-5.855836017675996993e-08
6.127289267041176870e-08
5.770241242909899823e-08
1.798493950795943773e-07
1.506847323807855768e-07
1.570945087589934348e-07
3.554957933402535048e-08
4.989183974649801711e-08
4.306630990909487184e-08
1.448569236225965562e-07
-5.738131278471074748e-09
7.088625841193503164e-08
4.998049481417399699e-07
2.542092219216753214e-07
6.691814900040755711e-08
1.213926939772203812e-07
-5.190876912130880387e-09
7.881340785158082572e-08
3.638597443434885111e-08
1.092237097342854661e-07
-2.971701314303802518e-08
-1.498456188552287532e-07
6.088923103940921472e-08
6.905094408934868420e-08
1.038749756629808247e-07
7.892498582940257734e-08
1.641379332160179975e-07
3.423417765636992789e-07
2.615842449529879082e-07
1.098714579095737921e-07
7.393868885553909465e-08
1.142007862993015099e-07
1.621838644582539843e-07
2.026417104935664714e-07
3.476808269589378902e-07
3.278701196968842262e-07
3.277174301506903579e-07
5.705444005082163788e-07
1.145827330356046051e-07
1.444793267386638937e-07
1.502015243518444410e-07
1.598792820849579496e-07
3.259110762525579844e-07
4.377371552877537720e-07
3.340904145998620782e-07
1.964591913207653987e-07
1.443297216778364383e-07
1.046516112567963101e-07
1.638527705743208607e-07
2.808301731874356853e-07
5.736785152268612568e-07
4.843185219757778459e-07
7.520878339893920615e-08
9.240933313695297944e-07
1.591478586908438879e-07
2.189341726470585356e-07
2.680201406065944053e-07
3.222593726431927481e-07
4.348812803394893476e-07
3.208569841282256415e-07
9.994090614127338060e-07
-6.852135976595531144e-09
1.798892354587380185e-07
2.860604623292281974e-07
2.753426985994939433e-07
4.643884719078157704e-07
4.272694383672592584e-07
5.662557860576713000e-07
1.099739104917766768e-06
6.740761388571675688e-07
