3.189964383312046728e-08
-3.270922896302336115e-08
1.180619261321712708e-07
2.969956153457943196e-07
2.171620636556379511e-07
-1.316346101362897604e-07
2.313453626161533131e-07
-1.365235267211102843e-06
-1.132796070574752350e-08
1.444524324416798982e-08
9.169144252070357706e-08
-7.473803483530833858e-09
-1.288886086331993649e-07
4.876372956988562583e-07
1.147831952564033273e-07
-2.588671577837808661e-07
5.151003537513811132e-08
7.126175548881336121e-08
8.087931304673254445e-08
-3.682959659446804770e-09
-1.404399153089729245e-08
-8.106462451502288970e-08
-1.757323881471751968e-08
-6.232260015585917609e-07
8.202016178867301671e-08
3.947172805209231813e-08
1.016557508303512292e-07
1.156041529872403286e-07
-6.266705574695600677e-08
6.839904457319056041e-08
-5.019879455027485912e-07
1.099124273997730326e-06
9.877883902018949245e-08
1.606226778356388070e-07
2.481299585186671974e-08
-3.890910618784230976e-08
1.156161413720670602e-07
2.228723464059132992e-07
-2.993372772344188046e-07
2.861746390420184663e-07
1.138233782556834043e-08
9.075270923960076099e-09
5.738534577640264318e-08
1.647669142153744733e-08
-1.025294920060030441e-09
-2.841812195127445877e-09
5.731708512881826380e-07
3.134517878503185499e-07
5.480723668510434001e-08
7.367706745718101404e-09
3.655418734774473205e-08
1.183958802314855134e-07
-3.162271416503397988e-08
2.618888253033686589e-07
4.342219666907700240e-08
2.670871490402573841e-07
1.279982937782490642e-08
-6.067734057128123611e-09
5.125348500966487242e-08
9.102902440722888544e-08
-3.104940883254293990e-08
1.411771644101325922e-07
8.619922771664968784e-08
5.458301626495254740e-07
-3.053062029948701595e-08
4.833954264941269055e-08
5.049220337276674104e-08
1.430799749159533114e-08
4.281888866804033887e-08
3.931743996002823919e-08
1.098225459755801834e-07
2.797157032077137036e-07
6.556082548867854723e-08
5.656941514241698817e-08
7.696060664723212587e-08
1.591363792321533887e-07
1.529102286477895600e-07
3.893218122584277438e-07
2.421743120620765851e-07
2.643373458658459203e-07
1.025846506087781461e-07
7.664268767199789959e-08
1.568617249730840461e-07
2.132066888564482920e-07
2.302968370405336550e-07
-4.815729271104710100e-08
6.060559751125503228e-08
7.053570896466570726e-07
9.448914797403147940e-08
1.151974139913819315e-07
1.439492904755116777e-07
2.216130779848075432e-07
2.339136430338702417e-07
4.727208192889271405e-07
5.013668228497238733e-07
5.401935064138491619e-07
1.011109529957610099e-07
1.515241800883316053e-07
1.948393739451805524e-07
1.449127804986990300e-07
1.970959189600768531e-07
2.762901387841060412e-07
1.625681728589684278e-07
1.571931735738436086e-07
1.458390776296921557e-07
1.499408565671811622e-07
2.265651687545177768e-07
3.685541071483226923e-07
5.553559349488082296e-07
5.599247215735555752e-07
3.182455514861439082e-07
1.576323871634452171e-08
1.664615905857540610e-07
3.732349027050065475e-07
3.511141115981183485e-07
3.866988284453562375e-07
4.593349364479889854e-07
4.785134570720899764e-07
1.874785747003484375e-07
4.517290778142977404e-07
