-3.493146743851008529e-08
-8.370445463092145287e-09
-9.637044689402868958e-08
7.590841300043862721e-08
2.433594010947459566e-07
3.738346888574200777e-07
1.216667080353351597e-06
-1.477909273907544703e-06
2.435868121035625915e-08
2.591340551146459463e-08
9.164945041305351915e-08
1.292444872115265060e-08
-9.012786543388903869e-08
1.340349660935223945e-07
1.964252544096491499e-07
-3.427993902233385370e-07
-1.871893391365208083e-09
-6.630876872725276802e-08
-4.106925632579416097e-11
-7.668393895622081497e-09
2.264140962635095238e-09
1.455189366089338126e-07
7.045534038811320340e-09
4.585561407705570143e-07
-2.321289409056941157e-08
2.647674820467413154e-08
-5.728213823530744747e-08
8.958606455039146044e-08
-1.006077342356416389e-07
-3.288749300829503031e-08
3.190484829749534386e-07
4.632249276129043787e-07
1.550654604640205505e-08
1.762168512863871444e-08
-6.810344852111098277e-09
5.875931927685852500e-08
-6.334057734431451101e-08
-2.220120617779998937e-07
-3.092944674158726266e-07
-1.087776886927044100e-06
1.659652563633816075e-08
1.728029376868648655e-09
9.309306061644853412e-08
1.424743093858970455e-08
9.854560661566887681e-08
-3.210615222516967466e-07
4.834700171540139721e-07
1.370862030256016330e-07
4.086755303590201311e-08
3.751279078178417857e-08
1.037971251914392297e-07
-3.462490933038485181e-08
7.273643398793386644e-08
-2.096522639604484136e-08
-2.478713467560253659e-08
-2.387531535937734772e-07
4.974766264411172706e-08
1.658482777801292454e-08
5.973101739706321391e-08
1.288783258361018932e-07
9.759027547114720819e-08
2.651010718511448476e-07
2.843631842951403147e-07
-1.953750072244804994e-07
6.090498840472047958e-08
1.745979514633736557e-08
1.527456877045921939e-07
4.125546107869059086e-08
1.884323413104239389e-07
2.362173164106894947e-07
3.540832434853236369e-07
6.158965322231889686e-07
5.150971610249793970e-08
7.472492733962987979e-08
1.585517199916348012e-07
1.687574301974976216e-07
1.554144777013814773e-07
4.109468650478263592e-07
9.014170304091227441e-07
2.770533544916611739e-07
8.108357028372456666e-08
1.364358835797571708e-07
1.481790793019637930e-07
1.968931796002794407e-07
2.264344467202965998e-07
2.404365049485211246e-07
3.357787238349560901e-07
1.327032136378261050e-07
1.102380012804614774e-07
1.031220759130409767e-07
1.368306634261119526e-07
1.901829957381079097e-07
2.170198522966461181e-07
5.691406786992959461e-07
6.372708035733630501e-07
7.080460208128158925e-07
1.045597060291542489e-07
9.282897286700588617e-08
1.394578518682653031e-07
2.545193311607200951e-07
6.031200116822280267e-07
7.117735490736003703e-07
3.615018068206672347e-07
8.712991989577009542e-07
1.531165781878653813e-07
1.574720975532445756e-07
2.025903634281768848e-07
3.443030183340157118e-07
4.054176079872862391e-07
8.190809487105631785e-07
6.177426916471725510e-07
6.373508490672712861e-07
2.424163575405222595e-07
2.666175103443294891e-07
1.581263145128035104e-07
1.099906343870074655e-07
3.189875470146036638e-07
8.926914382341775149e-07
6.163376719444479772e-07
1.190486666194475579e-06
