6.294201169808763866e-08
1.585408167304927389e-07
-9.696675955462946780e-08
-1.893301140944669428e-07
6.735025936380273277e-08
-3.626161608972050321e-08
2.591559055531549928e-07
-1.477195488005089778e-06
2.893706809689764903e-08
5.638978747806976191e-08
5.220606428512576072e-08
1.330795942906848537e-07
-1.684211003187274753e-07
-3.959973241467966129e-08
-2.339252141773146816e-07
-3.899892797829542615e-07
3.659027388967308519e-09
7.188565131585336210e-08
-8.255953995784529281e-08
-8.889747834174223741e-09
-1.184557381053473286e-08
-6.206788266598082517e-08
5.321176305147425923e-09
4.682728117055170647e-07
-4.511893674130574686e-08
5.255730092951475752e-09
-7.703251518089446046e-08
7.299333378062077397e-08
-8.078386598943358916e-08
-4.598133961060048729e-08
-4.036129769438939124e-07
-2.083583020727510004e-07
2.172237297905933451e-09
1.066272698785861311e-11
3.324622453133113245e-09
-2.621275406069994821e-08
7.011646934271760169e-08
6.535639363308178442e-07
8.864830801605965833e-08
-1.547880925473598231e-07
7.248237951894874279e-09
5.728074399325663140e-09
7.850460747364194221e-08
1.212915972073231912e-07
1.438986443972966905e-07
1.384588997568323162e-07
-1.390369604477177567e-07
7.326431146475767998e-07
1.591403958135945063e-08
6.857761177892228561e-08
5.343984604579873195e-08
1.225926168796911774e-08
1.979353552244206606e-08
3.950976899121216245e-07
3.934595746926670364e-07
-3.472510723970994882e-07
5.251253066377106023e-08
8.237363030960982692e-08
1.496266855668198792e-07
1.500938923692196757e-07
3.362958510390414936e-07
2.809590574045244760e-07
2.799967037903201975e-07
-2.351899131477866880e-07
5.973484518515565048e-08
1.013911921334251256e-07
7.639661167937796654e-08
-1.771459849918312560e-08
2.721822217621532076e-07
4.123706981611983341e-07
2.741462387528891146e-07
-1.969259705424913530e-08
5.945800388472306765e-08
3.218628256737570737e-08
6.134557347733558233e-08
3.711306594463855926e-08
1.426590127940670748e-07
1.922813300195170741e-07
2.996343970939720643e-07
5.737232785183768160e-07
7.004795084194357320e-08
9.639743063142004643e-08
8.972952066537598761e-08
1.905081896940166025e-07
2.075634838006617801e-07
1.319737839443876532e-07
5.008696355091186925e-07
7.810749923113864062e-07
8.901631224884033473e-08
1.241793261321530294e-07
1.071542509967596408e-07
2.222486157720263800e-07
2.490159323528331650e-07
1.782912066978328294e-07
4.431356552451111626e-07
4.645209137204530944e-09
1.638375219014236300e-07
1.844318578069501082e-07
1.740914322490302266e-07
4.576730367485006714e-07
2.707928503780917048e-07
5.190455313765844101e-07
6.621593918944597604e-07
7.390929191809400913e-07
2.018682372640287766e-07
2.945334281478878483e-07
2.235147647265044379e-07
2.740347404034398488e-07
2.707859971144916858e-07
2.726665664200045192e-07
6.393945944531729487e-07
1.283946644061874812e-06
2.399942617053079954e-07
3.120610250827623342e-07
2.895153771306278592e-07
5.731058513567194676e-07
7.757721324046930414e-07
4.612184688723915236e-07
6.132375853535486721e-07
1.317823003786182966e-06
