5.816796205553874724e-09
-4.217839357695667576e-08
-1.158555479892628417e-07
2.207408459301590647e-07
-6.205867381727211877e-08
-1.315437361202210721e-08
-1.891875276328943935e-08
5.509089670799638404e-07
7.998039314936900770e-10
2.263530392523359436e-08
-4.401195591373809501e-08
5.393196832021641091e-08
-5.537802229441196496e-08
3.623205819046105622e-07
-3.333212697441775979e-07
3.279845430023818219e-07
4.323430539375346450e-09
-3.432167802880995079e-08
-1.662547040492818265e-08
3.219352363132779542e-08
1.464533448260010911e-07
2.131208070432388162e-07
2.945455275653466621e-07
-9.619151129885170464e-08
-2.422358235103152807e-08
6.502461821151974964e-08
5.876322534960203319e-08
-6.549807082896651311e-08
7.069104498812678047e-08
5.122433471051638565e-09
-2.028543853298087602e-07
2.025232579063948680e-07
1.363303303298994242e-08
1.148355799252710164e-08
-4.245894220470053125e-09
9.111600356941184157e-08
2.048709347755634909e-07
-6.078495553964396962e-09
4.289955562841515649e-07
-1.153185804520327910e-07
2.326306840328983946e-08
3.333267714155994228e-08
5.549594008081837497e-08
-2.282725198736401290e-08
5.220646745759710935e-07
3.420839564912669403e-07
1.835424611285296742e-07
-1.167438156344206170e-07
4.576841775847372746e-08
3.876438612649925491e-08
4.311616705846766420e-08
1.389723140295281603e-07
3.957265544592421302e-08
1.032129002151459653e-07
5.750766312823718200e-07
-2.333063559588497952e-07
6.217106713988983332e-08
8.939429919726211395e-08
8.490331743170881858e-08
5.252391623736469864e-08
1.591018700735279349e-07
3.609213726600614678e-07
2.133544392932997133e-07
5.087197869203611022e-07
5.107585362475304884e-08
8.041552818306378340e-08
7.672907642216120382e-08
1.906920668876944453e-07
1.769895860122013300e-08
1.497853452312046260e-07
1.521655514964910355e-07
8.798592463135746773e-08
8.958533981403349987e-08
1.412192058030759256e-07
1.057006465492654639e-07
1.925990616784776781e-07
2.477744791438572133e-07
6.595106612084037446e-08
-3.922296517671660157e-08
5.741309227715253361e-07
7.657437680514352385e-08
6.213085899857946653e-08
1.167841677830610145e-07
1.580999525909712651e-07
2.147786011116365360e-07
1.963005543872098378e-07
6.017110073815007868e-07
5.900192314001743119e-07
8.878267459109649307e-08
1.157747972985513811e-07
1.848444428146415596e-07
1.712101992809634654e-07
1.510179257131794825e-07
2.762682029360288602e-07
6.984972464479024762e-07
4.955171621908325605e-07
1.127729793215529536e-07
1.988351510961443129e-07
2.172614299155601065e-07
3.051787106124617998e-07
2.165491606782760457e-07
6.605246943831658047e-07
4.521276234631730402e-07
-2.026711572029017290e-07
1.470880364258783703e-07
2.017836893752298904e-07
2.347297830066675970e-07
1.432121491270522257e-07
5.196962786668186670e-07
4.865323929205114651e-07
7.475282749325572385e-07
5.357841752273673614e-07
2.171950800928483431e-07
2.038183375271971021e-07
3.156425799145080395e-07
3.604751219349738061e-07
7.939267606021270445e-07
6.337227826767462041e-07
4.690166445344772629e-07
9.059192833634966138e-07
