-7.161336053153444092e-09
4.849041717813207769e-08
-2.968546212679569623e-08
8.162060646644505655e-08
-1.339502499662986356e-07
-8.284205928511151491e-07
1.451877869402084317e-07
1.230732459794634255e-06
1.867375941082899038e-08
3.482666872263773973e-09
4.581660099181295122e-08
3.936749063890510863e-08
-9.663691548477673169e-08
-1.956424766416720115e-08
3.288857293083086975e-08
9.121163902780798297e-08
4.268830761705628252e-08
6.994819414867617378e-08
1.898352005506437673e-08
7.786137881622173295e-08
-2.803656833996960002e-08
1.931167910345699599e-08
-3.663116881602854058e-07
7.248407842547437387e-07
1.838611677152154877e-08
5.475231279347645000e-08
5.958083871002766819e-08
4.485462914932023989e-08
-1.924246033331038526e-07
2.873063546670473983e-07
3.039965161917488141e-07
5.212680562801347043e-07
1.422770621309342279e-08
1.413271282431297497e-08
3.770759056509892832e-08
1.162495161231475029e-07
-1.773059845585712394e-08
-2.394970047416776973e-07
-6.803162402852138198e-08
1.293411955983577977e-07
2.761229349977917779e-08
-4.520443826022518377e-08
2.297956376911385138e-08
1.213951219615905783e-07
2.816044984354361246e-07
5.172949636513909406e-07
-3.605435325921095131e-07
6.262080133271355449e-07
3.930473575431008865e-08
5.037761200645682455e-08
6.561654924799526222e-08
-8.433511258613224419e-08
7.583339405903400231e-08
1.898964753524778298e-07
1.506580701812063811e-07
4.747528016017004244e-07
5.655331640803710373e-08
4.997818498975941998e-08
4.534481938902255100e-08
1.643313883965025238e-07
1.791682793576220348e-07
-2.889404707309582549e-08
-7.228998206798827247e-08
1.585622330931624396e-07
4.354370254577108179e-08
1.064274478847852827e-07
9.164878980025142797e-08
1.260757078141900316e-07
1.107900984743686918e-07
4.026844455197541145e-07
2.468471872499717346e-08
-7.240903566524876260e-08
6.438952393315250722e-08
4.647081630875611610e-08
1.010489679478844816e-07
5.257637254889871744e-08
2.145803205063940178e-07
2.477127309164002764e-07
3.934862068086630032e-07
5.302577471937481637e-07
6.612260175057207861e-08
1.207999729984328875e-07
1.646909348342051107e-07
3.862584736168938693e-07
3.050937518973405523e-07
4.403192904540552739e-07
4.924262444541855812e-07
5.159833288373240380e-07
8.026011850364679291e-08
1.316294790439366155e-07
1.087672965784957086e-07
2.335325659045104204e-07
2.925467500950101757e-07
3.225113657979856855e-07
8.044066835921428128e-07
4.695177995276622927e-07
1.274020621468163314e-07
1.573048103821500219e-07
2.045894679678287193e-07
2.691814625169703484e-07
5.737264537093258650e-07
7.946597255929342913e-08
3.940361844484410810e-07
7.430394093542168323e-07
1.646085858211449124e-07
1.543145070867897229e-07
2.282744940884985467e-07
4.452525823502446719e-07
3.593478324421762079e-07
6.300997320844863399e-07
6.827935860715483170e-07
1.024339398164146157e-06
1.845801565841847660e-07
2.373093887594749684e-07
2.765764010391215136e-07
5.009377511846260564e-07
6.189348701830501542e-07
4.926499522695811449e-07
5.657122358808843633e-07
9.559510849240238434e-07
