8.803181588928703462e-08
9.198618997822196398e-08
-7.661197782490796426e-08
2.505756961899826234e-07
8.432281237159037582e-08
-3.957122741015768574e-08
-2.658601026995871419e-07
-1.287809490292677509e-06
4.793580889964833594e-08
-4.869450215900588548e-08
5.466370715791903753e-08
-5.162637492008036912e-08
-3.492338179231756905e-07
-1.780708497740526564e-07
-1.157557378624318937e-08
-3.049243170061698903e-07
3.363974934530137669e-08
-2.474034062480611547e-08
1.345028112388486991e-08
-1.556053161660184618e-07
1.110667897238516590e-07
7.181317127250952509e-08
6.247428107079060885e-07
-1.224422951295481527e-06
1.055006557570136725e-08
8.190625168141386856e-09
1.020194571727941375e-07
1.557694477145840235e-07
1.192192980495160632e-07
4.980206266103425104e-08
-4.039239854856881456e-07
2.081419039905819278e-07
2.773449122693660044e-08
-3.087888159457451912e-08
9.136463498756790949e-09
1.653582173356168840e-07
-2.757069205400470672e-08
1.275890226081320746e-08
3.938514496822330110e-07
3.049903441806644618e-07
1.990728101641636979e-08
-4.181797359756341956e-09
1.355113932954031087e-07
-1.283487823395978325e-07
-2.404292587535728386e-08
2.853428005905699843e-07
6.456230664831111027e-07
-5.816757155488591108e-09
3.807933171981204892e-08
4.805814124575108633e-08
7.977573008330531888e-08
5.080276960813395255e-08
3.038083869632825948e-07
1.967462214434022542e-07
2.077418235538776250e-07
4.361209476623948106e-07
4.285605160557360250e-08
2.624748977267888678e-08
1.278968283554089715e-07
4.992388179129000945e-08
1.338042379144765273e-07
6.219436204315732112e-07
6.948158629585919197e-08
-3.407827593920272438e-07
5.391779711707222696e-08
2.772196026857814875e-08
3.104887139975573455e-08
1.120351328129638389e-07
4.518651006196862821e-08
3.028476385605426844e-07
-3.211761706381952252e-07
3.149748129043017508e-07
7.235818290327536942e-08
6.639908013365233304e-08
1.037572839684235300e-07
2.352963469286685823e-09
1.955476156021678766e-07
2.907963592770425178e-07
3.531651940324110426e-07
-1.800176538335273804e-07
7.311665726201268044e-08
8.128871779688732619e-08
1.597347284334724327e-07
7.094202632476717822e-08
1.471762348142241011e-07
3.729496887339520314e-07
4.254548954426317408e-07
3.949200688506900919e-07
9.791210968269601729e-08
1.146428333389876074e-07
1.456466554931845362e-07
1.993684928091515695e-07
2.098253852608391985e-07
3.389516142058725020e-07
4.183171669014817533e-07
5.069583962753405925e-07
1.144822294742929382e-07
1.891942704821672517e-07
2.634787786228139973e-07
5.026753420130295798e-07
4.582693730991923644e-07
6.867159972707243647e-07
7.087154506196635970e-07
1.837926199168890293e-07
1.395094497868026806e-07
1.755492638243987780e-07
2.667867990375148815e-07
2.902183353607514474e-07
4.849373045127016455e-07
6.610375641528408481e-07
1.022239573787595600e-06
9.677683333171188430e-07
1.780061710160874031e-07
2.431090604994802835e-07
2.676798651178075248e-07
3.087066660111393226e-07
3.764660499894512638e-07
1.042003932631060943e-06
9.888642656214596444e-07
1.069238275412494775e-06
