2.317904379663534628e-08
-1.153838204921283972e-07
1.207622000024968320e-07
-7.462199423234397914e-08
2.871861183748244863e-07
-3.180992046071178999e-07
7.025487847134243894e-07
-9.596307935613392052e-07
-5.702869309251008844e-09
4.585103787728474217e-08
7.100426710599313117e-08
1.160546246209916192e-07
2.651172602771455749e-07
1.970698055207930571e-07
2.080098686355119512e-07
3.960072357379699238e-07
-1.448872164763329699e-08
-2.242776748170098250e-08
3.229090325794994770e-08
8.105166748031788087e-09
2.534307463686328876e-07
4.583831506242098899e-08
-4.679085489652417414e-08
-2.998995895836225587e-07
-1.926032063053581704e-08
2.849228437017398399e-08
2.083024772782211382e-08
1.316901915034579688e-08
1.148997640414421134e-07
-3.749894337616591790e-08
-1.060966720491047648e-07
-3.143022409201823698e-07
2.008456197579850534e-08
9.607911543742852974e-08
3.595170724330108781e-08
2.191958844629273043e-07
1.811178520158566554e-07
4.599203743698232521e-07
-2.412838397648647726e-08
6.869795952476442050e-07
7.911275427097726096e-09
9.169046191473433248e-08
1.291199691228346277e-07
1.530019105618765000e-07
3.859288319201639291e-07
1.791963529297081987e-08
-2.781475220666680013e-07
-5.037886244058766666e-07
2.008762852648635297e-09
2.739940939491823329e-08
7.626819459445716619e-08
2.096054000460426976e-08
4.696438392056043223e-08
3.465883719110418263e-08
5.489196764043729571e-07
4.622871143403291087e-07
2.720068113481946224e-08
4.442053731241102876e-08
6.115994957149573680e-08
1.902316665127182132e-07
2.266548179054192310e-07
-2.628810217417631433e-08
-1.158326613208752612e-07
-6.588565741441154278e-07
4.431204188382310517e-08
7.448373306609121946e-08
6.763585828274703449e-08
2.849202120091951392e-07
1.673736359764441231e-07
-6.604973645641971436e-08
-2.197133637496795828e-07
2.903899722904660728e-07
4.478604608435024371e-08
1.069048888257248747e-07
5.477867190591200873e-08
1.752565537828424467e-07
2.091658717951323967e-07
-5.284267321475850403e-08
2.828544624141263801e-07
3.473781315583006716e-07
4.060609366793230360e-08
6.058150915684440107e-08
1.545190615028235515e-07
1.722998331895701863e-07
2.127739708154798520e-07
4.359200505036862606e-07
3.286775794236882177e-07
4.882399044372791235e-07
4.017841543399904976e-08
9.040372967595202815e-08
1.697054777768089195e-07
1.702363781066055662e-07
2.064605399522927591e-07
3.522599904947223737e-07
3.749861373574793110e-07
3.894160325263506754e-07
1.129326209993987368e-07
9.648634200140692606e-08
2.273930718952601937e-07
3.952314641464127580e-07
4.573018672458896361e-07
3.961799953312028787e-07
-1.280284443176673547e-08
7.289006007591316546e-07
1.148449678255773709e-07
1.910845925178879306e-07
2.204597614829635852e-07
2.833730427904087940e-07
4.858134554544274257e-07
3.967283828740024101e-07
6.380552912216422660e-07
5.036483649405318666e-07
2.051146179285236125e-07
2.218739792310292111e-07
1.829179881235471206e-07
4.190774208582868679e-07
6.183618631455437866e-07
7.464213579434205671e-07
8.320152278152199835e-07
8.008830968396117902e-07
