5.290212036520604861e-08
1.356687013986395091e-07
-1.326782984893572853e-07
1.648519960765334880e-07
3.513830905093155638e-07
-6.199707994006377419e-07
2.667303816115823114e-07
-5.744571461758539333e-07
6.779444495923059299e-09
-3.126224710560125349e-08
-6.217375449248057840e-08
4.790169391632703760e-09
7.608472564817777944e-08
-4.502290676471570798e-07
1.576058187056348424e-07
3.282185261649979519e-07
9.383794702684191747e-09
-1.134759900826976265e-08
-6.446831607137166462e-09
8.990982515013139145e-08
-1.434609554031686632e-07
-1.304774225675618443e-07
-2.835661092293158116e-07
-1.829710022606489637e-07
5.096980003984750190e-10
2.783331863390279891e-08
-2.000959043771558488e-08
4.448513602097749354e-09
9.802164312640590761e-08
-2.338262057486686204e-07
3.048041351836398607e-07
2.451142463093157191e-08
-7.130465391022791897e-09
-2.673252720945127971e-08
5.717141309256530119e-08
8.860747977893051669e-08
1.483251008399733430e-07
3.059009143064601597e-07
9.518241506541374743e-07
9.260584076260157011e-07
-7.285340397085897000e-09
8.925322802625155458e-08
9.284487010315848843e-08
4.724586504958610778e-08
6.221721168442173748e-08
3.375946771182396777e-07
2.997760793425061557e-07
-7.987897250644112205e-07
7.088613530235746678e-09
5.958657684000940959e-08
3.736204597903166837e-08
8.152631713805248375e-08
2.913182266249379581e-07
-5.893839931804532026e-08
1.859230448923410481e-07
-4.515696753393293382e-08
4.519426892928214298e-08
1.191418048088083880e-07
3.101148389927515085e-08
-1.917603736275097950e-08
5.408259364443948906e-08
7.732404815821634470e-08
3.835756635069471426e-07
7.337210228379134562e-07
1.120678759641195271e-08
4.899000310166499871e-08
1.239802424434604005e-07
4.645818053624674786e-08
1.840919490702803406e-07
2.610594379114717783e-07
2.692948270995957070e-07
-2.641178743752247720e-07
7.440225662729876597e-08
9.144732091742535000e-08
7.946527622651701746e-08
2.969993313078412945e-07
1.639003393086477060e-07
1.350236423759234165e-07
2.084353196337876307e-07
2.635039241760881877e-07
7.919378981588462404e-08
1.159960865957503494e-07
1.250187110001656213e-07
2.331077560860545375e-07
3.954982322634631463e-07
3.312020007264684514e-07
5.791569460016329656e-07
-2.141272162727501527e-07
9.432705880141198448e-08
1.115301431852870239e-07
1.654364909128864541e-07
3.487147776268818526e-07
2.215706568707811989e-07
1.476747045635160797e-07
7.409556685951838943e-07
-3.621776417779594191e-07
1.254453534664324097e-07
1.861875312478519704e-07
1.428740861137071921e-07
2.775808805337646317e-07
4.064296230434557310e-07
5.210785361689831139e-07
1.043386708161670105e-06
4.414702357976291689e-07
1.284910817849710930e-07
1.729720353752820930e-07
2.363627824697811356e-07
2.959000613413387191e-07
3.677471753595567679e-07
4.082531953378104132e-07
7.116530374430540315e-07
4.844621711864245126e-07
1.392111004469421827e-07
2.875601985279457287e-07
2.218116413586544188e-07
3.505920830092872434e-07
6.511411339788079009e-07
7.638473436649842827e-07
8.500661455430879126e-07
3.941618387306949579e-07
