-9.430330332405060703e-08
1.130239227424817797e-07
-2.610606845891562308e-07
-6.290034578323944985e-07
-9.398697147844884376e-08
2.296811604883932170e-07
1.309160923539020604e-07
1.265796980347544470e-06
-3.658004081238433680e-08
-2.208181668961638020e-08
8.261799368742084474e-08
4.335110126514610605e-08
2.907179253755898826e-09
-3.910295373185429818e-08
3.724298581721727159e-08
5.949378526789204083e-07
-3.653920404965985359e-08
1.211584365285058488e-08
-6.311396352424538357e-09
3.242311946636955137e-08
1.376513655327307182e-08
-1.005521775262804492e-07
8.871489198629788149e-08
-3.929226651544933896e-07
1.618847179250446378e-08
7.015858454162294890e-08
7.702746359580283364e-08
8.834022603531654392e-08
-1.743767342219691279e-07
-1.259490633778736552e-07
-1.539815826991914736e-07
-4.852583971607599455e-08
2.077366189073061177e-08
2.210106462228963355e-08
5.648739301190510536e-08
-1.585206965924932761e-07
5.713170296593325430e-10
1.303928745710110499e-07
-1.128582655572844816e-07
-1.940528336470697240e-07
5.885328349236274764e-09
4.587091313064390969e-08
-1.101816480456849806e-07
1.505413030565574339e-07
-3.091332417541698071e-08
9.786084766039077867e-08
4.787605615699487275e-07
-3.428535723555144088e-07
-2.655268290820079376e-10
5.750432148303824947e-08
6.242926749011851392e-08
-3.654646443342201191e-08
1.553382131238132307e-07
-1.471410694427651577e-07
8.695103068104022996e-08
-1.285894677139348892e-07
5.194966991828364057e-08
7.895377993692198859e-08
1.921618301580754087e-08
1.028324751015477821e-07
2.114926345369868824e-07
1.668111375733177092e-07
2.152938627956305918e-07
1.845657435427844902e-07
4.180583806059467761e-08
8.532823354054727674e-08
7.240345814795183746e-08
1.336166904820362446e-07
9.960455824733541618e-08
1.494304518063470731e-08
4.841992991886114266e-07
2.527038011771647266e-07
8.184064466244210482e-08
9.929650625472366581e-08
6.992514347439250346e-08
2.038136753843770532e-07
1.242060254871076362e-08
-1.379890794121198052e-07
4.174016449171159239e-07
3.390567427366348622e-07
6.430825455663919324e-08
1.279424093401830394e-07
1.489532534443168649e-07
1.807189968040370822e-07
3.196562611278888271e-07
2.835893185645271053e-07
1.437135223215470464e-07
9.092595207909638492e-07
1.351422008696545148e-07
1.540804738096490514e-07
1.086545133514434157e-07
2.639593082289989244e-07
4.549563611075428767e-07
3.985160864298836078e-07
7.565855461189443537e-07
7.925890352464095859e-07
9.549729245291521229e-08
2.865454010164063678e-07
2.325922656055179443e-07
2.740163507166012115e-07
4.547815096431375266e-07
4.110570406180728334e-07
1.322135146816524965e-07
7.570009776152770693e-07
2.120516898279441419e-07
2.013722435559648115e-07
1.838657606156788312e-07
3.373079904998364272e-07
5.773680560550611950e-07
3.324569886671867097e-07
6.329349942096677603e-07
1.208082390888708864e-06
2.334329391303017917e-07
2.753960068258807430e-07
2.153168979670860423e-07
6.070233588838625721e-07
5.869546342238528347e-07
3.893743314535650595e-07
8.488899516760431548e-07
6.971143522010636362e-07
