1.065091930318779424e-07
-3.528690698897676325e-08
-9.986801858831572374e-08
-1.292859963577601900e-07
-2.871858792080243561e-07
-2.595537995707520631e-07
-1.814669226942152611e-07
1.911079476096030126e-06
3.008438509079536105e-08
3.200943291189941628e-08
-1.351490030674224717e-07
6.018739957120016168e-08
1.410158941644856551e-07
6.439452500380244939e-07
2.835290757023969675e-07
2.237450197301936581e-07
-1.745824660506710569e-08
1.311458540754464869e-08
7.879893672869277892e-08
7.271840340318830078e-08
-1.354927005887122287e-07
-1.897877217092314324e-08
-3.078656848716332761e-09
-2.919501754970085626e-07
-8.835740453853844060e-09
3.238780497215148828e-08
1.074079893404911953e-07
-1.479324697338559763e-08
2.794707220326100925e-08
8.168313203576705807e-08
-2.829778720517677090e-07
2.047671450518101662e-07
2.865780995054378429e-09
-6.215798533473364818e-08
-2.032007034296263627e-08
1.237692635666267954e-07
2.370050504033818980e-08
9.806533572940984531e-08
-4.062470092772959066e-07
-3.044585901343326311e-07
1.372649547234118210e-08
5.262099588584569119e-08
8.896958316823390346e-08
-1.318020829783788897e-07
1.066298348887163147e-07
3.717168064349885326e-07
-1.563238469765694986e-07
2.011202913674295125e-07
4.911222781276550100e-08
3.418233881244020425e-08
6.183030812429488260e-08
2.809882098278046029e-08
1.402183369107558644e-07
1.329018714416237515e-07
1.337743160226604595e-07
3.108624597478082705e-07
6.819747264063492358e-08
4.122012280829467663e-08
7.004631784448332762e-08
-8.988198446620254544e-09
4.452287921916550571e-08
2.492939253097589178e-07
-2.444468819887895327e-08
2.018197320889544709e-07
4.515547073970830156e-08
8.479496596707075544e-08
1.023600356695776317e-07
3.399772539762812204e-08
8.137991999566502346e-08
1.168063931756089651e-07
5.046195586596922479e-07
3.215594626606183955e-07
4.766022452422633182e-08
9.847232513651804476e-08
7.784207401286805199e-08
1.854113013743606884e-07
1.116709244291534482e-07
2.160567788563148690e-07
2.580029560177068896e-07
7.906011051232880115e-08
8.881381039393178600e-08
1.127864659539525738e-07
1.518428318498866683e-07
1.942153159378738958e-07
3.991217226321319431e-07
3.322392639428891670e-07
4.034672825076231258e-07
5.519273499451154036e-07
8.116544400434837114e-08
1.044556989892874146e-07
1.730126359874324318e-07
1.762833578647172108e-07
3.223482668156978975e-07
4.264299572180129303e-07
4.237448500457687094e-07
7.009301715632129610e-07
1.495175068258550694e-07
1.873435296533560038e-07
2.944636427545862169e-07
4.211992508336021998e-07
4.675270286153405019e-07
2.566359090964803714e-08
3.384865923985187126e-07
1.344198253224559229e-07
1.506238049236735104e-07
1.375909647707500131e-07
3.348169287402227311e-07
3.612498452381778321e-07
4.567751702754908952e-07
6.820924479363243260e-07
5.607353334398884972e-07
5.954828990511208374e-07
1.590215698805302460e-07
1.720427966440690848e-07
4.867701552437216507e-07
2.567269134200798710e-07
3.011619274219920595e-07
6.943936021215392252e-07
7.567467686836577870e-07
1.239295485386126500e-06
