8.881886142081460542e-08
8.698568911704000730e-09
7.601100628824193715e-08
2.341769784991122908e-08
5.090230293495989960e-07
-2.623758054775332540e-08
-1.803214423974999153e-07
-3.167535426657404324e-07
-1.027216485583883935e-08
-1.984897949131844798e-08
9.473654572863533084e-08
1.372307896202907989e-09
-1.667324419814364547e-07
-2.033568529387308332e-07
-1.950948074801246142e-07
6.975177445417949737e-07
5.642446229518891540e-09
2.157909691300909959e-08
1.525831824799145302e-08
-4.136307445056582391e-08
-2.704453740961068372e-07
-3.246671194688200437e-08
2.937628170729661240e-07
3.532002218415196567e-08
-2.361299387445949243e-08
5.377814267070398019e-08
5.606597032347349588e-08
5.036928742782171851e-08
-1.664883004465147462e-07
-9.275581467360561201e-08
-3.249897474395642895e-07
-4.781959344100467454e-07
-8.738217712081972218e-09
9.205604314653242274e-08
1.881817231768247170e-08
1.003871607211011863e-08
-4.349476926914190908e-08
-1.153657514284732696e-07
3.854569223727343769e-07
1.227165421370107773e-06
5.423195010412056827e-08
-1.839792461058592941e-08
5.175328815413905823e-09
2.089252362622479605e-08
1.664348704667948538e-07
4.217241644981330991e-07
4.521524337792110392e-07
6.795360557917718216e-07
2.449297650912826940e-08
9.064909564817868213e-08
3.638215357684408176e-08
6.386192478034104910e-08
2.322367443353171445e-07
3.294511642171413057e-07
5.011963292902934235e-07
1.465965272492915146e-07
2.805324082155197956e-08
4.042206135624501026e-08
6.928537973789145472e-08
8.510610441257799730e-08
-7.624633053946994972e-08
4.054431506897141014e-07
5.762696343106709927e-07
1.097272376385844122e-07
3.630624334316733425e-08
1.951077423080967794e-08
1.025466868018463840e-07
8.102445779172705747e-08
3.076097024255344409e-07
2.595649837650614924e-07
3.254570932914065386e-07
-1.007061840817165848e-07
6.793323062888365239e-08
2.829581422667294283e-08
1.536965538389506081e-07
1.661513877609326215e-07
6.272949428112839296e-08
4.373536029720921462e-07
2.893135729197632476e-07
2.457631381766406208e-07
7.857219621809688216e-08
9.102806817977782769e-08
1.979500451243093908e-07
2.188594064086216953e-07
3.257303286774970970e-07
5.424858706200236535e-07
9.548366911245000323e-08
6.111723775266025334e-07
8.363940293481496965e-08
1.196751061028969589e-07
1.084036158971309248e-07
2.066791311266547648e-07
2.362718444956454348e-07
4.846715746138274164e-07
5.046334697329328153e-07
-9.161636556369276852e-08
8.424224013688726543e-08
2.029302909505289098e-07
2.591293374889653814e-07
3.779691277001211693e-07
3.279814204900865056e-08
5.375156877079649438e-07
5.207483521598141582e-07
5.223132772625027619e-07
1.227762683745988715e-07
1.733246019932010360e-07
2.824993538762819253e-07
3.473886450463285174e-07
4.795795122809234933e-07
3.601493263781600257e-07
7.420828266548682957e-07
7.851741044034059994e-07
1.486015148906515244e-07
2.683443506951375825e-07
3.385013688227612244e-07
4.255669259467780459e-07
8.163350681851214518e-07
5.136239837152857720e-07
7.490703738239004244e-07
8.532231179559398286e-07
