-3.454647373594491273e-08
-1.496115185457832594e-08
-1.882327569379125717e-07
1.757975619132585815e-07
-3.346730769233519455e-07
9.414317858705111090e-07
-3.260463135944681345e-08
1.935552298266317603e-07
-6.595187212437255033e-09
-2.102771755976622360e-08
1.635973687911394704e-08
2.155524293460897126e-07
2.475536685083430458e-07
1.238169989657775653e-07
-1.090192434760042066e-07
-1.920148695753393114e-08
1.433979100890310135e-08
1.058517720381557776e-08
-9.284163115932823738e-08
1.633967623602033028e-07
1.091940859425601407e-07
3.083536746692037449e-07
-9.888105850516361634e-08
6.970953894500362988e-07
2.789746931605468297e-08
5.827191334601354394e-08
-2.740020739956020837e-08
1.580298766914186149e-07
3.158629359960828766e-07
-7.305262538309162967e-08
1.475333563339157363e-07
-1.007427355777996482e-06
-4.637182971403578616e-08
-4.777934843954145585e-08
-4.846807727917411421e-08
5.984778645344299360e-08
-1.254042986784692597e-07
-2.592178556709932053e-07
-4.578656944339035132e-08
3.904511699581345112e-07
1.329457170233617814e-08
4.318618541645185138e-08
8.786693248266146908e-08
1.135365861821021309e-07
8.417915456144731053e-08
2.296523188526809756e-07
-3.043835742294419266e-09
6.385524814617836327e-08
3.601947229327333067e-08
2.218726725442057768e-08
-4.137061279549170949e-09
3.562800227847349033e-08
2.310599341886615322e-07
1.822474075216205688e-08
3.145297826028956598e-07
3.065837465625465220e-07
5.788475431295091335e-08
3.409577422407050637e-08
9.382004809065273944e-08
1.752435733256863820e-07
8.163649012079074428e-08
2.210490581489462521e-07
4.893888341693120087e-07
5.613418184793380622e-07
7.769975892407997392e-08
8.715255232702016656e-08
6.866232399268885535e-08
8.389477738815064732e-08
7.777120644855568890e-08
3.767877781898580552e-07
-2.234987326658062668e-07
2.848799957156558366e-07
5.145818845971911540e-08
7.663697789970784429e-08
7.180291738812456626e-08
1.180993904570468183e-07
1.089185441988799191e-07
3.588489976152756555e-07
4.044598850462777672e-07
-1.139344659671519723e-07
7.976223092154379891e-08
1.380680436930150536e-07
1.279534867983738662e-07
1.742529989180937818e-07
1.981269400307884353e-07
2.630385414302905730e-07
1.623336314809455071e-07
-2.571859194171769696e-08
6.334944006655519195e-08
1.629327987700878679e-07
6.414882356156160936e-08
4.446401372228110213e-08
1.872765219225331227e-07
2.432542125640978341e-07
3.639436011964976163e-07
6.009333364782145259e-07
1.637413227941571144e-07
2.071417157692900545e-07
1.780183116577815037e-07
4.208736136416713044e-07
5.990020879572045678e-07
5.745750058960920764e-07
6.336420198596515344e-07
5.393503717291150998e-07
1.294361161577914838e-07
2.270596945119821544e-07
2.643076872341261431e-07
4.812736319765885526e-07
5.473865015052850040e-07
4.302099355763860829e-07
9.484257987853766584e-07
6.386503479794812718e-07
2.444003796550983947e-07
3.852484531603793741e-07
2.946007749283078823e-07
4.684893138344463331e-07
5.707657664647144772e-07
6.860056739784020534e-07
9.516722529329179201e-07
1.086335072157736635e-06
