9.145880005497728327e-08
-5.980482037162562793e-08
-6.194412818900460559e-08
1.370516790013359055e-07
1.817975937564772673e-07
6.617074769545190626e-07
-5.242220317567788080e-07
9.966341173800898390e-07
2.886442860615036634e-09
4.555441750508389627e-08
-5.544888620651757032e-08
6.815681562279171793e-09
-1.237470944687949902e-07
1.773968741333330210e-07
-2.017919409655228563e-07
3.180877623757545020e-07
9.913897221018403556e-09
7.176238779371803856e-08
-2.092618683233664237e-08
1.572111673348241973e-07
-5.200435779794032547e-09
3.073152754249430766e-07
6.115193601197454121e-08
-5.500923183900446851e-08
3.569445349347228683e-08
-2.032206266377729782e-08
-3.145102309539962570e-08
-4.966480802980398587e-09
1.209742685793150300e-07
-5.354380926371309529e-08
7.414778698615525133e-08
-2.237587781744974171e-07
-1.923397436684074179e-08
3.004602870487502275e-08
-5.944086362017824276e-08
5.161766633531820726e-08
-6.417524527265754257e-08
9.080501781644339159e-08
1.913345076339242726e-07
-6.431579534426856590e-07
4.820971919521304233e-08
1.821754144296128027e-09
8.151533780805895353e-08
-3.850929075238185678e-08
8.352512849845799447e-08
1.532387134056912255e-07
1.664161678951136572e-07
4.280692510374001877e-07
5.704647688573450427e-08
5.808929817620201112e-08
7.736387350682120412e-08
9.985323816329253750e-08
-6.573482648855711952e-08
4.345624453180718534e-07
-3.509329207005881877e-08
1.205486514626087193e-07
4.854458126875937628e-08
7.427868263513919591e-08
7.227015657535588568e-08
5.398826296333301034e-08
1.545279854496790360e-08
-4.786968330780783503e-08
4.736513326196769930e-07
1.441960264211837098e-07
5.054423665446788306e-08
3.111409275374646196e-08
9.259591909903652299e-08
7.265098169796604458e-08
4.698910603755067666e-08
6.916787865993982863e-08
1.567312482663360921e-07
4.426303977215820187e-07
3.344521826139605105e-08
5.041994451954869458e-08
2.990859556289597666e-08
8.748869638144268532e-09
2.242271172297073027e-07
1.307892081153809297e-07
1.461312541946871298e-07
-1.703358807991992089e-08
8.318354084154294081e-08
7.792530669796790985e-08
9.566033519511490814e-08
1.771272696660013781e-07
1.971582188103148045e-07
2.422776092978569969e-07
6.134619617299191099e-07
2.604181146528589949e-07
9.448691536629297946e-08
1.060830004312250800e-07
9.696713997043581281e-08
1.210951154940878247e-07
2.476413582566200287e-07
4.168240441078405306e-07
3.033092830825957979e-07
4.749423188614388411e-07
7.873867279735876873e-08
1.532861121738895341e-07
1.813306774383351204e-07
2.121694400306391472e-07
3.643475261044979541e-07
4.153063501607803256e-07
3.069053155554721751e-07
3.065303621682859868e-07
1.458673022702170383e-07
1.570328676800616251e-07
3.103987465960502334e-07
2.129022381922253123e-07
4.244764741481137901e-07
7.453735020864341086e-07
1.098632741951471503e-06
1.114447232162696071e-06
2.065604914083768440e-07
1.906406556368998081e-07
2.277431697497019869e-07
2.502917857710837544e-07
4.506766522116419694e-07
9.172606750426986755e-07
5.050769614926182762e-07
5.146822463643100302e-07
