-4.360899095028831532e-08
-2.001335022503428415e-07
-4.906515249787010812e-07
3.007920545051485808e-08
1.789139998822735474e-07
5.658156613463557990e-07
-6.142442025261025621e-07
-7.754481763523001400e-07
-1.216996249594633895e-08
3.065449846024508383e-08
-3.608537794945696493e-08
-9.916713992953581433e-08
-2.112037931642119812e-07
1.482710566083367956e-07
-3.134738893058159378e-07
1.137855547503405808e-06
2.877052476215177278e-08
1.133064236932316112e-07
3.183966990718426700e-08
1.404023072950203488e-07
2.237013908084851638e-08
2.795067701999582495e-07
-7.722283927135931409e-08
2.202473970898250491e-07
2.327466547233551273e-08
5.716715298205967420e-08
6.379883072471115229e-08
1.432122671177102244e-07
2.264796720412222630e-07
5.257166293099074113e-09
2.264376236189990399e-07
4.372570350744463912e-07
-1.270523033368187727e-08
-4.992348064522380450e-08
-1.699282228037514919e-07
1.540038888386506541e-07
9.519256140286313014e-08
-3.509086602233361382e-07
1.094478617995388574e-07
-3.968897458116870338e-07
2.617529011300133630e-09
-2.271816539951888045e-08
-9.418520941951930838e-08
6.656291029983942247e-08
2.620305362086979034e-08
-1.056983149739836236e-07
1.844436740909429785e-07
-1.993109892087362783e-07
5.136348640845410775e-08
5.214578764335612355e-08
8.003382852248781199e-08
-9.974728809699812246e-10
1.440818279249056761e-07
1.392882214154780025e-07
2.093483444600191799e-07
-8.221295696589202063e-08
3.551485716927523462e-08
5.113819964116120392e-08
7.149906914300816843e-08
-1.886300726907625538e-08
5.796756569861901422e-08
-4.948888828741386111e-08
-3.465857685942437293e-07
3.231013306367459886e-07
5.995653557611471943e-08
-2.084166881144453603e-08
7.122006060205847662e-08
-2.091619268589588271e-08
9.155643516756019570e-08
-1.159370455627549182e-07
3.230514952731101511e-07
7.882758557711640083e-07
6.106160991412995299e-08
9.838217480827467470e-08
8.182055641074649175e-08
1.553639391671372868e-07
-3.125415896690069622e-08
2.678264462958808462e-07
3.701480825058647983e-07
2.013315230064303393e-07
1.139344319143549222e-07
1.306475949163382444e-07
1.302147423024862077e-07
1.912295267308737872e-07
1.167515158172971936e-07
3.347622469352887602e-07
6.054622778576664114e-07
1.439211060480733511e-07
9.421730835675292127e-08
9.736941995128798699e-08
1.216043112009395595e-07
2.008118936927772832e-07
2.640806179778180449e-07
2.837517318570481215e-07
-3.170822243988307558e-08
5.474722748160752248e-07
1.085490302816015075e-07
2.168038491332231106e-07
2.885859352110402076e-07
2.755788615809314399e-07
4.078033129396874287e-07
2.277867716853747405e-07
4.880914274343695730e-07
4.673224897683476175e-07
1.311439376324194775e-07
1.590396386990124943e-07
2.191093576978060225e-07
1.838930489146320326e-07
4.376707491149854553e-07
4.044569132994353934e-07
3.531315281523674335e-07
4.531885090919566378e-07
2.014396758127672036e-07
2.488799108749595510e-07
3.029985529069614696e-07
3.313560477845474635e-07
7.156908630107867318e-07
7.640387829487591491e-07
8.854045568533412619e-07
1.390810457549554991e-06
