-5.385402221335256533e-08
5.386268602953955584e-08
1.460135941017108554e-08
1.299923110667762925e-08
-5.678343254435343127e-09
-4.010588762595083081e-07
5.057488901674795458e-08
1.045530189726566773e-06
-2.869569628779517023e-08
7.792563104990177209e-08
2.347866295826365237e-09
5.730367966293776927e-08
2.994242821319084795e-07
-3.825700640270531581e-08
6.943987430516664328e-07
4.498439746661952507e-07
1.381899712585573557e-08
3.730227517855569382e-08
7.938693798584076714e-08
1.959926154523527109e-07
1.446042289063325548e-07
-1.905435376307204030e-09
4.507721093688277183e-07
-5.325002762479259405e-07
2.323338110964315681e-08
-3.132962193951505334e-08
6.320419399393309045e-08
1.254893028673470769e-07
5.451732052235887294e-08
3.334878306065697898e-07
1.192531609342160506e-07
1.960353750648197838e-07
4.581489314327579436e-08
1.235789531228741058e-07
2.988668851208088997e-08
9.105958996350520608e-08
4.660832768348139947e-07
8.167320502043649165e-08
-4.441856590208924233e-07
6.487463425125763245e-08
1.215783600938971201e-08
-7.657056808567427157e-08
-1.674258168153118818e-08
3.086727763739869189e-08
-7.097547209238133425e-08
1.454408093083988799e-07
3.525578366913430640e-07
-4.987709510581314154e-07
2.683989908428958037e-08
5.596927242203821299e-08
6.408053533739804878e-08
1.127898195033025416e-07
1.519501150884201557e-07
1.255002807034691101e-07
3.103657686560678276e-07
4.621735809593969813e-07
3.846806804927819900e-08
5.960401614791131593e-08
4.687802107455641047e-08
6.950770551618659434e-08
6.159941635763971186e-08
9.715532780445726675e-08
5.622639891779312593e-07
2.110327530667698455e-07
3.968079714104228954e-08
1.491156110388901828e-08
5.386618466973602735e-09
1.040319239323246917e-07
1.957480623316541360e-07
2.228861429754225622e-07
3.847746069527139687e-07
-5.673496776999400125e-08
6.989536689360886280e-08
5.694441517573178168e-08
1.196456354691625341e-07
1.131179363023822921e-07
2.673002591961853288e-07
2.512687619860553050e-07
2.326700670302089368e-07
-4.860036838591139701e-07
6.153794455531513131e-08
7.243208436717390330e-08
8.420979447084957950e-08
1.291371316744881791e-07
3.404436002537000055e-07
2.779013109594918781e-07
4.805610879521417775e-07
6.751566784989185907e-07
7.382203623235853712e-08
1.159185291595306147e-07
8.365821670255560595e-08
1.236321937130185345e-07
1.809674453055439297e-07
3.222190510835388706e-07
4.510515391080836042e-07
6.711642237912680588e-07
1.286561485285151724e-07
1.463087559303636265e-07
9.081991645009409275e-08
3.186456094783264580e-07
2.585251253988565096e-07
1.431998763511632223e-07
1.894726637285198961e-07
2.785961452306467128e-07
1.724569543627983054e-07
1.617301172528342862e-07
2.371772731848414004e-07
3.967457890381088859e-07
4.328782924284995624e-07
4.169430115747270386e-07
5.664108978561104131e-07
6.616581732865183707e-07
1.593343557766084905e-07
3.000976914313264175e-07
3.945815337961903033e-07
5.266534360298336033e-07
5.312312737589899456e-07
7.552936584513058944e-07
6.181474192275798800e-07
4.760370359986043688e-08
