-8.421172633798082208e-08
2.664156220624169712e-08
-1.962026361757421872e-07
9.414183363271083425e-08
-3.660772911410194182e-07
3.580974696395416266e-07
9.625032083882039741e-07
9.257139015817033821e-07
-8.909316974573990681e-09
-4.897184363490151927e-09
-4.019500218573408016e-08
1.391093874219311251e-07
5.566754454489426951e-08
1.421238144494256725e-07
-3.190344891843906522e-07
5.890632820439239549e-07
2.211068921631789331e-08
-5.755018386962518664e-08
-1.326117054707587157e-07
-2.856330319529095319e-08
-9.674850905299454418e-08
1.841704438018884797e-07
4.597884503015039769e-07
-6.266383388435672172e-07
1.502108740252038363e-08
2.566991761015941684e-08
-4.815127594169560623e-08
1.426444049645644330e-07
1.942859529995185793e-07
2.624167251960137686e-07
1.896529331734757285e-08
-3.601990508098671575e-07
3.662323811458430055e-08
7.688841876762217999e-08
2.130993462498901305e-08
4.704446909398447448e-08
1.312185638023521528e-07
-7.342425981152769125e-08
3.250400934182703990e-07
-1.673242721127026874e-07
6.286893517023581598e-08
-3.153217171220134833e-09
1.128553940442256551e-08
-1.171512393220187338e-07
1.544132802636345092e-07
3.730909438987455202e-07
6.755922743791284203e-07
-2.325717770602432709e-07
4.288098265196099433e-08
1.697132682981165067e-08
9.745777824273276290e-09
5.381588960237344074e-08
-1.354480947950245219e-07
4.367096908288520581e-08
1.116019601570122702e-07
-4.439755115019652813e-09
5.179067005124338668e-08
5.034416577977505743e-08
8.268610037905144812e-08
6.627687220888554183e-08
1.326602335090049112e-07
3.191578692278383164e-07
-2.659721960775901409e-08
8.493898415314174233e-07
8.251262077794699824e-08
9.585169918702005423e-08
8.356003992044607133e-08
5.935449027327036567e-08
8.856273806671874661e-08
2.189353347657253434e-07
3.338832747709686349e-07
4.992208957881272158e-07
6.707829234980355112e-08
6.943460427716232809e-08
6.045078857756656921e-08
1.805503292900671088e-07
2.629448320623178575e-08
9.229530147911277840e-08
-1.249830589428296474e-08
4.194209743224533917e-07
8.540267598546970874e-08
1.458923095857071394e-07
1.273995993901672948e-07
2.220640497597935448e-07
1.570906036866940600e-07
3.876619648025378259e-07
4.649190318384340695e-07
3.721677108793497767e-07
7.100724098737515513e-08
8.899099440788378973e-08
1.073387401027473885e-07
2.207922091626718303e-07
2.026478473149572404e-07
5.280299202523659211e-07
4.663420079430890842e-07
2.203078858734031703e-07
1.182417108269140498e-07
8.117314778003338116e-08
1.652711961716748851e-07
4.313832728856991539e-07
3.472479462458719623e-07
6.711350488552232226e-07
1.445317632242000662e-07
5.721663928987259475e-07
1.448566132092279745e-07
2.088099347242526633e-07
2.343026742391123311e-07
2.604189414654280561e-07
3.594839901429363416e-07
4.383038221772174985e-07
4.379738792872195941e-07
1.108511044621495489e-06
2.001033697036681380e-07
2.212079839357422272e-07
4.293686084499960130e-07
4.417220555720492107e-07
4.646837575758474338e-07
8.438709223433353370e-07
6.866613566284890546e-07
1.626386956599835186e-06
