3.619073490163593113e-08
-4.113451956089161182e-08
-2.983705044978998691e-08
-6.580496268637293294e-08
6.909295778862512686e-07
3.591053395629546907e-08
-3.337913153462843590e-07
3.361031682017057054e-07
-1.056337237708682699e-08
-1.317955774006600921e-08
-6.233471310220262467e-08
-2.163333497014559268e-09
2.405604096679463390e-07
2.103367333196670285e-07
1.035664019538624775e-07
-2.104158888539264326e-07
-2.174672801890478485e-08
2.493539020726237107e-08
7.986540334531467315e-08
4.656413055723912111e-08
-9.289451709178915603e-08
2.417641217083393248e-08
1.061892251074968664e-07
-2.499622374511654931e-08
4.289500292640015140e-09
-1.660214252098909209e-08
2.678073194279239794e-08
4.561121752787013561e-08
-1.184302257087671846e-07
-1.508200116867756471e-07
2.143519616032753708e-07
3.251389851029557256e-07
-6.510162164055204120e-08
-4.892378658157347654e-08
1.038520198425039004e-07
1.227813609582811445e-07
8.011457497678319078e-08
1.007398895854129862e-07
6.549655312423622876e-08
-1.748020534871600486e-06
1.833422809353201556e-08
-9.976453048219089195e-09
1.740691929886133167e-07
7.211155379922688143e-08
1.856292991238163912e-07
7.599005079317576904e-07
2.039660594870070098e-08
-2.450885997500951679e-08
5.805336769985092569e-09
8.106771952267783476e-08
5.039942962135555827e-08
1.034618287657445205e-07
5.063228586869793367e-08
1.362912847800689946e-07
-8.313847235088536177e-08
1.144135711787858782e-07
5.353975895940932182e-08
6.596946961708356014e-08
5.678107473912070604e-08
6.317304552687029275e-08
1.410722224163862219e-07
3.147543883002861155e-07
2.582433718339369320e-07
6.791551973358413595e-07
1.655281369121472108e-08
5.748356701963736506e-08
9.252110784855043603e-08
1.053125881970834960e-07
2.193618256325893807e-07
2.854483475091819887e-07
8.640559131014897344e-08
2.452172081844043185e-07
2.332061581111859532e-08
3.531256094665378787e-08
8.492207188924878197e-08
2.188311257845897439e-07
2.455672171960844853e-07
2.897015833756144627e-07
-3.748184148440442788e-08
7.860146267376740927e-07
5.229065359405091400e-08
1.066192097859332584e-07
5.423357218764695792e-08
8.380427446722647252e-08
3.722006300344055982e-07
2.470622391793329280e-07
7.604919266166009172e-07
4.312035342315975002e-07
6.659702488444486233e-08
1.406771862924036045e-07
1.564913021785702999e-07
2.062368791299236642e-07
9.471274947116374306e-08
4.772655566224038969e-07
5.088585188657413532e-07
2.142728034279601697e-07
1.165228358065974481e-07
1.336694309950250636e-07
2.322152268448296734e-07
2.545437047974669526e-07
4.226948247873561518e-07
6.703516163937311982e-07
8.195199244658384860e-07
4.766590342395686821e-07
1.337909423247509081e-07
1.626438665756074340e-07
2.210778209512643202e-07
1.566009720242853791e-07
6.647308033744431948e-07
4.754003800295810216e-07
3.813255325399467961e-07
9.322221420945244368e-07
1.502111172629065282e-07
1.945901757732549451e-07
1.785183614361266205e-07
4.669786323504444540e-07
5.569353357470897048e-07
6.569819004878175050e-07
9.739442100133824555e-07
4.852179129131961691e-07
