-5.274581448411443645e-08
-1.205424138915003615e-07
3.530400534168714312e-08
-1.101417874093026018e-07
2.912020241398573656e-07
-9.242933198882578912e-09
-6.124627090486905240e-07
1.205945354292136744e-06
1.937556592212085091e-08
-5.211899498510418126e-09
6.103439215957468927e-08
1.457601501707537865e-07
1.787627012408677662e-07
2.078219567206868317e-07
-2.867577444307194602e-07
6.763719982405358198e-07
-6.171464809632202650e-09
-3.977919032545538601e-09
-5.939478399337787072e-09
-6.997285544831829057e-09
-3.057492531982453994e-08
1.980657615732607299e-07
-6.092148634931409396e-08
-4.912218389597147702e-08
-2.625127865933377858e-08
-5.016981842497290721e-08
-1.930793733373804171e-08
5.636027611753956427e-08
1.772918767595568741e-08
-7.466942994791369734e-08
2.504805844926755535e-07
6.376140671278293810e-08
-2.412744122716556748e-08
-1.925318041511335578e-09
-9.465062848660819141e-08
-1.720560726227052564e-07
2.714818187226481411e-07
-1.486077191257386424e-07
2.634256830172819411e-07
5.826117442140374706e-07
-2.082638723725812229e-08
-2.610660906690013245e-08
1.500179718793736059e-07
7.509491411484034730e-08
9.195362974215743873e-08
1.721750149577114232e-07
-1.079693593332336513e-07
2.921456905057149477e-07
1.136239203892177139e-09
1.083055011039596957e-09
7.444095848580799574e-08
8.514693492297896705e-08
9.464616003474456092e-08
3.683591032960438645e-08
6.546183107826635043e-08
2.338828365482084498e-07
1.647676263181440166e-08
3.111562279054685194e-08
-1.181346287068813861e-08
7.596248066631257480e-08
1.355224984398341869e-07
1.512654944837983165e-07
2.223189506664636524e-07
1.915345595238789616e-07
1.279780715644543145e-08
2.890406819946269707e-08
8.116253993516988081e-08
3.914888900198615633e-08
9.003113537610005297e-08
2.630844363121456653e-07
2.329152379803571020e-07
1.806638170985129297e-07
4.183996421969042033e-08
3.383913466068767003e-08
2.051386029239899208e-08
6.033428350909279167e-08
1.339198352243165932e-07
8.997869661342287203e-08
4.159932749864168504e-07
7.016982424979300838e-07
8.623756723022017882e-08
4.852735769801244868e-08
1.310691786611337307e-07
1.907163470978441771e-07
1.723065552587720423e-07
3.824315582942151515e-07
3.779593757104045081e-07
6.130709781066514774e-07
1.200524892915817175e-07
1.669077561832212366e-07
1.847814580527400689e-07
1.873852586746973340e-07
1.973465950097600564e-07
2.989206910185239202e-07
5.443614085636182750e-07
2.612293522868850788e-07
1.317956819650905518e-07
2.028833129901186739e-07
3.569853254669921910e-07
3.166745325386684503e-07
1.595621604557892307e-07
2.851606309929732857e-07
4.437177973191285117e-07
4.117307998251496739e-07
1.398273714885029270e-07
2.691240446800844168e-07
3.351986485396321470e-07
4.482503532155349619e-07
3.166652210938144225e-07
6.084767512409147253e-07
9.369904241216808133e-07
-1.026798687806592482e-07
1.687166772204009715e-07
2.904717818664011315e-07
4.216230861350538023e-07
2.896946726886653170e-07
3.979406618730755484e-07
7.274865990307195648e-07
8.398346239564101114e-07
1.370846935115385550e-06
