-9.958163213883552902e-08
5.413198299769439200e-08
-2.146314830372379140e-07
1.887844499461625290e-07
-9.432159238674692373e-08
2.348488961314284452e-07
-1.330006993104715435e-07
-1.258173738575468364e-06
-1.055075098037521410e-08
5.833026150691840217e-08
1.050590018998689616e-07
4.747148442493623069e-08
3.528925402510714524e-07
-8.646760422145216817e-08
8.550950674744912073e-08
-9.539055817714183500e-08
-2.513284052412210329e-09
1.858147646771326211e-08
2.072090903238510516e-08
2.641584340756281719e-07
2.093488125022709339e-07
-1.216784792713020092e-07
-1.765918031189417138e-07
-1.587620065503594964e-07
-2.813583815294965837e-09
1.730392356198753643e-08
1.793986172704682519e-10
-1.278438141898880613e-07
2.975828619531748549e-08
2.994558556084007985e-07
-6.002792088194968440e-08
-3.457344863799297267e-07
1.213732402697684344e-08
1.000575592288321414e-07
-1.128222365640393307e-07
-7.318643925781881183e-09
4.989022442710658042e-08
4.573604135621353509e-08
2.818759377926846254e-07
2.947172393758945059e-07
3.261947867045026420e-08
-5.892367321797160439e-08
-4.881085705627742178e-08
6.683820230109973595e-08
3.605269854426544235e-08
1.840191332263471164e-07
-2.457510916012524416e-07
-7.539093228062721681e-07
1.977396592887934643e-08
4.690438464493769967e-08
6.605734274456688558e-08
2.077307112906793203e-08
1.913343492996488702e-07
1.610334148117678188e-07
1.406297260197191599e-07
2.381495647792536405e-07
4.794713722244311387e-08
7.278064776866962631e-08
1.191840335029152023e-07
2.567717660018924464e-08
8.571078769776133741e-08
2.670147951634797774e-07
-2.216563888162333612e-08
5.720005728697745614e-07
7.024777910186158867e-09
5.082561591739684206e-08
6.820821041637123967e-08
7.487127584279308499e-08
2.229765384221270389e-07
1.830724279862626647e-07
2.108849307739306253e-07
-3.552021869427464986e-07
8.378169483199791769e-08
9.524379346941630818e-08
9.435640075520808715e-08
1.716562398462810256e-07
2.016105763948248621e-07
4.928083114237000064e-07
2.532452585399446182e-07
3.845580430194247869e-07
7.169391422080690351e-08
6.937710426129961218e-08
1.462824806568099739e-07
5.258762315217984817e-08
1.956842627601124557e-07
3.523525824051430033e-07
2.588196334726147678e-07
-3.481356217685162121e-09
4.049206427719045014e-08
1.188239176346217497e-07
1.330869690612938973e-07
1.558999918399642788e-07
3.609942450194131995e-07
2.787918070794054881e-07
6.016524071954663394e-08
8.001438609035648159e-07
1.173577414472541861e-07
2.102140890922736889e-07
2.977640596443224460e-07
1.898829083117268296e-07
2.968449179095965466e-07
6.142888781453913888e-07
4.591865845035914421e-07
8.252625534330138993e-07
1.371105576276127387e-07
1.263451088954840049e-07
2.355420873581210604e-07
3.377162487133764729e-07
3.789489842358166813e-07
4.780972582608322874e-07
7.671349471706373942e-07
1.143323342041293806e-06
1.492330665293987401e-07
2.437138820675778270e-07
1.385819351606238294e-07
2.121709714462860710e-07
2.990900303640726177e-07
5.993378496603081319e-07
9.047979932517681832e-07
1.081977457909492778e-06
