9.360948108114665214e-09
-1.439601251685917472e-07
1.285947983632860812e-07
-1.568277672179157511e-07
-2.317673656916953242e-07
2.496695504321332277e-07
-1.129319822778242907e-06
1.193204544004175856e-07
5.887313310949328876e-08
1.287673726377503035e-08
2.286940405670750676e-08
-5.774722020608114889e-08
1.099992400006461024e-07
-1.504946517338785072e-07
6.891697896671229361e-07
9.494892703528873854e-07
2.921414026744987657e-08
-1.469641196775718829e-08
7.448730917367687275e-08
-1.214114376465967332e-09
9.693344359608927631e-08
2.252668399704602852e-07
6.732417935980989682e-09
4.087318411501633665e-07
3.854764467136517081e-08
3.320936195472307740e-09
5.890317006908142905e-08
5.821639683407382340e-08
-2.677502123829611980e-09
-3.167551315879633727e-07
1.310389380426199448e-07
7.122166284689417171e-09
4.530841917290966198e-08
-1.300128056018684936e-08
-6.958606569797796160e-09
3.259553711338225288e-08
3.232118182442380568e-07
-6.199707201854292533e-07
1.615680976679808651e-07
7.194502887782273354e-07
6.015427091433580021e-08
5.446450866372695113e-08
1.008523867163320372e-07
1.345907409579833318e-07
4.225198928520259215e-07
4.451902288765877380e-07
2.943483026053392625e-07
3.750693584933431004e-07
4.094583332637087822e-08
5.093867351086198378e-08
1.265085228083697293e-07
1.934376191431044784e-07
3.475003508546048996e-07
4.398949285841833634e-08
1.934193239649818088e-07
-6.172965636719930874e-07
5.340224379276138776e-08
9.545314811518118991e-08
3.836604367540435021e-08
1.362738397121338364e-09
1.477006245209805508e-07
6.613811347811127351e-08
1.129021114151747936e-07
-2.709886872545065288e-08
1.067607763474455765e-08
6.489755601894486522e-08
2.386182390140068211e-08
8.401085716290178115e-08
1.857917495204612636e-08
1.630310593147999551e-07
4.133626085258265405e-07
1.453507641139926947e-07
4.205379290205887478e-08
9.364919483745142568e-08
1.600861997238096932e-07
5.632161817042448186e-08
3.148452350560518925e-07
2.288525166352875838e-07
4.541808738507921836e-07
-2.849436588901535853e-08
5.559747578694466227e-08
1.076025183157317951e-07
1.604805400494678806e-07
2.062861671288068928e-07
2.048002786577345402e-07
1.965580417826984610e-07
3.207354699711830696e-07
-4.307192323404069259e-07
7.265571739768696294e-08
1.070470890076429346e-07
2.022018973707042307e-07
2.551164223857099671e-07
3.532683531029317024e-07
3.094469179156353581e-07
5.343475872559738320e-07
7.099820065839893335e-07
9.869378596239709873e-08
2.037193107050475263e-07
1.677889378295259981e-07
2.211163726256138553e-07
3.468937191819000564e-07
3.172269229007547883e-08
6.026389893000650616e-07
4.421163858455795513e-07
1.300963444058982210e-07
1.510427718645769065e-07
3.182482209929446255e-07
3.336923793645792524e-07
2.736669062269618838e-07
2.180493679411889746e-07
2.409865845548840168e-07
5.006123166925051445e-07
1.365863656780732770e-07
2.238597154475430058e-07
2.079301448266656986e-07
2.559569361999230952e-07
6.301599492387912930e-07
5.838166328667148243e-07
1.044091949725958273e-06
1.533994847783982032e-07
