-4.049267144002546344e-09
1.253440543714749791e-07
8.027262647849624745e-09
-3.886448048286728471e-07
1.872879981798182873e-07
-2.283141706569487716e-07
1.036396800116979672e-06
2.777047197661056433e-07
8.899300840909493446e-09
-2.514822210689924971e-08
1.723693386802512617e-08
1.670977184627743542e-08
1.313717252177004658e-07
3.292417119658540557e-07
-2.550642210083894059e-07
1.471496857856029015e-07
3.493178742164166512e-08
5.943895930566114040e-08
4.874113844531113807e-09
1.431773426975845803e-07
8.007483016630789091e-08
1.517268535950889681e-07
2.916291506012666670e-07
4.713368564375630999e-07
8.680676581924233778e-08
5.888700419403927811e-08
-1.035422089250967231e-07
-1.676259034989784938e-07
-2.381647446045408743e-07
1.500255281824797005e-07
8.884711515759632472e-09
-2.564975039876859928e-07
1.727179249185785520e-08
4.846802513389473214e-08
2.958253560005005945e-08
-1.458143928806457066e-08
-9.489151603588517768e-08
1.593226865978041194e-08
1.457259874319988964e-07
2.888355907324700617e-08
4.950802827405703827e-08
2.840093428229501086e-08
1.010838266908224673e-07
3.376150869540968963e-07
9.377279652816546510e-08
1.046391725073451970e-07
-3.744046866040256755e-07
-6.387117259947037089e-07
5.872537278743860511e-08
1.346729230728533001e-08
1.551232372460434752e-08
5.831646169798023751e-08
1.105311141801568823e-07
-3.771839846651004802e-08
3.228568906894996572e-07
4.175753682288488108e-07
6.860969507329286987e-08
1.246226896809049845e-07
3.369773407457549678e-08
1.655008580567724182e-07
2.806917614963213804e-07
3.717477668109598517e-08
3.187896408979831194e-07
1.410926554491328120e-07
7.939718868345213119e-08
7.912610939216822260e-08
-2.285009819227058381e-08
5.367595222300841751e-08
5.861596986997748851e-08
3.229088579719423092e-08
-1.229945269420870359e-07
5.077661929913258605e-07
2.286441674712169780e-08
7.327644875581265816e-08
4.639327920866222238e-08
1.216570860528923467e-07
2.318073019390541690e-07
2.442865016233152260e-07
3.226551279300056053e-07
4.162759831312809542e-07
7.533778356794713494e-08
1.001806038921977413e-07
6.337500908181880635e-08
1.590134412237491338e-07
1.667048201509058464e-07
2.175305511864243317e-07
4.894969646798414888e-08
3.414043651190012783e-07
1.104683337275056636e-07
9.654098991780432728e-08
1.290700704698987202e-07
1.935119487176559331e-07
3.790609363959007261e-07
2.754991959582957973e-07
3.481196155843563864e-07
5.803127263683666631e-07
9.674710980793014542e-08
1.803405841782831371e-07
8.920303360050496951e-08
3.262828406698831129e-07
2.439585285485151665e-07
5.059213428256208188e-07
3.139803194825818832e-07
1.110315354521296356e-07
1.695002048004105345e-07
2.337784732298276326e-07
1.598405038967597689e-07
3.576852387518891305e-07
4.373161019198230336e-07
7.385868416702431161e-07
6.871636732948416900e-07
8.458052567515848523e-07
1.758112840268573332e-07
2.134592460549476078e-07
2.266170555181891985e-07
4.378431010082769753e-07
7.506088481521378899e-07
4.329866092826367320e-07
2.331436761391984058e-07
4.352121081621075090e-07
