3.463586475120304386e-08
1.707503031776514503e-09
1.232745815463338017e-07
-3.538627232237682621e-07
2.155629281072959791e-07
2.787218732742345021e-07
4.145058575449230065e-07
-5.909495432519890899e-07
1.319432728529634746e-08
-4.124810849659917232e-08
7.287249495443864167e-08
-5.084491219733252597e-09
7.286635596748921430e-08
-1.579027418267266506e-07
-5.361934479489271952e-07
6.322668629239623675e-08
2.537502230634982822e-08
6.088669170148154717e-09
4.480252084973172666e-08
-8.770593015955639254e-08
-1.258267299556345109e-07
-1.778455458832803528e-07
-4.551265275193302477e-09
3.108136288820515064e-07
5.481565105363246910e-08
1.634898234670461817e-08
-6.396290329220444380e-09
2.941206943032460790e-08
-6.795296785312016192e-09
4.082851838411659685e-08
-2.528164852834889750e-07
6.834524010608971391e-07
1.423976215159116123e-08
2.806290885547573659e-08
1.105960263908498620e-07
3.000426050285890216e-08
-7.376779018828635341e-08
3.011339774680344319e-07
3.599720521570503299e-07
-1.782270404352818518e-07
-3.972263740748967506e-08
3.707549504682121697e-08
1.776048342117466575e-07
-1.260103619934385033e-08
2.192253584188491708e-07
2.664500552609873629e-07
-7.133943614281072877e-09
7.316566914748439594e-08
3.357986860981523389e-08
4.839333507212323373e-08
3.284799925219686728e-08
5.548733821058317153e-08
2.902897901107189786e-07
2.816847387009245284e-07
-2.495860633471553012e-08
2.311164424061593706e-07
5.963926477616000681e-09
1.316105540166634772e-08
1.093746583897358089e-07
6.958555598920757201e-08
1.284938569892797622e-07
2.110362333809879645e-07
1.891052571204903879e-07
1.937648437344172182e-07
3.971168688138754249e-08
1.029666282302326594e-07
1.743317424741620751e-07
7.087393003424807066e-08
2.253313832208789627e-07
1.101126965955575047e-07
3.332378767121213075e-07
4.105001492014433750e-07
3.471415736835681074e-08
1.123812521839613086e-07
2.963506367204385869e-08
1.876989798894276564e-07
2.984225694193716202e-07
9.090630355483232977e-08
6.131793221577529690e-07
3.781394483862607677e-07
6.666097523185090963e-08
8.411885405825191178e-08
1.105151283606101640e-07
1.924298126757001680e-07
3.549790367335092143e-07
4.314657462953832178e-07
3.507298731050354013e-07
3.427704416738932220e-07
6.782287293790690029e-08
9.435209955802529098e-08
1.691646550275178892e-07
2.991199131654125609e-07
2.937177924880411638e-07
3.014460329244351308e-07
4.654019924160537939e-07
5.784689581440978767e-07
1.061682883090510887e-07
2.110012790278028019e-07
2.318456884533668710e-07
3.066737053618683295e-07
1.348102234976434924e-07
7.354496016940844393e-07
5.362335926055177398e-07
3.771910765663690999e-07
1.166728060890403810e-07
1.350146828006924955e-07
3.030534879508272532e-07
3.625677047832550517e-07
2.999627557774860187e-07
6.162166079024612170e-07
7.231453048544956505e-07
1.322129720248686158e-06
1.336454642919511529e-07
1.849235933829588699e-07
3.634612270827886338e-07
3.385178754390125285e-07
5.574038147402959101e-07
2.078909704388000869e-07
3.564582636112288240e-07
6.975206310609726883e-07
