6.903211975438643122e-09
-9.937972590646300448e-08
7.984176028034090384e-08
5.945407305731213947e-08
4.912240593275857382e-07
-2.148216094048702351e-07
1.418632545168471954e-06
4.240257730868345736e-07
-3.847741062292932373e-08
1.918119003791719415e-08
9.702442551080663571e-08
1.299589045880218410e-07
-2.108520314409489090e-07
1.465289532472358309e-07
2.272657086075723304e-07
-8.164463759281772092e-08
-1.106844965513598310e-08
1.327145886831334371e-08
-4.318993390689203782e-08
-4.990032561355193296e-08
9.050307932175648492e-08
1.296584677860490189e-07
2.133748239843505766e-07
6.999694750446671064e-07
2.223462080359173582e-08
2.078494659208746821e-08
-3.026925359845998759e-08
-1.482346039779432717e-08
5.155492535494409420e-08
-2.756486839955235639e-08
2.010815734746960437e-07
-1.296074369335849680e-06
2.510223932373672248e-08
7.624653656090454807e-08
6.927637729404926986e-08
-9.648259968158348960e-08
-2.820449521002760682e-07
-7.114811746287101118e-08
5.377705562490616563e-07
-2.275225725187899730e-07
3.238144793517746301e-08
-2.209200800325859477e-08
7.350777259608982046e-08
-3.121728577414164186e-08
-2.281745683600231069e-07
5.895664961853044972e-07
-1.326633816762163462e-07
9.456863409609263782e-07
1.527721271652925080e-09
1.939370426875159951e-08
2.185250029268337744e-08
4.328546614675681243e-08
9.880417718295612158e-08
5.085031964340892781e-08
1.757644441206441805e-07
3.328641520057735924e-07
5.262611681072529832e-08
4.849184307431894340e-08
4.721302884713949768e-08
1.487666355517080255e-07
7.077454028329703389e-08
-2.065016690756850628e-07
8.566749749608095078e-08
1.809224780966292512e-07
1.025647024812553710e-08
3.053339998794999808e-08
3.398217748161161764e-08
9.315389032516599537e-08
-3.094645138118318253e-08
2.049555245282746427e-07
-1.215594764281402839e-07
-1.047740420131121784e-07
4.093919840552547771e-08
1.112789800235447568e-07
1.124317610182911641e-07
1.359815750015426850e-07
1.548160835623970922e-07
2.515403354597801631e-07
7.677638386951311274e-07
6.719615898874586370e-07
7.438532342994775104e-08
7.457266171691577254e-08
1.813191246865241316e-07
1.275652587419871246e-07
2.080895953802047069e-07
2.922640436735552523e-07
7.184655292457114283e-07
-6.383986161584652080e-09
6.023716214175721459e-08
1.009028706681804633e-07
1.132567150197774697e-07
2.308497996642640868e-07
2.521315893332363822e-07
2.708418566456170535e-07
2.321077825847850944e-07
4.618247875436131354e-07
1.610860922125896594e-07
1.586674868467767099e-07
2.237604129766924087e-07
2.078205136876981872e-07
1.002805303704530479e-07
6.825922983745220210e-07
2.798027008075680985e-07
6.966339514267817299e-07
1.210148999540159411e-07
1.702230391867840370e-07
2.646611621002272600e-07
3.695468217853753870e-07
5.650324738065352916e-07
6.231026079493484342e-07
6.785259038088420210e-07
3.866732965573874362e-07
1.390455676311118387e-07
2.802656437236057200e-07
3.271873486191370605e-07
2.427839421669245845e-07
4.126356209897072442e-07
1.082448679778939844e-06
1.128777371365301665e-06
8.770127515676117232e-07
