2.829304813296551091e-08
-8.348834193902628967e-08
6.501100841868399334e-08
-1.142698049983566345e-07
1.893942418018502337e-07
2.791573507905166213e-07
7.792249798182862052e-07
-5.288817988479570263e-07
4.630969341937173678e-08
-1.604541372451554582e-08
7.582640114633778505e-08
1.260831803720147488e-07
4.995637718927292520e-08
6.208465075040617753e-07
3.907587357664843129e-08
1.379094175156742388e-07
2.144646603139966546e-08
8.153810653664431405e-09
-2.146201222291078651e-08
9.539752104183024680e-08
4.300682974203581943e-08
-3.256398656535411708e-07
-4.219183696695843839e-09
3.456168927862456236e-07
2.255799162949213199e-09
-5.842166400002628190e-08
2.094345982515780364e-08
1.030463746645075597e-08
5.994733478158457223e-08
4.448465952176598325e-07
3.331210879615700462e-07
4.135438889379315513e-07
4.326707257447349041e-08
-2.407319474332647716e-08
8.383061445804186156e-08
1.503120462570651137e-07
-4.141798770100199870e-08
1.915286892619886976e-07
-1.387723482035491759e-07
7.356620712694412396e-07
3.718280832971838879e-08
7.410657825633191061e-08
1.029052132069810098e-07
2.799664194901539369e-08
-1.659269118102308700e-07
-3.224024376610015638e-07
7.489067391458085990e-07
3.207949351734176187e-07
4.784680750799501966e-08
1.109479163707877545e-08
7.149469802254618632e-08
1.380256616126936681e-07
5.146840518578075021e-08
1.155505203136535800e-07
6.787683631428234400e-08
1.819495773965544477e-07
3.853417043955925854e-08
4.216890368661682254e-10
8.770648119328401394e-08
1.920948567792424199e-07
7.744857361519844843e-08
2.418872497648506118e-07
4.685253426911096580e-07
-3.658094233527726948e-08
2.692668853206784861e-08
4.491568223271755874e-08
6.826195464283562890e-08
1.418346619695026753e-07
6.517804733128869552e-08
3.903384415934519253e-07
-2.676152482187737119e-08
1.204233440066011622e-07
3.529124279034602087e-08
4.232643807799408435e-08
1.059754928619610351e-07
1.501808247992826925e-07
2.122092788175415303e-08
3.041736975683621455e-07
1.856951064741994943e-07
-2.394805577659463045e-07
7.620830176130655241e-08
7.812489798938754440e-08
1.744496578222186442e-07
1.855028048738212581e-07
3.069459550754627708e-07
5.203668807890249067e-07
7.158371282499217238e-07
9.217741530515136372e-08
8.140676815792012237e-08
1.463769940931451617e-07
1.609983433097394846e-07
2.699411347098731979e-07
2.843658362747866805e-07
4.442587381654231097e-07
5.299519638857098789e-07
3.369836383030391714e-07
8.604093479555200008e-08
7.460070251900782986e-08
2.247175594740293919e-07
3.043396809172416435e-07
6.317496793877745711e-07
3.802727174338471644e-07
4.126438234316187860e-07
7.824763193602944546e-07
1.741598644433644429e-07
1.601546779242492252e-07
2.149565295199031014e-07
3.554324074498605185e-07
5.545560795315952058e-07
7.264123664665041476e-07
7.412374124428038053e-07
1.163016334047914838e-06
1.759660539426741729e-07
2.847837998608372580e-07
2.790139328943483444e-07
2.558642073337772807e-07
3.846587053443498285e-07
7.734629670859822168e-07
6.859516742308564034e-07
1.458523571016122793e-06
