-4.786161214688697854e-08
1.941799312695583062e-07
5.766217776703370024e-08
-8.503522930286928647e-08
2.463320272910454478e-08
3.359102560425736466e-07
1.194637251133509217e-06
1.983548154266156093e-06
-3.964669575147709217e-09
3.203138357871758312e-08
-4.513753056461631980e-09
-3.644994262298212513e-08
2.303107496702331030e-08
3.098974385076070587e-07
2.572504743857722384e-07
2.376921529036212901e-07
1.077750367557020784e-08
-8.944346646701944251e-09
4.828885403546261220e-08
2.032325403550170810e-07
7.220903933678860220e-08
-1.278512271417859840e-07
-1.484098457489009348e-07
-2.952911743400827385e-07
-9.273821215685943523e-09
6.085679654099384353e-08
5.791224738544564345e-08
8.904269064479798039e-08
3.133501677868612425e-09
-1.771287976670088814e-07
-5.330066992454777412e-07
1.437307542947828572e-07
-2.370615374995304512e-10
4.881446880730622176e-08
-7.735157164579055397e-08
2.812738415289917031e-07
-1.623581996508008617e-07
2.112504458104015932e-07
-5.894642995967928550e-07
1.243048907107281126e-07
2.371297762308143750e-08
2.836082682053348752e-08
4.865696047027771895e-08
2.832225545028422915e-07
-9.154026565419540772e-08
5.883554240229156619e-09
2.951842886730347681e-07
1.995395788490631825e-07
4.838163231146078224e-08
-1.206203695102706396e-08
7.643566269305219274e-08
1.254698144714342241e-07
5.111766364965675084e-08
-8.899449285015436361e-08
-5.469965021617229198e-08
2.344450709362828982e-07
2.626248608332968183e-08
9.078596975393809365e-08
5.894091266665923651e-08
1.436702454001601000e-07
1.563428980798174628e-07
4.058845111867733432e-07
1.942738287503459308e-07
4.747884936620042822e-07
5.119778991442845563e-08
8.671870741825350694e-08
8.070860163440584669e-08
2.807837938097904951e-07
-2.378024553697953514e-08
5.407109748994594843e-08
-1.900199128075632520e-07
4.732420566453629933e-07
7.794041347641202457e-08
9.018331753603997597e-08
6.769202395956992890e-08
1.138042745602707296e-07
2.698209176675260801e-07
3.215769746704862207e-08
3.133164491002766163e-07
8.550614699829245242e-07
6.582348171524743633e-08
7.260714361048046675e-08
1.288299740547408355e-07
2.166694024606682604e-07
1.699358257848117541e-07
2.924756166046377020e-07
6.104338017575783450e-07
7.633791051283103307e-07
8.295653069655199415e-08
1.208898095952234337e-07
1.277486448356298658e-07
3.009925845979151051e-07
2.166572246699404579e-07
4.694142565574285174e-07
4.108507417090651413e-07
5.754816348523875853e-07
1.433925176876322129e-07
2.591074565500613746e-07
2.036826070923448441e-07
2.837041446976510406e-07
5.687693341978210472e-07
4.667169834514211807e-07
2.004978420954830950e-08
3.664969674794842969e-07
1.299666551833844670e-07
1.959500722787147627e-07
1.988401858574350232e-07
2.787200760400407907e-07
4.708412871423354258e-07
4.602439023250562689e-07
5.657745135480351104e-07
1.033505784666525939e-06
2.204904085324426694e-07
2.435803974646415367e-07
2.211124767471126340e-07
4.138418871238192974e-07
5.336408757521158153e-07
4.253134652160413226e-07
1.032091624893008983e-06
1.613585404081892511e-06
