-5.991614242484101237e-08
-6.376264045647172411e-08
1.410357656192432232e-07
2.559509758454938904e-07
6.549740984597521036e-08
1.446328858061172344e-07
8.653981765149607289e-07
7.315872861506393604e-07
7.431892023173616362e-08
4.065572183280648359e-08
5.382672357981032855e-08
7.585918749534106376e-08
-2.715094422902472361e-10
-2.162588389180068164e-07
-6.990931660150640495e-07
-7.501758708766274960e-08
-3.482139309698365860e-09
5.333695363010469728e-08
-1.998903397561421140e-09
-2.548668658093296199e-08
1.198488071882894136e-08
4.046869131851316814e-09
8.422728749553112142e-08
5.217611374914094234e-07
-1.552364162999379944e-08
2.755716273826413481e-08
-6.713239037018392467e-08
1.357025140664601554e-07
-1.416000706435380858e-07
-7.443419230213234929e-08
-1.943430565654531757e-08
3.345224262454859434e-07
2.642306304492038859e-09
4.137704217774309502e-08
-1.284926884312929418e-07
-7.392313302747833013e-08
-3.677168519496201899e-08
1.615763416661445449e-07
1.018742757617893327e-07
7.326441670753544889e-07
2.576602022027962682e-08
2.734009578319032286e-08
1.706452784120388659e-07
-4.976129543269333720e-08
3.439853043224627005e-07
4.572175824352556926e-07
2.411153280739975634e-07
1.353513520804317458e-07
2.967604640560328714e-08
5.415253400505591213e-08
6.912319002600625801e-08
2.144365028321388090e-08
-4.020345545521405011e-09
6.788025211115662066e-09
1.564393417343585417e-07
1.636395395447408877e-08
1.286129453574281976e-08
9.514854412387125041e-09
8.929309720679503277e-09
7.874953615840180313e-08
1.136080659597067305e-07
-1.107073630718629435e-08
4.981107029383445915e-07
-3.462087832144321680e-08
1.672295800799077989e-08
2.052702492114723510e-08
9.812922376644830363e-08
4.482243633490430313e-09
1.311878865885570912e-07
5.391788571525264645e-08
1.681639095736257040e-07
4.498448545280313815e-07
6.816391379350295597e-08
5.630652613069389191e-08
4.467069795686668661e-08
9.264805814325517063e-08
2.181152661814115114e-07
2.122316860113511315e-07
3.223424606109108035e-07
1.643998624411229985e-07
9.303543729664105880e-08
7.526518217053873278e-08
1.440452149067441899e-07
1.803008832645622642e-07
1.700206225589794514e-07
2.230163524002119996e-07
8.507922058760120241e-08
1.207168083794004036e-07
1.152101675254018260e-07
1.532613313982045298e-07
1.636490307639091454e-07
2.273396354957237781e-07
2.258995252723538112e-07
6.271352181650767229e-07
5.161131433279454814e-07
5.169618747600655997e-07
4.626368307156947787e-08
1.118886121033533445e-07
1.523926305706212295e-07
3.510945581389986555e-07
4.681352663637515641e-07
4.154565241364438056e-07
1.271236929340054317e-06
4.646494580181341955e-07
1.042663840834306198e-07
1.621209410990564242e-07
2.075095634496834783e-07
2.622796433064680268e-07
4.685882271183154842e-07
5.946206480499961543e-07
1.088424716562400981e-06
3.399322538995375756e-07
1.897622271836810584e-07
2.439940252935294135e-07
2.937162599861214160e-07
5.823176665430560559e-07
8.015987474806809130e-07
5.982042371866620936e-07
5.688082575467495496e-07
1.076309067330345110e-06
