7.691398575228856156e-08
3.978684322390102695e-08
-7.713382993645953207e-08
1.297935988058359663e-07
1.649175544720377947e-07
1.038246946474343647e-07
2.506861997114099024e-07
-4.660201888447233866e-07
-6.241422197735809814e-08
-4.756369704954795422e-08
6.484533405666584564e-08
1.086117649855111189e-07
-3.622967407803051754e-08
1.591848068847725433e-07
-2.715301521530774542e-07
-1.417350757536242440e-07
-5.858569223475314355e-09
2.728999299740761854e-08
7.182215737388637134e-08
7.644663911787989143e-09
3.021542747620881505e-08
1.721345705680863111e-07
1.815818287353861192e-07
1.223814643003175744e-07
-3.089720546350409620e-08
-1.082114628346334143e-07
1.811000628499879014e-08
5.057609262245319118e-08
3.581821892637573461e-08
3.112878199106043116e-08
-3.581549795954845667e-07
1.498263881930427781e-08
-2.851023594480895871e-08
-1.685529389579464728e-08
2.396281826241043561e-08
1.623926535237068945e-07
-5.087955331278115927e-08
2.688826807044816336e-07
-4.573260148107903393e-07
4.830646846913927442e-07
4.127211684334505630e-08
-1.705628295812065114e-09
-6.217079940202485896e-09
1.536280185342384666e-07
1.396642523731528343e-07
-3.038447684995220478e-07
-2.835182111522641340e-07
6.118727218296475526e-07
9.385985400628745393e-08
1.934611974837787329e-08
7.979808972106516154e-08
2.352570313802417524e-07
3.244338547033190426e-07
2.441963395850404526e-07
2.699566531948821097e-07
1.650757069068532802e-07
5.826555753374802599e-08
9.022812772440030113e-09
6.553257369624462650e-08
1.604402691097022503e-07
2.967834128578753167e-07
1.069399864344157285e-07
-1.795371726263855663e-07
-7.443623547217954655e-08
6.553473875984973864e-08
3.246226656979543911e-08
9.071346719295260955e-08
2.275645987035247185e-08
4.163289473776429310e-07
1.479501253311757490e-07
2.655125061457269211e-07
4.608492671063649335e-07
5.808934228824479055e-08
-2.250488645544068094e-08
5.431954739728129292e-08
1.364863331505263696e-07
1.202801352292507666e-07
1.274534605159576237e-07
3.040044565295835143e-07
7.704982936584371697e-07
5.680189892127716709e-08
1.143478476033302394e-07
1.192362301898434930e-07
2.129930825712125629e-07
2.180415017547770346e-07
2.747096859371133908e-07
1.761750043992064317e-07
5.659575036723466575e-07
7.051559439192523228e-08
7.861042564402958372e-08
1.623600867403084108e-07
9.742841917906811380e-08
2.473376804278748733e-07
2.025127671407298226e-07
2.192372676369438505e-07
3.884957676579096165e-07
7.604184941122028998e-08
1.337018710507767899e-07
2.839859580273389868e-07
1.988342032534072579e-07
2.873850045853268354e-07
7.149554291684426988e-07
-7.933443689015815496e-09
1.467718833325470681e-06
1.255463453529005135e-07
1.843223492714935908e-07
2.448007211411303962e-07
1.629478788541072525e-07
2.388826956619379985e-07
3.587187192073104509e-07
3.098931737694498643e-07
4.585545530096716724e-07
1.817758588391854917e-07
2.048502802814390527e-07
2.844930156677198906e-07
1.718518718940069108e-07
3.564231077726717717e-07
6.485524051967296055e-07
1.177066922855050957e-06
6.983829030739435210e-07
