-5.161551196079879280e-08
-9.562220423927621280e-08
3.729930599724916152e-08
2.297478988315363612e-08
-1.848243322920441103e-08
-4.547485891090470572e-07
-2.837880728893088609e-07
5.633531732320979804e-07
3.256041986216732130e-08
4.813086259297557748e-08
4.349633234159396272e-08
-8.365218138043400395e-09
1.747033714731830398e-07
4.122062194274034605e-07
-2.407177821693872155e-07
-7.590212924323971688e-08
-5.924255599111753002e-09
2.286670254996527416e-09
9.934468226949599124e-08
-6.591019650724558338e-08
-1.145000994374340336e-08
1.636776106406971570e-07
2.349850809429979770e-07
4.845112424379522388e-07
2.536379269780434148e-09
7.122102639512395700e-08
9.175735719764046438e-08
2.386422372857837017e-08
6.748685175628749145e-08
6.820517096560705356e-08
-6.570876182312907154e-07
2.494887026077938341e-07
-2.364746345915971793e-08
-3.420386995851241691e-08
1.883815702208674153e-07
-1.652185746726756307e-08
1.081936591856416333e-07
1.866957285023170197e-07
1.325387764391261009e-07
1.264957250443209033e-06
1.681384671533016144e-08
1.230893411228204035e-07
6.428552720049529480e-08
3.180377034774276988e-08
-9.928498008483862038e-08
3.167683139846857193e-07
2.667735652117759856e-07
-1.428282597545059004e-08
4.043062882505718076e-08
4.019300581236361038e-08
3.368359547054239191e-08
-3.445479897525999264e-08
-9.703553021795413582e-09
3.696704899822756551e-07
-8.515379390134262153e-09
1.653289924857042381e-07
6.732958876159985001e-08
8.432433271346894857e-08
5.019776249535829515e-08
4.531268638482260835e-08
7.695362819157259724e-08
1.453292922725647644e-07
2.832814639530196845e-07
-3.137226694189334694e-07
2.777080995228029123e-08
8.450610983874208369e-08
8.445934284377340427e-08
7.586873349400206908e-08
1.547945686876541413e-07
1.065179825986194280e-09
2.559783320100416592e-07
6.931785436709131710e-07
1.055113343253112006e-09
5.327517535510717299e-08
1.051739065816232887e-07
8.925082355467317551e-08
5.064604284927306733e-08
2.387569872145461176e-07
1.860342904937451961e-07
6.610063227206166282e-07
6.273547365704141323e-08
1.006813377568101525e-07
1.367154383474752465e-07
1.378068536750522848e-07
1.783120843602760433e-07
3.213700862862168461e-07
1.795460590632879335e-07
5.214604685403897248e-07
6.355715656937290154e-08
6.997265337301017458e-08
1.038902787526212141e-07
1.793330978216385981e-07
2.623206628552691797e-07
3.595115947992761508e-07
6.023911298978011925e-07
1.307147991014208415e-06
1.048785830833639289e-07
1.590170653630448572e-07
1.526339458969582350e-07
1.985038125344720672e-07
4.421135240769178490e-07
-8.414488209935689740e-08
-2.973288564456281187e-07
5.506853781333204238e-07
1.325552586468381604e-07
1.985136518016695200e-07
3.046799526113279612e-07
2.767962501726650651e-07
4.836351950413672844e-07
4.218085611540871096e-07
4.301656637100156640e-07
5.104089176423194484e-07
2.328617444426401304e-07
2.170423102661206047e-07
3.404131885573451772e-07
4.567805348262217410e-07
6.114298970207335799e-07
7.231484928993793147e-07
8.078674895040535747e-07
1.871752367984142301e-06
