6.297705983229442607e-08
-1.451711075994745894e-08
-1.655490311415533889e-09
7.923142597936220108e-08
-1.881013896393129727e-07
4.241123228072768831e-07
6.400902536594154944e-07
9.485329105913600278e-07
-1.307683000042814105e-08
1.852064710185379038e-08
1.103972685387990989e-07
2.033940084709811334e-07
1.932040712014380737e-07
-1.432842405249767517e-07
-5.585582599690034990e-07
5.085147073292269566e-07
-8.158056934923812889e-10
7.815365029269324127e-08
1.377111160680053425e-07
9.207928654360248394e-08
-1.443457999665840242e-07
1.605305636059702818e-07
-4.163433840090655037e-07
-4.802613514754228290e-07
4.788218081899801225e-08
1.317245678563803670e-07
9.104498869462950045e-08
-7.297920582563224663e-08
8.919555878837785937e-08
-9.174089070491176271e-08
2.973656219127133831e-07
-2.364349550198693099e-07
1.844854817339004657e-08
-1.020556662887176290e-08
-6.884419951916499392e-10
9.543711831335482358e-08
-4.128523474157682643e-08
1.683922265559561391e-08
-7.565348105112495689e-08
4.043956887059658799e-08
2.096543579683722802e-08
5.784784449697272540e-08
4.201253482210066224e-08
2.408881669391553501e-09
1.137837196665764637e-07
7.269474822932878638e-07
3.941512569425472104e-07
1.860221305905663443e-07
5.139419898619985210e-08
4.210521797317972297e-08
1.427203426941843100e-08
1.343490881649254236e-07
7.707013801937705549e-09
2.612293650134593965e-07
3.497156116566771135e-07
2.899749949629927692e-07
3.045468672497810971e-08
2.541978352114049393e-08
1.110731885852972239e-07
1.251110021341247242e-07
1.611251899800411604e-07
2.837195457036002982e-07
1.668479084547605247e-07
-4.866798920990753723e-07
3.829566100973524950e-08
1.356692687129381835e-08
4.412505083477662116e-08
2.784269943361836052e-08
1.214046472800769870e-07
3.301172109115769485e-07
7.973309470575959120e-08
-3.315843189539252248e-07
8.383133399884022526e-08
8.753520344317670839e-08
1.195981651186580924e-07
4.671508936007265734e-09
4.134747281852554834e-09
-1.289432572551003547e-07
1.911313032185853819e-07
-4.590620920985318498e-09
6.540374867515095062e-08
1.168988649934330661e-07
1.411692158192996566e-07
5.405499695229243659e-08
3.160288320338844445e-07
4.320860215153107762e-07
3.968737457882384437e-07
3.890029672460594369e-07
1.042416022551170594e-07
1.446351790015335120e-07
1.901847575950794210e-07
1.978346902151383332e-07
1.990065046189502983e-07
5.356875821262725662e-08
2.312580786347376488e-07
2.925857489630205926e-07
1.098338915789404990e-07
1.575617914805726671e-07
1.922144080012531067e-07
1.223874419479736064e-07
6.358653770141932026e-07
2.093620556809733621e-07
8.003702417728424302e-07
9.237158474926480588e-07
1.314106929913805491e-07
1.589992679862660218e-07
1.885127508868276752e-07
2.159390938774996954e-07
3.335633505466352069e-07
5.214674358112046545e-07
6.387492138852732318e-07
8.535060149281889383e-07
2.312507980034486871e-07
2.271907489542023070e-07
3.174313715818469438e-07
3.333611619017280796e-07
5.424938087429468706e-07
9.845465334729975791e-07
8.365461545709300460e-07
1.521216436452300613e-06
