2.969534002471566840e-08
1.639918955364539374e-07
1.316014416399673258e-07
-1.267589903344305714e-07
-2.365058515090488573e-07
-2.537263473292444791e-07
-5.046391685883420811e-08
7.474909421506022539e-07
5.094975145832882597e-08
2.406273426740758317e-08
1.211495545510796385e-08
-1.698821075430061441e-08
-9.863404129404084189e-08
-1.407024391568611737e-07
1.607296344672996395e-07
-5.949545711164181952e-07
2.733903487571153574e-08
8.114791324352243076e-08
1.212461489411248413e-07
-2.463624299570136511e-09
1.065553607103913649e-07
-2.237112766240913932e-08
2.523505350891623292e-07
5.432244366905336189e-07
1.762709971127605328e-08
1.998593719749484804e-08
1.967763708688360320e-07
3.832271371253189365e-08
-6.399785758028689237e-09
2.593641841533216965e-07
-6.380940805665789837e-08
-4.644001306538012776e-07
1.500068375249896299e-09
8.135252138430039347e-09
9.879799859232159195e-08
3.745394890715919294e-08
7.503761313878219170e-08
1.742488192163739503e-07
-1.907716529361626418e-07
-1.217865286934319784e-07
1.606158591208468243e-08
-7.456589016042714567e-10
-2.628159502576021411e-08
1.112878355039249348e-07
3.496764974060287672e-08
-1.281423924586015075e-07
1.436472992352272584e-07
-1.887923854891772048e-07
2.108592800531707188e-08
1.537982239175797473e-08
2.804983793666820450e-08
4.191483255361695692e-08
2.530549676654647890e-07
3.033003239453753549e-08
1.738136998115027115e-07
-1.755899966361067993e-07
5.862307467078908668e-08
7.715884095923827503e-08
4.220316576940188838e-09
2.972744592836667710e-08
2.949221623619078010e-07
4.888345277516624117e-07
1.391259086485055851e-07
1.442752256276867333e-07
4.594217859593828121e-08
6.867310907200450456e-08
5.611219449927443414e-08
-9.558559501084532352e-08
-1.259318008413742723e-08
2.874627386396079594e-07
2.567334520947563303e-07
6.955899898014309798e-07
6.619382384828394560e-08
4.123224744392827777e-08
1.066525666028560161e-07
1.548804092348490655e-07
2.371990412177212910e-07
3.378323123656800291e-07
3.142304523433073509e-07
2.786101162350555888e-07
8.160369456226284845e-08
1.415571322361212377e-07
1.007449025334183716e-07
8.242012210063205241e-08
1.887529186167851887e-07
2.225511621750759637e-07
2.781651915371588419e-07
-2.208247044557635526e-07
8.249706161762103213e-08
1.228765680210195630e-07
6.406913933977791384e-08
1.950631072325065955e-07
3.393783573213681991e-07
5.433515045903567729e-07
3.805445153174062325e-07
6.055612474903451510e-07
7.540577135051291099e-08
1.975550724602210525e-07
1.773115180117217895e-07
2.566070696073836906e-07
6.596480209489127184e-07
8.384684631915589888e-07
7.521205578724054981e-07
5.185237730698012740e-07
1.498788762146176762e-07
2.274299203235894756e-07
2.763253069374238624e-07
3.786004153141817109e-07
5.574122324546989956e-07
7.060224462615637714e-07
6.280684801163704457e-07
4.966099208525279930e-07
1.850921897239238797e-07
2.629791720860628922e-07
4.422509814708139907e-07
3.189214233582194713e-07
3.980935435120190562e-07
8.715486114660903443e-07
6.669195140483279706e-07
1.394527616733986410e-06
