-5.896572802751880945e-08
8.000950896623042967e-08
-5.514266369519455695e-08
1.694013514980795386e-07
4.418121621371921443e-07
7.463418877201229677e-08
-6.374167921874646000e-08
-7.288738893133821397e-07
3.736863569062814952e-08
-1.917599512236105691e-08
3.703292317384376832e-08
2.226077273445074832e-07
-1.564000984330240039e-07
-1.974038605977190500e-07
4.527770799458766105e-08
-8.196724299074396350e-07
2.916471119111205419e-08
4.380479700394858203e-08
-2.542829028449605056e-08
5.801799860010418505e-08
9.630680471834404597e-08
2.047818609682066570e-07
-4.594387233440984692e-07
3.348280033036312914e-07
-2.649910219593333599e-08
-1.771127517471565686e-09
-7.213689064023530995e-08
-5.655239904020803252e-08
2.304720722508348549e-08
-9.918502880288670847e-08
2.564511324409378506e-07
2.183307505125144813e-07
1.533922360170443978e-08
-7.357934830033834018e-08
3.649074002097274306e-08
1.151787815509931867e-07
3.933339733810379316e-07
-2.052054418819942339e-07
-5.085560298182877630e-07
-5.557077749919747531e-07
7.093263065539526190e-08
2.157371737237644347e-08
2.107999719398009045e-08
2.278107037482781523e-07
2.767647121105303264e-07
2.956680127088271223e-07
4.882859159225603258e-07
3.932086324722191997e-07
6.026227934066957750e-08
5.698083008684117072e-08
4.741079057038127905e-08
1.641264905475674935e-08
2.379514614624473147e-07
6.432318480907865035e-08
1.319436913662220774e-07
4.341834998721755597e-07
-1.050726422922094020e-10
1.017042590640862433e-08
-2.254296325146137449e-08
1.647959465887051614e-07
1.046986736925117128e-07
1.218695648818265978e-07
3.037633651376117707e-07
3.406816638821736457e-07
3.115133252531246849e-08
2.554629171630196427e-08
2.222616238338791254e-08
1.536395248128022135e-07
7.775368170141240964e-08
1.471533154034139982e-07
-3.284461704773109898e-07
7.210013792725212938e-07
4.384241613429264344e-08
1.454087872979473169e-08
-3.839427058161903080e-08
8.374678265989683862e-08
3.280839232208509239e-07
3.914352636679255925e-07
8.630101259914271038e-09
3.777775497282283591e-08
6.608779030974678851e-08
1.098830193431893297e-07
4.436730317165808589e-08
2.176879899662687925e-07
2.236741213407541653e-07
4.498774294794017951e-07
3.451499801848997987e-07
-3.249056209225262500e-07
8.880741823681135709e-08
6.492481402132526639e-08
8.394321719512090071e-08
1.931881442255994852e-07
3.572389252421740314e-07
1.809043319398679165e-07
2.833253029899140527e-07
5.975788885345454177e-07
9.656863771950962518e-08
1.753477701388524458e-07
9.113388935463462444e-08
3.986593896450087649e-07
6.221050272834596450e-07
4.028885341660097812e-07
6.310966683218708952e-07
1.014681691064437579e-06
1.099859382141335850e-07
1.929381902100199180e-07
2.398295218344181455e-07
3.034158555295642032e-07
3.912942361983521063e-07
5.269663969684834586e-07
5.874540092328660003e-07
6.742397877110143346e-07
1.496148133412842287e-07
1.901774293284909879e-07
1.450795886371988124e-07
2.442247604760550763e-07
3.286693322906156838e-07
4.231418209780948849e-07
9.893359863552124659e-07
1.244138024011550513e-06
