1.063636937608218050e-08
-4.348550193524231600e-08
8.179648648700280014e-10
-4.565962864788866729e-07
8.715528789615587930e-08
1.850756302048761109e-07
7.900552949971261240e-07
-4.518523879455528741e-07
-4.917637544627070699e-09
-2.752459893273020954e-08
7.090062910267287198e-08
-3.836391009199864032e-08
-9.497935837948687515e-08
7.377476856331978040e-08
-2.524028833267049879e-07
-5.139826014857980247e-07
1.773920800346848513e-08
2.338182262339433885e-09
2.649043160918009634e-08
-5.434038454100752587e-08
-1.964369318379522662e-07
4.965261154543232759e-07
2.611238804024860130e-07
-1.535855739096882614e-07
-1.339324021560235188e-08
-1.847071045328732654e-09
-5.547929414971133082e-08
-8.146159925713783476e-08
8.110999663089311662e-08
2.185119288362886735e-07
-6.805564082188384203e-07
6.722135156195600267e-07
2.590998585405712373e-08
5.923364035669355202e-08
8.289771351289778249e-08
8.094656513222581400e-08
-1.618501246248625942e-07
1.367555756282501511e-08
-1.089359071552535791e-07
7.071410137993695429e-07
4.133003793818240298e-08
4.355089083236667304e-08
-1.807468160732157989e-08
1.672101169080011714e-08
1.482724754760787012e-07
-8.713647933304002470e-08
-1.498211807308697568e-07
-8.130584999178515561e-08
4.027091333763480964e-08
-1.658274420623315484e-09
1.004404136943873340e-07
8.863816631688472276e-08
1.525764589566396687e-08
1.347719533113474728e-07
4.184459504258215854e-07
4.132335082089444149e-07
5.052793571777768159e-08
7.045929575342435233e-08
4.887727220756603472e-08
5.319332267970329781e-08
2.979734005965759051e-07
3.631168319846027751e-07
2.780605719216077890e-08
-1.509812776746748379e-07
8.456197941236866278e-08
5.934833476864183838e-08
2.146494219811072485e-08
1.335336706869539943e-07
3.613455557318619426e-07
3.474816064822805368e-07
4.484085389253617569e-07
2.997770738629660324e-08
2.831898734076443791e-08
8.372595903826570760e-08
1.411020802091639743e-07
3.115475790641478297e-08
3.004483393300200541e-07
1.269125142413580978e-07
-9.396597182251789122e-08
3.991711999386225159e-07
8.206409947381146491e-08
8.389636596308698229e-08
1.877863837930630762e-07
2.359965604952540870e-07
3.262192238261551792e-07
3.128690392767358049e-07
2.977629652329341098e-07
8.751397261814959718e-07
1.238010014553568011e-07
1.262250776541703430e-07
1.256708428741296074e-07
1.220290251316212157e-07
2.533978811060899457e-07
2.037257326514924942e-07
5.996076555592375925e-07
5.797329902842322393e-07
1.336835590747478613e-07
1.367864316148151787e-07
2.478365545879215663e-07
1.228320334749662457e-07
3.777688384358672669e-07
5.080403739792093333e-07
2.112077517520307818e-07
2.506504434623441497e-07
1.718429942957046980e-07
2.046051475445635189e-07
2.895666394999034422e-07
3.177072236678755153e-07
3.486840452929545820e-07
3.771543300410173549e-07
5.098696807177782634e-07
9.533766771562914959e-07
2.509893224816033744e-07
3.331771044466870595e-07
2.672559459872051277e-07
3.280273235194739611e-07
5.201075994356336395e-07
2.078099073248734380e-07
8.881970096366702786e-07
1.534293122616151783e-06
