1.866972601165848184e-08
8.235018059607488329e-08
-1.911577939143251492e-07
-9.552210265498818408e-08
-3.617299977162367529e-07
4.555448964134383305e-08
-9.497319990677985489e-07
1.590455427179481249e-06
1.543322748675903011e-08
4.040748551707798419e-08
9.296112062982045977e-08
-9.279369795513361106e-08
8.027571875168907219e-08
-2.460004601409884556e-07
-9.950752229087154412e-08
-3.408868818534555669e-07
1.847519172331954981e-08
-1.352928646669035185e-08
-2.588772189126297985e-08
1.902688147794818132e-08
1.339890197562606605e-08
7.316268416994848863e-08
4.890767292299714326e-07
-1.445524600327710006e-07
7.175066634151728971e-08
2.599330332123663696e-08
6.067751691932060544e-08
1.929054396572183399e-07
2.251563659103886379e-07
-6.040418443237606291e-08
-2.051662128003953135e-07
6.622790065910494983e-07
4.549756686307466151e-08
2.315900419245901172e-08
6.616288721809626206e-08
-1.053937403548492932e-08
5.577057858834283571e-07
-6.425738385105176515e-08
3.000541941277145263e-07
-6.091042865171711111e-07
3.802404390971873955e-08
3.198809985972947161e-08
6.854335435134000946e-09
3.557970503730247758e-08
3.233379171171587881e-07
1.647314026590002326e-07
8.593818276081556999e-07
2.492505211036028985e-07
3.515981778881698465e-08
5.075182120902428176e-08
5.654849972043118908e-08
-3.118561390780356215e-10
2.227104406321118580e-08
1.805533354887871515e-08
3.711507168904341625e-07
4.510107132464222716e-07
2.672221407639921008e-08
6.583935313054258189e-08
7.684068131070048679e-08
8.390735656415366101e-08
3.856924057830187469e-08
1.984390785511275055e-07
1.835669489864014606e-07
-1.289138639909466423e-08
4.943918160236804125e-08
3.948219091099800689e-08
4.308783344310504836e-08
1.122987115782269645e-07
1.818162222388492651e-07
2.804481406030693822e-07
2.086037216717205795e-07
3.466034611290418182e-07
6.330776803463867685e-08
3.915058400018094482e-08
6.343390445670308548e-08
1.459331909900792774e-07
3.560444415562636558e-07
1.856653099191919201e-07
2.012208216113649406e-07
-4.472734127403871018e-09
9.619551322742546463e-08
5.653778754455269873e-08
1.565709860079106608e-07
2.184610612576747509e-07
2.149761358739993186e-07
2.977090901853111862e-07
2.851181875750678625e-07
3.273189116901852250e-09
9.978822661721283713e-08
6.132430695355040955e-08
1.446845430925141145e-07
1.510619192347243212e-07
3.266245620169567269e-07
3.420740449045699868e-07
5.905089318600707944e-07
6.246142816513007301e-07
1.198671157874525877e-07
1.531135044077364660e-07
3.107711440670853703e-07
3.135367202778876347e-07
4.068212913238677695e-07
7.401785109939360908e-07
6.115253756063283409e-07
1.148062684829573289e-06
1.598858044112467615e-07
1.741517883502332826e-07
2.232131260036572323e-07
3.101631888277300092e-07
3.280828910508552911e-07
5.948361828419591855e-07
5.143019903986523627e-07
4.064681303912335654e-07
2.177902553463174858e-07
2.082057758070414078e-07
2.336513123783641109e-07
4.683204665499719252e-07
4.973933721755888565e-07
6.128938823029766220e-07
7.224363371342792360e-07
6.798894718326813194e-07
