2.913387496828165804e-08
-2.799195804708800080e-08
-2.097897477193505489e-07
-2.724749426954945553e-07
2.909990656681314310e-07
7.381479179914142560e-08
-1.124462830834948163e-06
4.658715546140670182e-07
-1.433310789532699502e-09
2.961920044754564653e-08
4.117525591930057574e-08
-2.136675638225125421e-07
-1.070969723875997889e-07
-6.576526305669250550e-09
2.525353664681061759e-07
4.517510761381992396e-07
2.162213908217258656e-09
-6.633416653518474153e-09
1.028468508707434570e-07
1.179716241443961600e-07
2.277975929363778386e-07
1.438638634321680182e-09
1.579202148013504580e-07
-2.776324823433974624e-07
5.385574037169000089e-08
-1.575956334231996131e-08
1.100743093731382819e-07
-1.222463771421201238e-07
1.570812467265978269e-07
5.436743429988950606e-08
-1.739635931008942380e-07
4.877021701576357992e-08
-4.206161783557716749e-08
-4.193935266833370715e-08
-7.035560372089192790e-08
1.125122912347536779e-07
-6.523806287027564200e-08
5.468179736288560813e-08
3.640586343162252589e-07
4.502031036820652616e-07
8.504639732042564557e-08
7.608465288446695056e-08
2.819235070320130433e-08
-1.072975700416711632e-07
3.238809236394401261e-07
6.039711316221013903e-09
3.126667396477083428e-07
-2.094267843295174395e-07
3.837297386450210535e-08
5.064277298867681991e-08
5.185569566289689489e-08
3.636910537034807326e-08
2.103224634719441076e-07
1.252514535687163866e-07
2.207791491799764810e-07
5.444306086500119130e-07
8.252999840189883412e-08
3.498417459091472150e-08
3.301831822188886374e-08
1.206978943486510423e-07
1.645684337606529813e-07
3.367950338851876852e-07
2.311781336552403754e-07
-2.086660924618909176e-07
9.314094744399436169e-08
8.743360373782307340e-08
1.105196619683883378e-07
5.121232720403299584e-08
1.741834221554148369e-07
-4.329703244573198141e-08
5.598498665237879865e-07
3.150923663472074385e-07
6.694618307676040026e-08
9.612345128569228983e-08
1.718871800623176701e-07
1.401156035451389150e-07
1.536858537178823795e-07
2.415302234082788616e-07
1.437437566565455688e-07
6.396135676464368744e-07
6.808821208246949220e-08
9.603941570654832477e-08
8.192257023615437422e-08
1.608516225666252529e-07
2.186946293922400117e-07
3.552976158682849403e-07
4.260406570349185326e-07
5.861145741219943645e-07
1.164418710101636939e-07
1.188379485612314495e-07
1.578538806669717884e-07
1.535202617851245083e-07
2.476858130556155167e-07
5.840254254528825203e-07
4.832609903801935364e-07
4.053894971562819537e-07
8.490982094403053429e-08
1.174784414571414315e-07
1.001126509028492872e-07
2.286413660151647683e-07
3.339665809718434642e-07
1.768942630613607576e-07
8.537322146469738699e-07
7.664213122136045548e-07
1.129473307774105892e-07
1.372031155525170054e-07
1.836491887624035290e-07
3.012550864296462402e-07
5.257842466426575926e-07
4.800872511491999701e-07
3.392427562139076399e-07
1.178325710400819054e-06
2.056852892940400178e-07
2.185395332912398350e-07
3.558836166496453877e-07
4.319920017677470618e-07
6.275623029403537188e-07
5.647330088213654744e-07
9.510300191164820943e-07
6.720871855564158216e-07
