-5.395868139575727945e-08
-5.752979523805194985e-08
1.728571501097711542e-08
1.306869165268590168e-07
1.856021660704402028e-07
2.590068256197987418e-07
-1.447068919197722156e-06
-2.531356987452669289e-07
5.951557442209509102e-08
9.854988276369560016e-08
-7.140710376305595864e-08
-3.768596397070218174e-08
1.547296307663815581e-07
2.839189017150174636e-07
8.319612866925016852e-08
8.011004111280641575e-08
5.962961720698999612e-08
2.637648168311782316e-08
-6.530589982143935061e-08
1.438066373888714417e-07
3.185551485277317846e-08
-1.731157456569731812e-07
-2.765319723999335496e-07
7.406107831036129816e-07
3.839352645736812617e-08
7.262210881535308925e-08
1.136095356063114811e-07
1.664280676707975695e-07
3.336118955948810586e-07
2.773793745332570748e-07
2.240196803521828205e-07
-5.884315045553461258e-07
6.943550562817836591e-08
9.457964446491160528e-08
-3.207146262959428728e-08
7.508827725115529038e-08
-2.046863123544064375e-08
-1.508359138095569177e-07
3.635716687360909886e-07
-5.602875245927609237e-09
3.216982455677646114e-08
-2.790616561707376063e-09
4.852189866742360432e-08
-1.157275084781663688e-07
4.281000277950041145e-08
4.325848846259056871e-07
-5.384741290242416855e-08
4.884712419320047988e-08
2.660256954576496859e-08
4.186399425002139008e-08
6.684083137006307496e-08
3.253770825503537635e-08
1.472176002143825765e-07
-1.283413975703270911e-07
-2.226074373198685986e-07
-1.850628178840071981e-07
4.597632666154213412e-08
5.610425633064213614e-08
8.280674796244872064e-08
7.386287825620421140e-08
1.814052713326210033e-07
2.201526627742937986e-07
-2.693238527256565960e-08
4.866135928029958049e-07
5.131363041895768270e-08
7.212826280937224102e-08
3.791074488737877320e-08
1.492699589593172948e-07
2.235486081053182697e-07
2.808785753834096524e-07
9.598545249514952790e-08
2.165067102345845849e-07
8.138930255918591159e-08
9.636511963292372867e-08
8.991871457668270932e-08
3.005755197355027756e-08
2.551213663341061667e-07
2.944562816485277718e-07
2.484716287551585958e-07
4.804609381124430581e-07
7.886427936562720153e-08
9.969446481186523271e-08
2.515956718720777224e-07
2.667455825125388862e-07
2.666559487459768334e-07
2.029722097707326592e-07
2.835141837346250665e-07
9.730443722377742853e-08
7.726697597097836681e-08
8.257445203968993294e-08
1.631863595500253391e-07
2.000751210622060058e-07
1.825571210558604468e-07
3.554748381939745350e-07
5.146346211401196086e-07
6.504261765101338843e-07
1.183174336473468050e-07
2.024324774855057384e-07
1.579200308314230071e-07
4.675577189891799714e-07
2.987757970039748406e-07
3.752867701644156102e-07
6.632721556883443601e-07
-3.473412461992735590e-07
1.406475022851941636e-07
2.286515942109364407e-07
3.006089356379785896e-07
3.369139292633609422e-07
5.439599368504851768e-07
4.586705720965510364e-07
8.079093110543278743e-07
1.281795577112348861e-07
1.424671082748127417e-07
2.056570024235179101e-07
3.122005763959431967e-07
3.481967086405912490e-07
6.722183926896106138e-07
1.134493616749543086e-06
1.013276578910975947e-06
1.375950927913710756e-07
