-1.101242975278035069e-07
-6.561851804034704996e-08
9.315874163069752381e-08
1.090917274101695611e-07
9.132038143570327149e-08
4.619035642432230604e-07
-1.174735719847818601e-06
-9.427248536601451220e-07
1.762248817705863277e-08
1.063819478508329742e-07
1.725965414673991822e-07
-2.980356652284904712e-08
-3.847802237298362875e-08
-2.043587397870624222e-07
-7.808997863552572408e-07
3.736856593953471049e-07
-1.173852608123745217e-08
-7.638848180587199658e-08
2.528522770508221015e-09
1.501665938085691843e-08
1.222558116552715261e-07
7.943629551018875812e-08
-5.438987902501726745e-08
3.830938088430515425e-07
2.585130736641832636e-08
4.331998814660858148e-09
1.736348333980581927e-07
5.345405081004507595e-08
1.657754945655797071e-07
8.491550195942784734e-08
2.699226443953678549e-07
-2.824997195237570342e-07
5.337407121587020937e-08
6.311511413461104141e-08
4.213012890746691683e-08
-9.547016935469051853e-08
2.014379666813576332e-07
1.357284607061866516e-07
-3.962222803381784560e-08
4.294222444056596729e-07
2.080537555281959711e-09
-1.538265803752435002e-08
9.149754465809179615e-08
-2.025763176910810382e-07
-1.053564272777773026e-07
-6.823187385684292651e-08
2.939625877229126375e-07
2.469867116374744522e-07
5.558666776512722016e-08
1.601579926938805375e-08
2.471701333393664123e-08
1.458404261357115901e-07
3.024033103390649836e-08
2.399094783230988066e-07
6.333811610428797201e-08
2.859067612997673427e-07
1.540323582302908023e-08
7.242704004245493590e-10
8.005224558348295675e-08
1.168349694490016770e-07
4.037144552994609486e-09
2.698174259578357025e-07
9.839662713925012654e-08
1.578221323285469256e-07
3.659952450876037784e-08
1.808946903566930319e-08
1.685218377089750301e-08
6.819283384598953198e-08
2.206016775047146917e-07
3.190588763852867519e-07
5.705091291390454957e-07
6.753708894736294714e-07
8.524785321487639626e-08
5.998192481423799176e-08
8.303115834751566313e-08
1.025795190950201543e-07
2.152898618667197825e-07
2.534739540636082062e-07
3.408794740862123536e-07
6.218906976358622925e-07
8.277227649771351935e-08
8.381067760417150326e-08
1.365432336953989672e-07
2.510968870577998364e-07
2.966513758146208719e-07
2.601331464345214608e-07
2.994762040493293194e-07
9.103130785343406747e-07
9.213486325863637877e-08
1.246685152049081792e-07
1.311186426375877682e-07
1.893769727302433761e-07
1.044412573629620431e-07
4.079355483515221496e-07
3.397260163234796452e-07
4.465631307066792388e-07
1.395785307081362706e-07
7.335506328541909484e-08
1.462244134611169963e-07
3.877311902746105901e-07
3.119006627767386355e-07
5.326020397732410014e-07
5.634605886883327019e-07
7.306216106826161005e-07
1.394319701623805284e-07
1.417747840650478369e-07
2.694713668284702952e-07
3.242655660098747505e-07
2.967203756128375056e-07
7.946598873037964766e-07
8.760571552410468104e-07
3.493130264085789559e-07
1.655797192357567357e-07
1.453793979797217753e-07
1.796741257694276049e-07
3.926641507230214901e-07
4.967732480262419249e-07
6.453357953468787589e-07
5.967224577476574320e-07
1.758578445097199610e-06
