-5.877103591401088498e-08
1.560943497776133596e-08
3.320171351866582826e-07
2.316124887186424920e-07
9.810876561715682437e-08
1.370760999888182600e-07
1.626729130563255657e-07
-1.885310696751505229e-06
-6.420617560382555390e-08
-3.706699735456099644e-08
8.956982930945909571e-08
1.931150838366449376e-07
9.720223374677248687e-08
1.703607752534428229e-09
-1.324442589075427584e-07
-2.083659900920026190e-07
6.605974038396838664e-10
-6.063494088654635337e-09
2.779510132347889893e-08
1.397412376624318505e-07
2.880792151829210339e-07
-5.251206090174948224e-08
-2.760780006221118902e-07
1.156261245608910885e-07
6.017371331048868950e-09
4.543530544118034401e-08
5.421829818913158983e-08
-9.706488689860159623e-08
1.430106223058881492e-09
-1.988420047296458963e-07
3.204874673282992266e-07
-3.960544580090935880e-08
2.709831514754553598e-08
1.238160561491834063e-07
1.299810221383547899e-07
6.940665839297297929e-08
-1.328713255782519629e-07
1.987970025585347271e-07
-4.553872679929100623e-07
8.883181119948385881e-07
4.676174838165737379e-09
2.468820655355161042e-08
-3.534548590692721831e-08
6.780743733874707390e-08
2.661016229306877622e-07
3.980573954614076247e-07
-2.036869176813493383e-07
1.456399896677716711e-07
1.303985722293342079e-08
3.144885617351228354e-08
5.833824663992319583e-08
-4.211483900890732094e-09
1.979165334782782238e-07
2.482155672574332658e-07
1.826733095734227432e-07
2.831458466301501184e-07
-8.525194224970138477e-09
6.082783193553895953e-08
9.572305061966133788e-08
1.355330759004609607e-07
2.437299551240521788e-07
1.302980351504575503e-07
1.780350091305410901e-07
-4.979745799763549122e-07
4.831723323091082300e-08
7.744872129637418253e-08
2.977077832189129802e-08
1.723670476523656476e-07
1.129795262846078590e-07
1.769205858362579767e-07
-4.500093218061307481e-07
5.492123375358048121e-08
4.079767886781748377e-08
2.522453763974160208e-08
4.764324024413803223e-08
1.077242565122414224e-07
2.159159243659778182e-07
2.158034726846347962e-07
2.254912850010991763e-07
1.209010729843113933e-07
5.236760771799200401e-08
4.980346346950044116e-08
9.284886638076047732e-08
1.873796199650202911e-07
1.824578151257983114e-07
3.366250725713674326e-07
2.948526539287298162e-07
6.024549501111829288e-07
8.099758562758485415e-08
9.751652210370498217e-08
1.285575556530708520e-07
1.886739602703312266e-07
2.306386872835772151e-07
3.213838929044434836e-07
4.661919794885886678e-07
3.098631072087599960e-07
7.815626492907053000e-08
1.760275943820737482e-07
1.576958014414709292e-07
1.857791474603762135e-07
4.048481674027218117e-07
5.622724837151713304e-07
2.520663198306337486e-07
5.597736516211567341e-07
1.161451033054019529e-07
2.395584358337384970e-07
2.580506442080747731e-07
4.374810124194527161e-07
4.798290410034808203e-07
4.953248051239242330e-07
3.777992834009260003e-07
5.533344060995745866e-07
1.741082120959262045e-07
2.235257085287032605e-07
2.250359919425935877e-07
4.095720099499722419e-07
3.910188239737559405e-07
5.023611370077306596e-07
1.077118052041038614e-06
7.034591240005847432e-07
