-9.935618489460747804e-08
1.353000588344207714e-08
-6.346807438228615566e-09
-2.150663031509818119e-07
-1.380066559702572015e-07
-3.599265577107237718e-07
2.041222577169487231e-08
4.686950181948992519e-07
2.321792391386116189e-08
-1.202043539170331816e-08
-4.549564197374578789e-08
3.864982202027433727e-08
1.571105620831415074e-07
1.909764148714334339e-08
2.965693328043346783e-07
-2.645095614289173938e-07
-2.909423765387124445e-09
-5.614924847981278638e-08
2.944338486865288519e-08
1.014296626822333771e-07
1.099262322638619554e-07
-3.249699258601488787e-08
1.280979650855898657e-07
-6.308247257650113265e-08
5.930863950959519034e-08
2.031500797474897458e-08
1.700196763517843493e-07
1.506468219603158994e-07
-8.392469327351144201e-08
2.458192240305484593e-07
-5.639252510136626674e-07
-2.617513077438235189e-07
2.411237636860764739e-08
-4.414882827164477502e-08
9.914955955971391826e-08
7.235391702085547707e-08
4.112612092331104249e-08
2.826851522608867188e-07
6.798696132512141282e-07
-1.441827511498590656e-07
4.727788911844132765e-08
7.737394911245210945e-08
1.887744285720392384e-07
4.969432128849447984e-08
5.837270904311739082e-08
-1.093119526287382938e-08
1.073932334728449716e-07
3.488674134753782486e-07
5.618480792106907089e-08
4.404193467309254484e-08
1.249917182638932682e-07
1.217950856457832960e-07
-1.194614422964173555e-07
3.732685493223477425e-07
4.163871482729025963e-07
1.331328688993333433e-07
5.106867009619394475e-08
4.590883539842847743e-08
-1.167755218949904133e-08
6.662058154101103448e-08
1.245561770255638520e-07
2.527415245811118716e-07
-3.790653864862399091e-08
1.049710636599703375e-07
6.249804832323471796e-08
6.181881052779031060e-08
1.377876750766820003e-07
2.486210010937051277e-07
-2.181995695798403811e-08
3.981177882980475912e-07
3.710827481387179777e-07
1.494109727740981079e-07
8.660000948806364077e-08
1.037013353090118409e-07
1.656087578513848465e-07
1.015263294604937840e-07
2.265493228824682291e-07
3.224073602345365330e-07
2.288725568537739711e-07
-4.146919374372467735e-08
9.390545750587144516e-08
2.917991439065268677e-08
8.589955821546133876e-08
2.324833183260843318e-07
1.852737747242762963e-07
4.599792987126828956e-07
7.748089299416139898e-07
3.593559443919803920e-07
8.445360457120916426e-08
1.225230965031043202e-07
2.445992984627645404e-07
2.769873188423719428e-07
8.572976430579393368e-08
8.854305243323001339e-08
2.794345778762457252e-07
4.434484519815910756e-08
1.060832794518261583e-07
1.501543687507904902e-07
2.204769970275495996e-07
1.977973958837413545e-07
3.334586510489705742e-07
5.571130815984582611e-07
5.250548435139168575e-07
7.815779098367616932e-07
1.154107999702579098e-07
1.918449244593820693e-07
2.808830161227784247e-07
3.957569100365664711e-07
5.374313836698102054e-07
3.540086516895204557e-07
9.295374688547921108e-07
7.187350666004620116e-07
1.551811131311473335e-07
2.358124149341238298e-07
3.000436797425323586e-07
4.556340134441086483e-07
1.794138585965808247e-07
6.985742889072828027e-07
7.555229667156692453e-07
1.468548864030789025e-06
