1.494246568365672125e-08
7.062187428667515264e-08
2.195397872614047577e-07
-1.420518997443428397e-07
9.877335423281986403e-08
3.838816233984300360e-07
5.511877222175099572e-07
7.995043100071648364e-07
-4.149352200205526657e-08
-1.412446936513997229e-08
6.655748497495372620e-09
2.130671025681302871e-07
4.541712863623661901e-09
-1.608828789875276614e-07
4.138697214383642001e-07
1.417508268476565627e-06
4.780129974368652192e-08
3.254301983874464226e-08
1.459097550349246099e-09
7.327155353926250914e-08
-2.160666139678361484e-08
-2.086436190923915412e-07
-5.775149328537063344e-07
9.176696740973847739e-07
-1.156242181811372516e-08
2.624442735326346213e-08
1.959408248391693689e-08
1.530754681669143434e-07
4.905069008859487584e-07
-3.182233625792950637e-09
6.775327958537417728e-09
3.547103458705489761e-07
2.431745948267432937e-09
-1.674975203192718124e-08
1.291525123343743244e-07
1.489716664705874162e-07
-1.312120956439338731e-07
2.114787819327890612e-07
7.341299815765434118e-08
2.486013321951484009e-07
3.144485756453648638e-08
2.156407385952483085e-08
-4.423342108150033390e-08
3.855017301121334309e-08
9.083862241947186709e-08
3.731962092674329639e-07
5.292073267961841300e-07
-9.686851336618447585e-07
3.961106908570808289e-08
2.663618756583521525e-08
-3.410509010368142085e-09
6.913363509677032625e-08
9.615928523765637094e-08
1.140693790874506847e-07
3.286887602831631297e-07
2.839703043516009531e-07
4.830830317590357584e-08
2.568818751393756982e-08
-7.486657902243405087e-08
5.262845752149370431e-08
-7.122856472541403969e-08
1.595364277337544870e-09
5.459803843934221732e-07
2.984085654516770029e-07
7.213158712210489247e-08
4.412163206059254633e-08
1.986881954437257315e-08
2.149401437721810761e-08
1.917000800227650709e-07
-5.567045078761486918e-08
6.403833174925656295e-08
5.376933141030355727e-07
2.942725408901932229e-08
7.754760136471059832e-08
1.635464475354869842e-07
1.476977373511137672e-07
1.779544232424537636e-07
4.559927805390719061e-07
1.204528988420100425e-07
4.501544615090371817e-07
4.762910583312007996e-08
8.695614041086649270e-08
1.347969049925974470e-07
1.353627204242877857e-07
7.738474183760357921e-08
4.569778535197302582e-07
4.439466016508799756e-07
5.561719459708984376e-07
7.395073119396353228e-08
5.142196817500495300e-08
1.780183194171876474e-07
2.199780069828827464e-07
3.322087930383883246e-07
5.603720079760173864e-07
6.673847983552315084e-07
4.470060859527672395e-07
9.032482748659000543e-08
1.083388797651516613e-07
1.337933872083263637e-07
3.539594269113725212e-07
5.482785704593973030e-07
3.500524654434387244e-07
6.859140020413108995e-07
7.820774215050632349e-07
1.052817516454572105e-07
7.718924907273792913e-08
1.851507641586205039e-07
2.585727050975924203e-07
3.565623496930868885e-07
5.338464126032734751e-07
7.555468394874037028e-07
8.953878426049024181e-07
1.342920398435507732e-07
2.094825088619969084e-07
3.688142829232864533e-07
4.092880613696081088e-07
5.374407144077296022e-07
5.597052506682204822e-07
1.064361796601725257e-06
9.334699872084155398e-07
