1.604585431380652629e-07
-3.916711211362882656e-08
3.117797804850322010e-08
1.908464009277714749e-07
7.470759057707661653e-08
-2.975256708773021535e-07
-3.519648011910601743e-07
3.909581904229258272e-07
2.826290429803092696e-08
-4.945283957999227579e-08
-3.104018231995374264e-08
6.720197493779203139e-08
7.620822903260293350e-08
7.900162270651755336e-08
-1.156525687309542333e-07
-3.177034772349269232e-07
3.628235825484669220e-08
1.542831799909044183e-08
7.289576051072316363e-09
-1.235786585200660018e-07
1.282346311561867821e-07
-2.492843157512790508e-08
3.416365525286647283e-07
1.619151130255381134e-07
-3.856688058282660436e-09
-4.562342487703842151e-08
1.416766370298184834e-07
3.247838737445399168e-08
4.680551394539300314e-08
-1.980730848626896001e-07
-6.020497742381831983e-08
7.662093297381080352e-08
5.879352327914426758e-08
-4.064833293349308199e-08
-2.604489733605620863e-08
9.419934094480556116e-08
8.634901761315802832e-08
-5.312540487893665893e-08
-2.227969924181190777e-07
3.505634878277607576e-07
1.024645820083067798e-08
5.910098413245733393e-08
-2.588816634918493182e-08
4.227712226993572319e-08
1.296345823115297463e-07
7.907973978016429874e-08
-2.517640212307569745e-07
4.585639825815398834e-07
4.568728093568835279e-08
5.859377033288467743e-08
5.769478630817566574e-08
7.848268674507371326e-08
1.490042776861363400e-07
3.202008086633284298e-07
1.387996838083683685e-07
3.840323420298431980e-07
8.232278430248284988e-08
-7.933644369791465847e-09
3.862443559448302512e-08
1.778869076194993208e-07
2.820701992727662260e-07
1.987407374038750417e-07
3.503044077125656781e-07
-2.440917325048227363e-07
4.408219398926973326e-08
1.049995563325716756e-07
1.036353416729866760e-07
1.527698091430154047e-07
1.266921821483123512e-07
1.697751631610485503e-07
-2.095246986170172939e-07
7.717345995095617823e-07
5.533551335063688560e-08
5.392647976877084155e-08
9.208223050034754090e-08
1.604064853756110161e-07
8.624747394737883604e-08
3.072192146178340126e-07
1.468758479315191620e-08
3.343603384309867148e-07
8.339533657744321954e-08
9.039561917845434914e-08
1.154307770218355910e-07
2.832540675732537219e-07
2.225216670775223566e-07
2.535798303472557055e-07
4.450249648811114167e-07
3.752540087398928704e-07
7.859075137326047575e-08
1.119659307363720060e-07
1.914447629790407440e-07
2.468666901823989599e-07
2.585530644731353391e-07
5.395438198894926003e-07
5.699959006143889942e-07
8.064582948161284624e-07
1.853191208003643487e-07
1.798056201200038826e-07
2.803136862715762102e-07
3.158825238608620709e-07
1.262205792480309510e-07
4.898544716832123033e-07
7.894148340258106143e-07
1.080741426412138504e-06
1.657002193684127536e-07
2.252797868022289617e-07
3.209944125582790793e-07
3.039879031281016375e-07
5.133540916948594993e-07
1.032024705272387340e-06
7.676305776339782479e-07
4.933742684202976962e-07
2.400249207193931368e-07
3.109861584368122376e-07
3.948262096348132975e-07
4.628047590951266108e-07
3.977054950811225116e-07
7.830141148098978742e-07
7.411737876156297780e-07
1.283003003721134445e-06
