-8.445694565847647695e-08
-7.319616567446835967e-08
-1.990957340663198734e-08
1.023038212940285087e-07
1.772219825513276420e-07
-1.386628807204211792e-07
8.213467753535757262e-07
3.200338330417461465e-07
1.814976157780942142e-08
-3.945055032419928225e-08
-1.363145637913762550e-07
-5.589646364923025825e-08
-1.652618212396856281e-07
-1.150718186329898668e-07
-3.493027264957975800e-07
-3.949074712198323848e-07
4.719502244356258745e-08
2.493056821451504249e-08
-1.699494245419605894e-08
-4.558301250561349674e-08
1.179233949443359395e-07
-1.646592559170901332e-07
1.843666597080468377e-07
3.182265086194264031e-07
6.008950159203634580e-08
3.436175285080070922e-08
1.129542751140765032e-07
1.715404588311070403e-07
-8.232155855014871877e-08
4.599486416823913213e-07
1.850350309736180691e-08
1.185419181409834036e-08
1.049743554025184887e-07
8.623706915101514046e-08
1.436625996311913055e-07
3.152173357788106179e-08
3.879090848739257502e-08
-2.045633358742166708e-07
-1.285959748231796331e-07
6.200808641933630257e-08
1.465396204415596604e-08
3.221323846161799596e-08
1.071252059486668595e-07
1.367876726534136382e-08
5.539371076271861911e-08
-2.899088589184687612e-07
-3.179406094716184018e-07
-8.626589344700758840e-07
5.883200810986897734e-08
5.566523359748201342e-08
7.187833465295191490e-08
1.670150838477604959e-07
-2.402512666923822910e-08
8.211489573959436911e-08
1.657829751776711808e-07
2.183718994594475806e-07
6.835118549570694483e-08
3.899717473887908641e-08
-3.239758278916461162e-08
6.282880642006307797e-08
2.580802091424920209e-07
5.951075978716243037e-08
3.927997285760566679e-07
2.533242933288294165e-07
3.337110537400238041e-08
-1.952024231284223203e-08
5.014890465451304264e-08
1.130242020501964678e-07
1.356277044096189528e-07
3.728634979423481864e-07
4.541258508734703126e-08
4.517404891776594110e-07
4.838019231983248289e-08
7.637416904640631181e-08
6.987260368313311312e-08
1.500682138342334019e-07
1.559922295111927167e-07
2.390494619218825655e-07
-1.774910634224821682e-07
4.336260717830647948e-07
6.453054572104022533e-08
1.238477850616249814e-07
1.444547107143788914e-07
2.678636440600776130e-07
2.790670901958194084e-07
3.416029160521168037e-07
-3.415626972815277438e-08
2.922626354879820079e-07
9.912962852296871842e-08
1.036833333816178628e-07
2.118543817971180812e-07
2.260416464721523045e-07
2.631527569013353980e-07
4.285189604093755376e-07
3.471369639977556491e-07
9.048794611858789886e-07
1.049327563717120501e-07
1.253412997460502979e-07
2.069485657513457191e-07
3.931768546317298781e-07
4.468719938762110690e-07
4.453482631870689731e-07
6.286085586101698440e-07
9.060012628091383989e-07
1.262828702997414795e-07
2.057476292419260577e-07
2.612028860596741294e-07
3.463006144408348310e-07
4.545069935714456518e-07
7.475412258483564154e-07
4.553908348462353710e-07
9.134658693259362497e-07
2.079537808285404775e-07
2.551433849722877197e-07
2.992168105642998850e-07
3.933177204840619837e-07
6.551563697771018100e-07
9.274052851215469119e-07
6.535328991229688391e-07
3.476204722862088364e-07
