-9.527502059861103249e-09
-1.986741447181200407e-08
-7.697865779340736463e-09
-3.224342306096598529e-07
-1.324081071440798754e-07
2.427759759584776725e-07
-3.279092487748162429e-07
-1.878185491304876765e-07
2.378363799860822908e-08
2.547634021074745368e-08
6.449208751990381097e-08
-4.061263467116762263e-08
-4.592701666149207096e-08
-1.750328146026503795e-07
-6.504238979890469395e-07
8.981251721557959270e-08
3.929880722738177416e-08
7.204455120450392246e-08
-9.410737024662296892e-09
-1.512569366294254667e-07
1.360766398841739347e-07
-2.894284384897473992e-08
4.686939429711008833e-07
-2.285287157630714346e-07
2.470186564269655052e-08
6.352101312418712775e-09
6.202014451957158652e-08
-8.325574180963392934e-08
6.760078635932103992e-08
1.399636764090924929e-07
2.987827425182163187e-07
6.477888814506167333e-07
7.113923437449777147e-09
1.132283069447944011e-08
3.403551840176562679e-08
-2.457915679314700081e-07
-2.993501340815628276e-08
1.327740188225574347e-07
3.007424965906114373e-07
-2.155290719034191794e-07
4.199419315390821322e-08
2.460704109178694499e-08
3.503259655270706076e-08
-7.980349916652899376e-08
-2.060981278442966150e-07
3.917288003630402162e-08
-1.168272231884295791e-08
4.319969079803517580e-07
6.302203367503214145e-08
4.588387731547868476e-08
3.942684620962858107e-08
8.289156683444206653e-08
2.642468991928498422e-07
-1.048920052118804764e-08
6.710006404785960404e-08
1.863736398652565030e-07
8.441721561524989188e-08
-3.302506370335186989e-10
-1.820173520604298593e-08
-1.514137729100498975e-07
1.747345714116643269e-07
1.202020987206253151e-07
7.434553069119782264e-08
2.092164230063579729e-07
9.587842406610238121e-08
6.871371117754853444e-08
6.031749549775407313e-08
1.197959397084421442e-07
1.996987245487697750e-07
3.194900482067163522e-07
-2.758847451635257587e-08
2.196855990709139165e-07
1.657652961874318385e-08
9.886064461207731687e-08
9.795864236046173524e-08
1.489304317938699559e-07
3.668041359493277864e-07
3.802360853103301160e-07
4.046245569563813431e-07
2.891473191648253398e-07
6.143683270265240503e-08
8.947193937864401566e-08
1.474507168404853992e-07
1.631377508961160791e-07
2.336854308924919507e-07
3.480710309728217836e-07
3.645013885254191634e-07
3.618343899887273096e-07
8.371490354164837133e-08
1.028905124526481548e-07
2.189771863585943917e-07
1.574129282090139940e-07
2.977338934263519628e-07
3.635221999129988126e-07
2.421001493430599789e-07
3.347807524501325903e-07
8.085422306198007970e-08
1.538805356771753994e-07
2.563004068970527599e-07
1.299435313939842016e-07
4.061270386613285438e-07
3.020455043770321832e-07
7.523213846486113969e-07
1.219439974150292951e-06
1.185476278373362537e-07
1.339016342972962289e-07
2.097093332202270895e-07
2.326506890371416205e-07
4.674379934856477508e-07
6.314188283468518482e-07
4.186544817364144767e-07
7.044141429610526175e-07
1.597437225460758694e-07
2.742303750329353127e-07
3.421857986531392965e-07
2.105547592348662165e-07
5.051614756136329744e-07
9.116585893026687104e-07
3.828018364566848573e-07
1.442222919760404513e-06
