6.181376049704084234e-08
1.957186558665562887e-07
7.907086905443248955e-08
-5.825015609372454526e-08
-3.173826731148557838e-08
-4.849822274881324325e-08
1.457470495786055081e-06
4.288640820326875054e-07
2.816540575652523466e-08
5.897440737889046662e-08
-4.034648417704409184e-08
-3.068413085323132302e-08
-7.603842683007624016e-08
6.861995080182369425e-09
6.251717450028446107e-07
4.946720346128596660e-07
8.250658479865605871e-09
4.758010495452706628e-08
-3.161714857247382692e-08
-2.101307631687011744e-08
-6.875694039645474266e-08
-2.185593469653928608e-07
1.272797816470335777e-07
6.540419084333207062e-08
3.582915429553567047e-08
5.164494103532275748e-08
4.234170745934642272e-08
6.187970782374407230e-08
-9.619394149233717799e-08
-1.689565405736768278e-07
5.861568492198773195e-07
3.797136173502857587e-07
-1.398478294995031155e-08
9.589506312612270918e-09
-3.479119977119555058e-09
1.645854046332740426e-07
-2.290263070314427538e-08
-1.713043647999609508e-07
2.117777303117897893e-07
2.305084581806604104e-07
5.966885118190080713e-08
4.130185697966129527e-08
-3.309599380003738397e-08
7.052901507399617352e-08
1.793733526637762910e-07
-2.904106707074777176e-08
9.922593213292961462e-08
4.130734982988049167e-07
-9.045129468924511024e-09
3.930791774294449655e-08
1.136621242064877882e-07
7.215694760550029319e-08
1.502847489023979699e-07
-2.298395942030290941e-08
1.117461822438397936e-07
4.605778411600925777e-07
5.293325398460723734e-09
7.782120855952600249e-08
1.350664503456233150e-08
6.357427895253381249e-08
1.272553928177152075e-07
4.068364810665709154e-07
2.922025202212051078e-07
-5.438789424018117281e-07
2.179486778365540922e-08
8.616650142801392377e-08
1.787118670440263239e-07
1.355342672016627326e-07
1.760415861696374748e-07
2.053998869227103744e-07
4.765661212502632390e-07
3.315608377563104820e-07
1.810531165432515528e-08
1.505651321203339087e-08
8.526195947182383092e-08
1.033039294962474510e-07
2.207752560306554116e-07
-1.917273925207852898e-08
8.832739822322633026e-08
2.934853983204806844e-07
5.905419576210374608e-08
1.056873753879617585e-07
1.723481468245160614e-07
1.339421695351844536e-07
3.582270674231617260e-07
2.760946244324519012e-07
2.243762386825235450e-07
1.334074922263876434e-07
8.133907025627222738e-08
9.546413808045964448e-08
1.101070679964883765e-07
1.653924006110667187e-07
3.021707755428818032e-07
1.327157843654066445e-07
4.542011474620047068e-07
1.461720203086425668e-07
7.734859446799577139e-08
1.593973730600639642e-07
1.839488848415159348e-07
1.689723293666652781e-07
2.275444007868527496e-07
1.692499741763556165e-07
5.432397248628433903e-07
1.291875765470126091e-06
1.079529805686241570e-07
2.034547937805857086e-07
2.721190463392155306e-07
2.261228804300878949e-07
4.845684662183773209e-07
3.762450530106459854e-07
6.251518674222807112e-07
4.347972066811579873e-07
1.830999570969876229e-07
2.639708151983728852e-07
2.246150443182704899e-07
2.950937154605725310e-07
5.122182160499402723e-07
7.787412548620670341e-07
8.828595751669649632e-07
6.001979485552535579e-07
