-1.438561346888482515e-08
-7.004321877668080993e-08
-1.843939212918428011e-07
-1.576316945670826753e-07
-1.189873832047904296e-07
1.327094897037719896e-07
4.266300559905351949e-07
1.074094374711630432e-06
7.313946272358050150e-08
6.511595493023865541e-09
-8.739635063520067077e-08
4.841266786124350108e-08
1.200373340226334867e-09
-2.839561582392493752e-07
7.964559270116528390e-08
8.050890666367513716e-07
3.669641535442960418e-08
7.280221555702425968e-09
-4.878673888851547387e-08
-9.815215198582363293e-08
1.378756493962233322e-07
2.136410357465673173e-07
4.622912152095263770e-08
-4.642041010863464208e-07
6.344155401466787435e-08
-5.113502651356991562e-08
-1.834534629636667140e-08
1.459226898100275990e-07
1.939024793997823278e-08
7.387433130572129564e-08
-3.971905665843386623e-08
7.261673001666038598e-07
3.169839639255624566e-08
-4.703495773580110356e-08
-1.197554942742731011e-08
-6.942649742182953344e-08
8.038611369318995518e-08
1.837987293120742942e-07
2.297857851743299731e-07
1.744052974756686340e-07
1.644797036046053505e-09
-9.745082283867122966e-09
-1.652788384605447854e-08
8.379813127364056382e-08
6.787272838355534614e-08
1.658549863759500686e-07
2.581252498037547718e-07
-2.858290775348888648e-07
3.608454547204453874e-08
2.866745427199478667e-08
8.267257240433893078e-08
8.801689945649447473e-08
1.252928751440503725e-07
1.926705166890322750e-07
3.269414378236868791e-07
-1.033869564358948515e-07
3.644995462698527946e-08
1.259265935587160139e-08
3.206934070670500221e-08
8.015118564759591334e-08
5.739128669243407467e-08
-1.152975510795413075e-07
2.991526944828882493e-07
3.925877164080125646e-07
5.311389535285516996e-08
3.123823689607260860e-08
1.149110956964237291e-07
8.739117294953156385e-08
9.943145223050098211e-08
8.524105152387459338e-08
5.591586686359091095e-07
1.662782744268803224e-07
5.715847631493904662e-08
9.720842429757115345e-08
1.195941058325681813e-07
6.677525338486677578e-08
1.000501133618030151e-07
4.398268239704121946e-07
2.442755162878670598e-07
2.379614863772627955e-07
7.492525646147644685e-08
7.572437236313556763e-08
1.510643002555372786e-07
7.370184726400007381e-08
2.322688211460909349e-07
1.391938767944387350e-07
1.965427470995514089e-07
-3.891154571154744837e-08
7.616761286821332994e-08
1.051392290951852575e-07
1.401842312206756382e-07
2.078813764166250081e-07
3.838743627722026187e-07
6.692553708461107255e-07
6.893749179308715079e-07
4.163568281335971453e-07
1.376286287259126836e-07
2.305699758751171399e-07
1.878541901320042451e-07
2.562251991729870113e-07
3.682408893304320686e-07
5.788157554669808553e-07
9.048460192072736913e-07
1.153962812945658156e-06
1.578882164003830841e-07
1.843656125101112922e-07
1.344605663864339430e-07
2.681454147885400444e-07
4.328760284432462931e-07
5.656068902715437694e-07
6.454231929352560379e-07
6.886534186832756176e-07
1.825501275195855088e-07
2.834397352753380060e-07
3.063677310422204477e-07
5.115004160072933982e-07
5.615881066074197142e-07
7.611994412582580136e-07
6.696586119852259686e-07
1.561143900929090086e-07
