4.228759835792443136e-09
8.805451024097057608e-08
1.095540066779366148e-08
4.616247273007408165e-07
8.176228359315300413e-07
3.978424789585025460e-07
6.022278091461780937e-07
-2.027578155716104450e-06
1.479177451686487129e-08
3.457747237032186893e-08
3.813293321710388479e-08
-1.906482209823794336e-08
1.047098105316943219e-07
-1.196414808506969470e-07
8.827825341922308465e-08
6.214714357204703264e-08
1.672450062172578182e-08
2.500739263140383546e-08
4.948577006620789028e-08
-1.366706216404806229e-07
1.647374128448796244e-08
-1.543509785677887929e-07
2.191568597821455116e-07
3.649494768186514679e-07
-5.724040404874244621e-09
3.439451238121594063e-08
8.219830866603575565e-08
4.600705222880714359e-08
-1.449619997121726703e-07
-2.263314367811520583e-08
8.781899356295568476e-07
3.772930608002216664e-07
3.765829021255795362e-08
7.384640446249518422e-09
-4.919415967075860611e-08
3.556359427191705416e-08
-5.127763084187701684e-09
-4.330998732208830279e-08
-1.610981322693501047e-07
2.113643151943211541e-07
-1.866935118515311988e-08
-8.163669059328047674e-08
-1.494707018748790126e-08
5.457568971880653404e-08
-1.146068802614113114e-07
3.200830203538358257e-07
3.887272665374799882e-07
-1.451905355146409401e-07
1.977285537032082381e-08
4.187581870903367654e-09
4.795924457480841435e-08
6.505790262727067375e-08
1.622118131606477991e-07
-2.352531077298922479e-08
-1.419624120060138511e-07
-3.821669173241848407e-07
3.719996787484623525e-08
1.337677731573466742e-08
6.740759757584837216e-08
1.495839037208052024e-07
2.194025242329019425e-07
8.419441131472515144e-08
1.835258554249416349e-07
3.290889173540487932e-08
3.311088874777901801e-08
2.836803894117731606e-08
8.654548294829956084e-08
1.341180957932481128e-07
7.934834127295633719e-08
4.509797755290527654e-08
1.362977342235192448e-07
5.216559772258621745e-07
7.553124108311909552e-08
5.317443545707174331e-08
9.657750354144639929e-08
2.235163805707430056e-07
1.719973185084051001e-07
9.509181512840207456e-08
2.157355208780511345e-07
-2.987069365347700247e-07
1.120546056726478717e-07
8.212074536636667038e-08
1.299419410871105467e-07
1.444229590769993770e-07
2.350200531762695712e-07
5.938117459864118732e-07
1.531138446161521413e-07
5.844554063924089687e-07
1.163905773631557550e-07
1.043897600016973614e-07
1.346855571911206763e-07
1.911693043921411031e-07
4.151696826507479799e-07
3.678406305541417118e-07
3.906488643142860455e-07
5.809007699609374421e-07
1.428943999812581560e-07
1.970229501893890834e-07
1.108316043460313842e-07
2.576054704235699100e-07
4.856852324068791242e-07
4.793054234878748728e-07
-2.584122429807064749e-08
-2.677576095116110424e-07
1.708491016809938887e-07
2.073462032194128251e-07
2.356381137132229125e-07
4.351551008809822925e-07
6.063597833144233334e-07
7.611330376538308652e-07
3.088756546027138720e-07
8.504093977869421396e-07
1.804436921986594997e-07
2.230642922199075592e-07
2.272412957053508855e-07
2.181310163967062808e-07
4.407923027236545030e-07
5.990689997060914282e-07
9.818837800774492009e-07
8.447070612634621116e-07
