1.315046573808415626e-07
8.392447040500389546e-08
2.094107157583154245e-07
-2.322260761188277529e-07
1.326272783194691331e-07
-4.569019206650636929e-07
-5.323813842971459319e-07
-6.399278582500374017e-07
9.511996194360742352e-09
1.548865403607365702e-08
2.922347481917019740e-08
-3.841788084583042692e-08
-1.945864383579051495e-08
6.558503808649657615e-08
8.471454432510309182e-07
-3.072901620539200522e-07
2.367001889055149365e-08
-7.862192456984448885e-10
6.470056855272449347e-08
-1.169102259018142488e-08
9.381177155684350577e-08
2.081749084860379939e-07
3.983614177355025640e-07
-4.306546392463941565e-07
1.919472446924732802e-08
3.073681302421846777e-08
9.952287188760629438e-08
2.148157794095474197e-07
6.827594051907353219e-08
6.371330624840016190e-09
1.976877645087761704e-07
-3.084558227241368134e-07
4.778542363261599305e-08
5.387732333586655677e-08
9.118912050822696353e-08
9.254095036582385379e-08
4.788701610904485349e-08
-1.114328709128723493e-07
5.735476149742920486e-07
4.538643445852968522e-07
7.139595362690770685e-08
3.475623146419799819e-08
7.140383524660671315e-08
2.117367011047435245e-07
5.324774757532334848e-07
3.125679150869145862e-07
3.001873557680811954e-07
-3.367513265406119365e-07
4.198990204221013594e-08
1.498769666198176248e-08
8.515212510944777135e-08
9.495139639084489898e-08
6.775161135559613276e-08
3.461971636572444641e-07
2.018097688382234711e-08
2.625225706414430719e-07
3.091513527987650987e-08
4.418168860169400783e-08
1.375847136251511732e-07
8.368187932743782319e-08
4.935386223438954974e-08
2.187575509660015715e-07
6.380329042252919198e-07
-2.148044560545551244e-07
2.881085376780406799e-08
9.199032284094740787e-08
1.577693164134727503e-07
1.890064876380757275e-07
1.022140838724477750e-07
5.073827622873082236e-07
2.536540218679307054e-07
1.015977441679978069e-07
4.324991820189674886e-08
1.390020307757270064e-08
2.610839882448222936e-08
2.342102929116550277e-07
1.428202408904496606e-07
4.601946873131668761e-07
-9.007612464101615639e-08
5.436472716993940735e-07
7.871246372956595063e-08
1.098939538027669851e-07
1.936647874300815107e-07
1.229189456663437758e-07
2.243605215912585268e-07
2.468440886123093823e-07
6.783642988370368148e-07
6.459744969397906358e-08
3.316297252089774217e-08
8.751585264258919076e-08
1.130576517820105526e-07
1.981643964919647634e-07
2.920721150954530329e-07
2.243073684403309607e-07
5.060330023016302024e-07
4.829619871329252374e-07
8.667330499211620699e-08
1.341184224508972429e-07
2.568177323229656402e-07
2.972621221752362650e-07
3.218699106055328433e-07
9.267226974317508172e-08
6.912506711837012743e-07
4.109740125724901156e-07
1.155789382126941741e-07
1.261294743222542700e-07
2.304351309587443972e-07
2.226909157888669844e-07
2.364719540276160468e-07
6.154921836366882947e-07
6.988077120525376493e-07
2.791209612935393399e-07
6.668317183279318574e-08
2.142744572073203337e-07
3.567546527188747470e-07
2.857276177909557560e-07
4.711360512647179567e-07
5.677077217512445695e-07
2.721538110012854443e-07
1.204315786523689277e-06
