-2.268375404600844824e-08
-1.681066227349609755e-07
-5.660274805023396368e-08
-2.914005587205386231e-07
-1.995774411236236374e-07
-2.820999940990141244e-07
-1.206667206660546859e-06
5.236896240631615649e-07
2.277833174151231587e-09
-6.801225713245678189e-08
-3.621550485147543543e-08
1.807288131329421783e-07
-9.173244976368726567e-08
-2.322218682924986324e-07
-3.581798675513453019e-08
2.008686349387311916e-07
-1.336605550317939263e-08
-4.850511945430938841e-08
2.754378813613023532e-08
-3.986101060533127380e-08
2.018091913407350789e-08
2.455522843275359926e-07
1.419111253638516410e-07
2.916584516624859069e-07
1.104081637232423121e-08
2.330659822361845410e-09
-9.136247646863596061e-11
5.147447990134839109e-08
-6.417463157594496471e-08
1.481465481056311342e-07
3.269548578029995582e-07
8.431004461253388026e-07
-1.544974371401215708e-08
-6.749194517481377527e-08
3.645178269577424162e-08
-5.593976245576237624e-08
-1.307625832917678180e-07
8.733384538268724881e-08
-3.153474888657463615e-07
-3.691046390142364892e-07
3.012418556543687871e-08
4.070831117078567771e-08
1.454028063790851547e-07
1.185772856859442794e-07
1.606560301014478216e-07
-5.076319772651002144e-07
4.020073994075679807e-07
2.576688254137747243e-09
2.051204647338798693e-08
5.163072042695032963e-08
4.244193839755575146e-08
1.423462229958137890e-07
1.106550780054001119e-07
-5.437512196069256394e-08
3.980831848971927934e-07
2.125595003626810370e-07
1.027947382842053064e-08
5.338211134710252140e-08
8.897989628580130422e-08
1.300427212821364199e-07
1.692506270439252574e-07
4.614638499827086634e-07
5.344662222777630684e-07
-2.448366739270086490e-07
4.118081668348552710e-08
6.598084224784390132e-08
1.438766277889351514e-07
9.754674099133812865e-08
3.621378371596987193e-07
5.018540720810303067e-07
3.223581371648214424e-07
8.652048508976330636e-08
3.227066475505111530e-08
9.368449491855160404e-08
1.037846480986997527e-07
1.024492552703972077e-07
2.773678270013315957e-07
9.747662885909784019e-08
6.227259542460082314e-07
-3.201337317684835885e-07
7.567926505150777641e-08
1.410845281857706084e-07
1.854718653875911012e-07
1.340148898527885034e-07
2.513944277026084248e-07
9.278757016768507309e-08
3.709510784587135142e-07
2.752079076603948144e-07
5.691255803727073962e-08
1.003672285522673953e-07
1.171500451168941379e-07
1.580070603163646875e-07
2.279175487014249310e-07
5.086769633887475389e-07
1.766910707378721515e-07
1.039836882895686246e-06
9.592433664875968054e-08
1.257809432159730312e-07
1.714221029051853432e-07
2.529631835059258597e-07
3.306162868894174759e-07
6.001799252280045513e-07
1.096870986111360088e-06
1.681271513205717412e-06
1.206158438749940201e-07
2.157748821977472600e-07
2.642083879091702057e-07
2.204976230256448249e-07
4.640037180494092448e-07
6.990932743668876227e-07
8.061368353322737648e-07
1.412613662322781853e-06
1.611746668538023469e-07
2.522137683016462896e-07
2.452656509316263609e-07
3.763511179961862184e-07
5.276837101754863097e-07
7.314673278272254685e-07
1.165065260623701965e-06
8.016679327151812779e-08
