3.562093776997697194e-08
6.003411045115932315e-08
-2.540019972063669939e-07
-2.052912825269179932e-07
-4.471272039364648822e-07
4.647027481530753058e-07
2.472189065084480055e-07
-1.092906004630945122e-07
3.656788344117772538e-08
1.390994044038289432e-07
-2.336018664586475157e-09
-8.913534139859131479e-08
2.351409182426953291e-08
1.494357593145984275e-07
4.369132608985008195e-07
3.770293802121095531e-07
-1.382012898887360228e-08
5.058945424679701169e-09
-7.145313081042103310e-09
9.678397261988873346e-08
9.249400572121694888e-08
1.079282254077286473e-07
-1.770084452046759748e-07
2.784380653420330348e-07
-2.026430407714523922e-08
3.936750059047182745e-08
-5.386628401928777924e-08
9.996078093168356735e-08
2.273010238732189004e-07
1.730845335296319319e-07
1.985252773253114587e-07
-6.232053421108492141e-08
-1.801884094053224176e-08
-2.618765491269480719e-09
1.020197999040492182e-07
1.016381910588757030e-07
-5.782629357995163548e-09
3.574394791327611045e-07
-1.457779351084475333e-08
7.342588163613798356e-07
4.096171974202814507e-08
4.224328503051131592e-08
-2.631452036078649758e-08
-7.667505508387274354e-08
1.045221264203485786e-07
1.165130294495872131e-07
-2.521340117736767308e-07
-2.141042325120686237e-07
6.566667103237006486e-08
5.860729752138261603e-08
9.250738362183063868e-08
4.736325697544449289e-08
2.858802211385515852e-07
-6.240076793894486879e-08
-2.079041220649247041e-07
7.655611183903258183e-08
5.120917620509176526e-08
6.160470221847860188e-08
3.576072998467274529e-08
1.618390227400652571e-09
1.408176479759797646e-07
2.744729789179532144e-07
1.976616406119672534e-07
5.992371790156993274e-07
8.220490225747843075e-08
7.068254282204772983e-08
5.851711318555651016e-08
1.148422532042175209e-07
2.526993821189760621e-07
7.432699741171757282e-08
-5.214798269465946151e-08
3.044746783660010323e-07
6.096069522057347193e-08
8.538670165556940432e-08
3.559765540230069852e-08
1.382330785837515321e-07
1.930506276518417182e-07
9.465973630046158887e-08
2.746264945771087517e-07
3.152231067065145525e-07
1.007177261650647260e-07
1.276080105054239741e-07
1.811138014912897329e-07
2.948208980327778100e-07
1.897969071108636117e-07
1.443770203383911607e-07
2.230826311180861847e-07
3.473721909625939397e-07
7.392316923326837104e-08
9.318034052910044781e-08
1.276125332917006697e-07
2.329580923660555619e-07
1.823993203734952213e-07
2.611099361971458791e-07
3.905389813618993377e-07
1.531001225150893978e-07
1.991184548733562455e-07
2.193848006549745969e-07
3.582091830392780597e-07
1.759898805381048554e-07
4.100329989584386337e-07
3.970898575275487706e-07
9.620616334460843112e-07
1.096200833654151409e-06
1.508382585092978295e-07
1.729837337926261880e-07
3.409187588598497793e-07
3.912908476222468744e-07
2.962860563487393478e-07
3.300254619001400041e-07
5.100200805441634883e-07
4.544213351402352387e-07
1.592973881596890618e-07
1.874120300452358348e-07
3.346942371170085542e-07
3.303837119329566439e-07
5.265101169230649721e-07
5.994538602069719289e-07
1.073832159430742589e-06
6.547520972521737190e-07
