2.387296656150011986e-08
3.506258131409715767e-08
-1.087146085827871212e-07
-8.366721521259778187e-08
-1.697605933991647395e-07
8.196249992204158717e-07
7.034970647086496378e-07
-1.347062118308454248e-06
-4.294271859986999939e-09
1.876329814363763667e-08
5.315742575866617940e-08
2.344800631612199791e-08
-1.313977752718650455e-07
4.018975046217256019e-08
-8.740118047210305050e-07
-6.959651740611228185e-08
-1.383062649266117581e-08
-1.649999663024933765e-10
1.764080117385569456e-08
5.137192734128293334e-08
-1.628174296838784031e-07
1.986893785030031651e-07
2.721926103863806060e-08
4.426926525193952437e-07
-3.711896854579809334e-08
7.435008198634403594e-08
1.070568033296409805e-07
6.413166100780446490e-08
-2.006842754434427291e-09
2.267487153053072947e-07
-1.212333655525245793e-07
1.506041708659507112e-07
-4.875399829603335675e-09
1.100174080235761358e-08
6.008352982593705830e-08
-8.185575300197013832e-08
-5.103718363888517956e-08
4.203759961164908965e-07
-2.812688475652637082e-07
7.200342484825410384e-07
1.230090291211415363e-08
8.551328598292616961e-09
1.188729193019639824e-07
1.496293178557512004e-07
3.240997746840610929e-08
-3.993152212114448150e-08
3.988970323759523298e-07
4.841403509466448608e-07
2.991029929056032629e-08
7.066818384273802369e-09
1.106372690909074104e-07
8.216612008478423391e-08
2.156594418467909049e-07
1.503727079282478842e-07
2.460346396771618991e-07
-1.293237959013082225e-07
2.249053691110380682e-08
4.541893486096842270e-08
1.590752558036144208e-07
9.775120111543244651e-08
1.206250115243681570e-07
2.692638038458824598e-07
2.346794479375238991e-07
6.127748747450778140e-07
3.877127621830298795e-08
-2.652090615749688884e-08
1.189300086577081889e-07
1.817559476221353462e-07
1.250107107404816424e-07
2.093929024119762217e-07
-5.235723375100314954e-08
-5.239155503820023829e-07
7.820980849564731312e-08
8.269407229539861998e-08
1.933205606952244001e-07
1.595413790638701330e-07
2.542577194429374427e-07
2.197488696805636224e-07
1.882408255480451648e-07
4.173809483191083275e-07
7.682718308102149969e-08
8.718960113001797955e-08
1.317795139754710806e-07
2.035507315018400992e-07
3.350346018813777152e-07
3.313558196992942526e-07
8.599397581655680795e-07
6.087695940869733702e-07
1.182311340732668988e-07
1.594964474924246631e-07
1.743469190037923949e-07
2.250366557535473481e-07
3.702500570347796675e-07
6.369900786929072624e-07
4.311801818881459100e-07
1.272974523323975430e-07
1.078022124942879056e-07
1.345656460593995900e-07
2.752639995908799588e-07
4.452625858992874800e-07
3.242378663527297565e-07
4.012273503077991958e-07
8.133706737409336429e-07
6.867287783746752006e-07
1.596695120235126847e-07
1.724750981905056234e-07
2.868803208067385656e-07
4.166235799605219623e-07
4.515042935820765365e-07
5.995328971184345251e-07
4.561106581738870535e-07
1.301751521769646725e-07
2.255527186803560448e-07
1.881733938290628751e-07
3.025858310965698850e-07
4.152570978918868674e-07
7.823437828370442160e-07
9.372929880883429790e-07
1.434022199802470023e-06
1.004852983101398231e-06
