8.555605503034257597e-08
-1.611481704048398631e-08
1.753552932629481717e-07
1.640606291015608716e-07
1.467301789821678705e-07
4.131832341802084597e-07
3.270165021345601729e-07
1.269430027753641898e-06
5.750366281282632378e-08
5.332128422574724668e-08
1.287177361596148325e-07
1.214626411277010712e-07
1.474284366712275616e-07
1.119398322650846067e-07
-7.028239243588592026e-07
2.449825945023399307e-07
2.800004983819392187e-08
3.825616721378323339e-08
1.110402862886833460e-07
5.321571587043497536e-08
4.536168634731943975e-08
1.323628887259088731e-07
3.342066991832037664e-07
5.423519729385119125e-07
-1.881724345636353489e-08
1.067573841020122783e-07
1.460316236560689748e-07
-3.440384271811361698e-08
1.097085267867663092e-07
-9.564971899734961997e-08
-2.514588101306168225e-08
3.561137448565192989e-07
-3.481590803088616571e-08
2.720942347316886489e-09
-3.572387188386640463e-09
-8.754674178295119558e-08
1.180470029113592023e-08
3.185191845786839899e-07
6.268484085256330984e-07
-2.922033000687276601e-07
1.860778079428774202e-08
2.189974579391886519e-08
6.198815736725680932e-08
-5.378451596671570081e-08
-6.923383880490461656e-08
7.980674373614700586e-08
-4.115649411860157318e-08
6.489263440489287529e-07
4.519950006470686567e-08
8.549204262828248223e-08
1.054913217742413060e-07
1.109116463750415131e-07
1.526886024459011031e-07
1.744205300980235889e-07
1.354137802842943203e-07
4.488058567680514222e-07
3.665240509792748045e-08
1.377519215338783613e-07
1.044825656452801219e-07
5.288892665241172971e-08
1.083761379536399295e-07
3.904074894610477195e-07
4.134990776986659453e-07
6.003741918528985226e-07
2.308337130967674249e-08
9.662720590219468229e-09
8.641394106641433780e-08
4.672415151688958784e-08
9.796947117934114432e-08
-1.013376351842706711e-07
2.398691383008742950e-07
3.764203344421876993e-07
6.818556017810897082e-08
1.268876222851990073e-07
2.181651642691453090e-07
4.617217980280670905e-08
9.328742763487436225e-08
1.039995975400404921e-07
4.038683198776444726e-07
1.859319761603159598e-07
7.239128774121276217e-08
1.475659740820853253e-07
1.713972432055505085e-07
5.509721429849813196e-08
2.328445570371296620e-07
1.629404582379720758e-07
1.314635867496775203e-07
1.470537530396477512e-07
8.930462249771758872e-08
1.578352700254755848e-07
1.840617502304187602e-07
2.019259016088761239e-07
2.228953103222798349e-07
2.565830391794580097e-07
2.536497729798760542e-07
1.073841041812541557e-07
1.484063031339167556e-07
1.957709848485513148e-07
2.954698424724890011e-07
2.476826631631824625e-07
3.633558646562664874e-07
7.415026897458182567e-07
3.974532662965931303e-08
2.967830608278067525e-07
1.245327536383448854e-07
1.742678681461800263e-07
2.848430781020693727e-07
4.178209881186323666e-07
4.119967395457225353e-07
4.202088029643762040e-07
8.795497907565058680e-07
5.756477325429818694e-07
2.186105816352879586e-07
1.907572761204712866e-07
2.010817501582844579e-07
2.874955377518793938e-07
2.216082978143662219e-07
2.782348668712193841e-07
5.828289280268709167e-08
4.307068075270359515e-07
