-4.965265716108581540e-08
-1.967421087628850783e-08
-3.654054923518509152e-08
3.429116981070369165e-07
2.685864890277390262e-07
-4.600832495272377304e-07
1.553187114921748201e-07
4.012766819473775340e-07
1.229607362865384746e-08
3.284222923624099697e-08
9.775517065701590094e-08
-5.472697233479322205e-08
1.138186499135177467e-07
-1.252522894727804707e-08
5.491147732802740712e-07
1.373458869994156580e-07
3.250075077794584382e-08
2.969388650753026811e-08
5.256007341397388209e-08
8.552210609953931219e-09
2.616840583749914395e-07
3.566234971218830709e-07
-2.201766244342404528e-07
-4.741992437549194159e-08
3.699089135323115386e-08
3.083954885763378136e-08
-3.459394943847723829e-08
2.823476780616277661e-08
1.229320899363552025e-08
1.398227263174748104e-07
1.831727379950043562e-07
2.394218912307825833e-07
1.890876555256356638e-08
-2.511120546127674068e-08
3.648173334982158268e-08
-7.192076420320402807e-08
3.693807885726035526e-09
8.968587138557681750e-08
1.480417226475619495e-07
3.773534428923837988e-07
-2.507049733815957562e-08
3.705692692788010642e-08
1.819955065383232319e-07
9.434563503750382901e-08
3.259397729230269292e-07
4.404005842945332085e-07
-3.514135913853590138e-07
-3.781779874974869270e-07
2.752742703926816889e-08
4.940619511510592617e-08
3.175380631646380962e-09
5.084376026774031665e-08
1.300467647915881729e-07
6.792502956705823084e-08
3.157216843404399503e-08
-3.417307403121300672e-08
3.019569891216961303e-08
4.410411126852663777e-08
2.224693778223752453e-08
2.817798429687811041e-07
3.583085612191391279e-07
-6.283797714422670128e-10
1.300282788777519014e-07
7.174312766479726433e-07
3.136165519853167744e-08
5.632648707300158484e-08
1.823828624346281712e-07
1.618396223025829102e-07
4.051548859960392614e-07
3.507434446065315759e-07
2.580981372524174925e-07
5.400284541234080442e-07
4.729206319438807372e-08
2.906663493554147854e-08
1.091228012685883870e-07
1.261998267722443676e-07
1.583542387089841589e-07
2.249662287917738255e-07
1.907188641702037649e-07
1.916188743114432246e-07
7.234647914116277405e-08
7.747220348159156944e-08
1.283778719154645754e-07
2.465662527793412240e-07
2.843543713514790236e-07
4.363637493791209011e-07
7.455155053571631099e-08
3.086623788251927415e-07
4.691904518627708619e-08
7.202886065429491238e-08
1.046412300023336330e-07
2.766689159514796636e-07
3.341849995203640179e-07
1.403254215986724574e-07
3.931098203301918524e-07
4.974243269495458898e-07
1.251812165232646390e-07
1.188987670076174202e-07
5.977958349554113372e-08
3.395054671075841643e-07
4.715237647850149138e-07
4.347802919823370668e-07
1.466917669877205132e-07
3.822530383060759186e-07
1.232001847150220126e-07
1.699587897883524856e-07
1.636500236599468648e-07
4.041332320761023411e-07
3.832799238883368283e-07
3.072537627980574922e-07
2.930717694621383450e-07
3.475810527741433773e-07
1.312565390462476985e-07
2.587904720319486218e-07
3.520987449425533619e-07
5.400805507855507293e-07
7.587539429360832621e-07
8.522452275928973564e-07
1.793535944885887628e-07
3.880478085074615945e-07
