-8.123765942436407211e-08
-1.618396450578806809e-07
3.202190109840109334e-08
8.893597814231350878e-08
2.345713740284783296e-07
-9.217734456035112175e-09
-6.168990501099950831e-08
9.396674209966446490e-08
-2.044620293268292847e-08
3.830423697024425156e-08
-3.026600428987308671e-08
-1.174192302431781841e-08
2.926630890144320750e-07
-5.949956909227965538e-09
-3.443926904424239887e-07
5.108045431017021444e-08
2.304396466673922779e-08
1.888322073919521908e-08
-8.129148411133262612e-10
8.983547759859162586e-09
-1.744553772347746107e-07
-1.727367911095251748e-07
1.830093884871218311e-08
1.881235038531295410e-07
1.344965653055573355e-08
4.701701337859122014e-08
1.002301160432474530e-07
9.424241402083293156e-08
-9.879961320802656401e-08
-1.994753520351390138e-07
6.079324888179972572e-08
-3.628945940560981758e-07
-1.214850756343847498e-08
9.961012970501806132e-09
-6.898263114902963814e-08
5.351539389180380936e-08
1.028411333986250277e-07
-7.977241702626065360e-09
-1.521426358540533290e-07
-2.055847033500134746e-07
2.007670433023155061e-08
6.420039929109819564e-08
1.399098713845776233e-07
-1.237797428366317312e-07
-1.615728745834504619e-07
-1.714455060951986617e-07
-3.736654024753148481e-07
-3.757532162819407456e-08
4.012894960605660191e-08
2.349179776188948755e-08
6.668067964923549449e-08
-2.887380364686914665e-08
1.280813314366405115e-07
1.574854809027703931e-07
-2.114661675919659351e-07
-6.272088275913563129e-07
4.352097981358680544e-08
1.039413506175478228e-07
7.252676784517172475e-08
4.429491196572095944e-08
3.704676375437709712e-07
2.371743640488036300e-07
4.541413656057733376e-07
3.803140093977163592e-07
2.770492506385383831e-08
-4.059757888977320584e-09
8.473491013167799679e-08
2.114844622906973910e-08
1.109263619204668485e-07
4.004114821021591079e-07
2.782741374200360565e-07
-4.369533732422406877e-08
5.073822961190479116e-08
1.021573805964330434e-07
2.361711684669478547e-08
1.812797111630122615e-07
8.651476176319235298e-08
2.763507631929836701e-08
3.801155031238181489e-07
1.752124581955127947e-07
7.318168739905997480e-08
1.099076299661886435e-07
1.220692349467263507e-07
2.232676779913118584e-07
-2.214958366052486110e-08
1.497649104564673349e-07
2.088039536171192571e-07
-1.028228683076400814e-07
8.444011637318914186e-08
1.017890194849204217e-07
1.721920204626991101e-07
2.981750612146581247e-07
1.687628310529084667e-07
1.669215334370200490e-07
4.479147394759166620e-07
6.018760828983257308e-07
9.495461332682707174e-08
1.691455681361445777e-07
1.779443479224879755e-07
2.879682502308799081e-07
3.873000287961732009e-07
7.266002786461325187e-07
7.223538762146121401e-07
3.364419952097354669e-07
1.299022343938852189e-07
1.667096711280285663e-07
1.580845227374787007e-07
3.704361832131070818e-07
4.128391542225802321e-07
6.538214324912936354e-07
5.844430907243125870e-07
7.685312518344149079e-07
1.857181148644301957e-07
2.124349073391669106e-07
2.804165702768266899e-07
2.631547491546228394e-07
4.905058642351826101e-07
8.468869011626003786e-07
3.915152994554022298e-07
2.673606667036078366e-07
