-3.431705180287559296e-08
9.495097867253967412e-08
2.458219059882375502e-08
-1.037284833062176497e-07
1.653724847502654041e-07
-1.228128247480042602e-07
-2.834212216053567803e-07
-1.298429560599750366e-06
-1.341043017808767336e-08
1.333141442695750032e-08
1.376728796005657115e-07
8.063423220097653354e-09
-1.185071244569128818e-07
9.799618262657828731e-08
6.606124656533819512e-08
-7.482479893601714365e-07
1.683921494010594807e-08
-1.039609889207656530e-08
-2.142523907005730266e-10
1.546473875609867538e-08
1.777238156147038017e-07
-2.658156965799800143e-08
-2.731145895855498518e-08
3.198388952505076110e-08
2.717071718261322411e-08
-4.886951918388151139e-10
7.152496441305441434e-08
-2.515128121991532119e-09
3.206470758283524362e-08
1.299507154013286791e-07
1.676433664741910852e-07
2.681572409701210098e-08
5.277298151748163956e-08
3.987100614127746775e-08
4.110096834479691243e-08
-3.715684499933051312e-08
1.227586185935839721e-07
-2.646320382480261651e-07
4.237561029152947226e-07
4.047085519242284201e-07
5.146349105954949661e-08
2.612636549472286648e-08
3.836226222411307309e-08
-4.127481916999899227e-08
1.888439350987396589e-07
5.937992943676744667e-07
-7.935928780452478237e-08
2.040359642815765056e-07
3.187156928962526829e-08
3.427694828252785919e-08
2.411800886955250983e-08
2.981175291930601650e-08
8.144709652408414505e-09
2.723368653190077209e-07
-1.137008527855172714e-08
3.147087150716618868e-07
5.899558330433521606e-08
7.039249486476123228e-08
-3.249450864338808448e-08
1.345993832261508480e-07
1.605959024834490635e-07
1.340221719827644371e-07
-5.637056929532313969e-08
2.635147253306209368e-09
2.653036136845456014e-08
4.471243647529907546e-08
7.753544874338276593e-08
2.037658630072725776e-07
2.630760188228758374e-07
1.492161468085445686e-07
2.182312756149868772e-07
2.974255870476931065e-07
1.900166940285441254e-08
9.576030122867225246e-08
1.030121141497979350e-07
1.143279114704813912e-07
1.786652627670253546e-07
1.579929551271652412e-07
3.594984901999461885e-07
3.682632737041330937e-07
5.283297705965278827e-08
1.300477400168197027e-07
1.499070345948564004e-07
2.494674348857904543e-07
1.700504141333380574e-07
4.829522263347033700e-07
6.877719114305312506e-07
-2.059070704396207219e-07
8.166210277352031404e-08
1.167651296380581981e-07
1.292097167930835717e-07
3.071019720641015976e-07
1.421282024201751723e-07
2.072325320253926547e-07
4.567174499896813823e-07
3.376270977877645605e-07
1.540272765249984078e-07
1.709186927802164650e-07
1.008589027230488092e-07
3.827343425886189853e-07
9.506136442224309550e-08
5.736270348805877567e-07
5.682103586199041384e-07
8.355152335435391090e-07
1.337988146924854923e-07
1.871577332606766378e-07
2.213222500277409197e-07
4.242517009130608891e-07
4.002776929124023713e-07
5.282734313796715701e-07
3.806597104150887891e-07
8.063728379629749839e-07
1.618930300292311158e-07
2.113953789336524317e-07
3.139329084455733372e-07
2.228898732895144273e-07
3.536463498665040488e-07
6.835634902271229068e-07
4.714740161272459833e-07
6.027851473842528814e-07
