3.842162859846229996e-08
5.219639502929891251e-08
-1.274336500380354875e-07
-1.608415515738092197e-08
7.259464811696953537e-08
1.712150110840975355e-07
7.240597746994876037e-07
6.837686736434904981e-08
4.290611695264139011e-08
-6.018827493043613311e-09
-4.458961945094829594e-08
6.740706700342499844e-08
3.262004148499136159e-07
2.595408459466491583e-07
1.497087441709857287e-07
1.617108612836086370e-07
-5.853291373655501648e-09
1.622006628835853000e-08
-5.033589842955382219e-09
-1.809355285646231577e-08
4.657544696075332268e-08
2.533963617749325637e-07
-7.505029439316588828e-08
-1.193611745645319498e-07
4.438750382949267887e-08
-2.369619149243326515e-08
6.790163184006913832e-08
4.487331011439006618e-08
2.290251240223765202e-07
3.041700450555538811e-07
2.569270791375277670e-07
-5.327177516985812278e-07
-3.715672532688775719e-08
4.613075031950373706e-08
3.242255110649627889e-08
-2.152240640212749159e-09
1.261431333854190751e-07
1.995728319295106419e-07
-2.296014991315936913e-07
-4.032798862058807864e-07
4.033629713624512720e-09
3.999353172275031757e-10
3.907146263892650899e-08
9.485077768720850257e-09
1.115096434808668503e-07
5.385171681130762825e-07
2.870771655853313582e-07
1.970711664419453677e-07
3.952043982859396990e-09
1.673482226313747213e-08
3.608895413418010878e-08
5.165170381807147417e-08
-9.975953737895383461e-08
1.674679489305293237e-07
-1.177375026537915772e-08
-5.482203961733610971e-08
1.473815404794135557e-08
5.766882826612029838e-08
8.299239982514610335e-08
1.824609782966582629e-07
-7.991397561742229870e-08
3.987776289712444524e-07
3.924553240984693140e-07
6.685097769046220590e-08
1.785624329169094198e-08
4.726782381938394225e-08
-1.598247021890419194e-08
1.279774692927668953e-07
1.826767104976449280e-07
1.793709798249058809e-07
4.308184920150299361e-08
4.075537337415893712e-07
2.906606090208735874e-08
3.552998809983017555e-08
3.571608868358538208e-08
1.053481762943000900e-07
1.789294559949360269e-07
2.110573830181851041e-07
2.522177713837377207e-07
6.693140647143246701e-07
5.462705818591981640e-08
9.792422453932882931e-08
1.594017908082876943e-07
1.160481582415489798e-07
9.540061911138598671e-08
4.711126977144093234e-07
6.876225415784022897e-07
4.459894342484106728e-07
7.974875784318174016e-08
7.358603889398455278e-08
7.769702755011730300e-08
2.371694691308660659e-07
2.372550189671336976e-07
2.381330376332202659e-07
6.019173437893388095e-07
2.871241091459042002e-07
1.510134832457857560e-07
1.065044796258156577e-07
2.488743885248673144e-07
1.075733237484779774e-07
3.121256509707717813e-07
2.962454998977654566e-07
5.938332212058260965e-07
8.204498111327333126e-07
1.500871163849429206e-07
1.734871135001709006e-07
2.475754284670839135e-07
2.366100267993635352e-07
4.007149502229754966e-07
5.786383427707491794e-07
8.424152465279046110e-07
7.208024459858853883e-07
1.373487733589412675e-07
2.442296253230472224e-07
3.056877091342159511e-07
3.817085828702312071e-07
9.204863432363294199e-07
1.206963676212809401e-06
9.391658597427515168e-07
3.966710147702272190e-07
