9.795729809930895248e-08
1.136728340558689911e-07
1.202393948450102545e-07
5.060872950317447919e-08
1.995261903798667917e-08
-4.247208891650674014e-07
2.559775604689475453e-07
7.663960859055382208e-07
3.820500074518649016e-08
2.145985035831036204e-08
2.671107860191203990e-08
4.559263551848945006e-08
-8.086438387146353641e-08
-1.861995085457232920e-07
-6.983124391558371389e-08
-9.885943984711388158e-08
2.144527455743111447e-08
2.846908638462301294e-08
-5.537915377350717366e-08
2.166598982137483703e-08
1.670298398474863274e-07
5.425788353788699902e-08
2.881536763634059764e-07
4.653345307863320449e-07
5.553487326072066187e-08
3.660765273337804742e-08
1.062811280714754575e-07
3.045541374742837069e-08
1.326666351845305800e-07
-4.625410631326965547e-08
-1.746908779654685246e-07
-9.532024947468168329e-08
-1.615796332433354402e-08
-2.460445200880580578e-08
-5.538318524560422723e-08
1.042345216802961952e-07
7.052890165269524729e-08
2.682755598329296912e-07
3.960814345911946900e-07
1.280192457992564957e-07
4.341631412624972209e-08
-6.630203340265771256e-08
5.164745151158991460e-08
5.345375741030014779e-08
-4.359061550744051399e-08
1.607525759073632697e-07
2.182897418201215902e-07
6.585370137558264348e-09
1.254671540652604977e-08
1.979861092901425749e-08
5.153917994848935257e-08
9.586151174982959161e-08
1.069112914228204842e-07
2.459009019158750580e-07
1.750581009082926700e-07
4.139162007782209664e-07
6.100119688730802820e-08
2.828088024730612682e-08
6.859299865345710997e-08
1.243687809710764386e-07
9.807932855470156125e-08
8.360378723108901792e-09
-5.178290316489592730e-08
2.031821864330554267e-07
3.397636336847748292e-08
3.937369267759890879e-08
2.662155369492043947e-08
3.678909056790200923e-08
9.703841085998400504e-08
3.076869853743629328e-07
2.341247004715973301e-08
3.192982486831038067e-07
4.039303670657061977e-08
9.859420911163340339e-08
1.130990247187280825e-07
4.273289121293261282e-08
2.177859633514296687e-07
-1.040673906349512894e-07
5.828466071323392977e-07
-8.429192132214055556e-08
7.232395883249848341e-08
8.357756393836070007e-08
1.348113020892780524e-07
8.088993437552527149e-08
1.787840029574412852e-07
4.124136297432782475e-07
4.579004962520938300e-07
5.274599949652848523e-07
5.109508001936480863e-08
1.291746516864117520e-07
1.277146930723414053e-07
1.646283489675164509e-07
3.080810830628125233e-07
3.006782716024309992e-07
6.924712827036342376e-07
-1.025529821873546810e-07
1.953105668615807199e-07
1.497051862588384879e-07
1.701358128226850532e-07
2.725613109186915516e-07
3.173383396424994429e-07
3.330858170462787503e-07
4.280771949273228211e-08
3.600923118584674777e-07
1.452724838684553474e-07
1.819947486238508253e-07
2.176735543850426929e-07
1.689146116637579329e-07
2.332506467952026190e-07
2.802968480134118565e-07
6.315395998120699455e-07
5.963662905937510654e-07
1.679813706070972522e-07
1.960027848001992471e-07
3.165568270490226685e-07
3.303056183968696481e-07
3.924607555243687634e-07
5.962937358479883448e-07
6.582154809153188796e-07
1.904761642714524111e-07
