2.504416781942749773e-08
-5.439711791079680160e-08
-7.106978911760169974e-08
1.495178902212718467e-07
6.368791326786732349e-08
2.076253905006951445e-07
1.560267103963070010e-06
4.705448741817584229e-07
3.244161085580207920e-09
2.366873897111221057e-08
-5.640991303282009374e-08
4.912998301981940141e-08
3.359475551484927227e-09
9.860389604990968991e-08
7.267179043417409007e-08
-4.497738076868407290e-07
4.142847306131228867e-08
1.023586519845507793e-08
-6.029134302261556182e-08
-6.075765302131299577e-08
-5.621087809306497274e-08
2.251100696722302493e-07
3.336979751263441127e-07
2.946544763153984805e-07
5.296824822993312984e-08
9.932310669837455171e-09
6.805851488423587648e-08
9.816310111312050833e-08
-3.107938364431650283e-07
-2.706929132604891832e-07
2.360443174780164042e-07
-3.926381822649552115e-07
3.393549366922282560e-08
5.395648162898952217e-08
-6.297561150090979393e-09
3.196420755672588170e-08
-2.590426683392162861e-08
-4.103013911869781603e-08
9.123516629166929707e-07
1.346200684241880704e-07
1.981911286207047830e-08
-2.198119887626080544e-09
2.124061186127030699e-08
9.773258513809914904e-09
2.682522845395319394e-07
3.840888548559137359e-07
7.668538890900246072e-07
-1.145310144146205030e-07
3.462283875412623079e-09
-1.086210257230155067e-08
4.774418071140004796e-08
1.004515808140860161e-07
2.987084199718634104e-07
2.958333601648862212e-07
1.108606166813578416e-08
-2.904692122023231169e-08
-1.404421321408440928e-09
4.361023219376312698e-08
7.317310628480789695e-08
1.692578698040973175e-07
1.817082347842477716e-07
-9.906220600187490419e-08
2.188336189599057024e-07
-4.841660539385620069e-07
4.177541699930112414e-08
1.883303689205404428e-08
3.498176149687355863e-08
7.540948611580254602e-08
1.052330155933945443e-07
2.406314623384687153e-07
2.437976725414270846e-07
-1.994440087496860165e-08
2.655990569459142562e-08
1.056657081034860130e-07
7.667021963574297207e-08
2.616594008239609567e-07
3.281716239851157994e-07
3.161491594434053385e-08
4.898153111653281379e-07
5.037849354020753534e-07
9.721755244766327219e-08
1.648088513491202653e-07
1.595094478864540287e-07
2.379615176381755519e-07
2.653604824744785715e-07
4.194427301822946251e-07
2.688799855029193618e-07
2.626765025809161960e-07
8.281373963017334445e-08
1.255245838438376777e-07
1.272241386853483594e-07
2.974203121294610906e-07
1.758367470413159083e-07
2.520003432631806079e-07
6.666577841513173244e-08
1.888594320549068620e-07
1.309400829709270134e-07
1.381840370364652882e-07
4.417493377682320681e-07
3.247208165788416241e-07
1.723884642823573317e-07
3.579377688449979415e-07
5.399593538757155553e-07
5.713518120062931895e-07
1.439273068466013978e-07
2.362593201811691980e-07
2.742158917979336768e-07
4.190210207159144674e-07
2.008423481708750116e-07
5.027735651256200779e-07
7.956813105247279401e-07
6.398714808566716465e-07
1.715501638562259082e-07
2.588399627224490929e-07
3.264517534341866746e-07
6.142027793613375881e-07
5.120533956457789409e-07
5.903932324582541477e-07
1.009103006752459709e-06
1.060593018561694373e-06
