-1.364290142819656229e-08
3.774935685739364952e-09
-2.536905385562315248e-08
1.701496784261359444e-07
2.157911882690062789e-07
-6.498082736892713158e-09
1.649923164049801973e-07
-1.491201746585359687e-06
1.076463069068555473e-08
7.444765491220147338e-08
1.346156748313756767e-07
8.331420816397789002e-10
2.467252800215680105e-08
2.254337655826358215e-07
1.317999464281848609e-07
2.635650388220461339e-08
-2.296714613377230711e-08
4.774664379817379657e-08
2.543724132962915349e-08
2.042893983721260565e-07
5.688368021002636439e-08
-1.989345036144358715e-07
8.517489280437475207e-08
-6.404384668845539957e-07
2.830406229485295288e-08
1.779569767998898617e-08
6.476551570315394557e-08
1.474558456025694057e-07
2.499708406627574198e-07
6.259110643721337802e-07
-1.544272663128488091e-08
3.780271759492308873e-07
-2.254313355602478404e-08
2.392326312263476650e-08
-7.215767183043487444e-08
1.511726444982282923e-08
-1.971197941242620906e-07
1.254847450250374897e-07
2.639357147342786576e-07
-4.159488334122752521e-07
2.341522818096832592e-08
4.513664195464327907e-08
4.419325447809803827e-08
4.378351826008250743e-08
1.167071760525177010e-07
1.902215701312936500e-08
7.956644532002766778e-08
3.565901178569570431e-07
5.541033781868781958e-08
1.446141485385018857e-08
3.964214288348484220e-08
5.622914361003076225e-08
9.093154475081645989e-08
4.035990377050565023e-07
1.967810090714460908e-07
5.259896414441054441e-07
3.540935210698778131e-08
7.304761456979796123e-08
1.590138499490331364e-07
9.280730602628982820e-08
1.751738532070501103e-07
3.205873026286788063e-07
4.202784828619079587e-07
6.094587380839592630e-07
5.770174222701057375e-08
3.919735786433289526e-08
6.094600240072571801e-08
7.735795875800137051e-08
2.831032243533157950e-07
9.926188572317146376e-08
2.722885949263980221e-07
1.851383068351400205e-07
4.150700089970759926e-08
6.788449798198905621e-08
1.033929587468622863e-07
5.508894792283836350e-08
1.722568701592200489e-07
3.359509498761466231e-07
2.586514915579514670e-07
6.031107489677406667e-07
8.463272761432267870e-08
8.246420524862760135e-08
2.055814229525681060e-07
1.005213128674468226e-07
6.474853525813882317e-08
2.283280001424355564e-07
4.214692513352323050e-07
-2.977666238068048952e-08
4.092172733991494684e-08
9.200755420202475210e-08
6.841875323422724431e-08
8.733599748280785121e-08
1.367185970234522136e-07
3.175515415948173591e-07
7.518444312869414841e-08
5.803446172783561361e-07
1.085573629617844845e-07
1.551844063026107381e-07
1.690880985338398911e-07
2.568113266346350688e-07
3.577633978061005396e-07
7.070080738698771352e-07
4.221325849174880214e-07
1.161039558597623577e-06
1.486444556039557204e-07
2.036220516887629301e-07
2.128851071989353039e-07
2.885428213981126098e-07
3.258582386684899909e-07
5.962239570552739641e-07
5.715798362694147911e-07
6.016816863669257259e-07
1.594824266226360343e-07
2.256718850635145179e-07
2.940887368603937562e-07
3.401716652017736368e-07
3.656557274252376092e-07
6.452888930160676172e-07
9.796106366156065519e-07
1.101857990530294780e-06
