-6.266666109764931061e-09
-7.685174262613915176e-08
6.323445382248042453e-08
-4.595716622084711126e-08
-1.293116330840237416e-08
7.446862265079112908e-07
1.747521868736071122e-08
4.861444690094051852e-07
3.139493779954601109e-08
3.611731794262300116e-08
3.713817952489613870e-08
-6.663942791877616720e-08
2.903073846828451364e-08
4.094142916353465091e-07
-2.898257948369660512e-07
-1.459040239534020591e-07
-3.406186150511749983e-08
3.278512861071577086e-08
2.050989614355758867e-08
4.625608313951836096e-08
5.701429751713405119e-08
3.574779969795449308e-07
6.140274286329791855e-07
8.973139194117672875e-08
-2.895378340946771358e-08
7.907320433073453093e-08
9.882268933088733380e-09
6.429451594350587919e-08
-4.894120494931984540e-08
-6.842903487862601995e-08
3.696322389518608189e-08
8.413370834122423013e-07
-2.020804654019268078e-08
-9.461846097868246903e-08
3.987218086012795661e-09
-1.056360751885528572e-07
8.058731980162816767e-08
2.112527491428929314e-07
-8.289688101737419046e-08
2.305962523517282310e-07
4.595955887982734386e-09
7.162676291809985888e-09
1.023516771107625630e-07
2.198478284425561422e-07
-2.200760744449620726e-08
-4.185088196825732527e-07
-5.308733496884399647e-07
-2.271999213136470898e-07
3.344433672209794944e-08
5.421776357126634643e-08
3.775489200709432601e-08
5.820427473476105704e-08
2.097128564378312514e-07
1.636099090486244902e-07
2.413196630114657967e-07
7.459824239587720662e-07
3.397387784814471193e-08
6.790836483541755656e-08
-3.397710869204305225e-08
1.756306575491626074e-07
3.139996313213744819e-07
9.843548797451295501e-08
5.335336943462686504e-07
3.233422273927538391e-07
4.766203293918638364e-08
1.161096047081318043e-07
1.119526693992543931e-07
1.472337873357913641e-07
2.411841942609481531e-07
-3.502928592310771957e-08
2.858929066054595024e-08
-1.532959208523405609e-07
2.251110456665251053e-08
6.590705029452019013e-08
1.100850821754913854e-07
4.791886401326035718e-08
2.042023419607486132e-07
1.715111193314672207e-07
1.967874911791622995e-07
2.916567587938398585e-07
6.727277757745115396e-08
7.395784198072067201e-08
1.120511182965069601e-07
1.936060233353296210e-07
3.180727243186713940e-07
1.181940968550116902e-07
2.848053676643249721e-07
-6.506571382930486491e-08
2.628840556006941811e-08
1.309531081373902159e-07
1.439642044706465019e-07
1.763423048969716765e-07
1.097685900518001180e-07
3.874537753440683045e-07
5.219922889430944433e-07
1.988813385968355623e-07
8.882393152119619696e-08
1.397553883063586625e-07
2.127466421475376190e-07
3.215297626800846375e-07
4.674214941518883656e-07
6.448380899978238160e-07
7.756316470710810560e-07
3.083795185388157741e-07
1.319392455169041223e-07
8.076241373151903566e-08
2.623078462687551294e-07
3.070245897512432910e-07
5.221314345761263382e-07
5.993072962031954974e-07
5.821558045100197056e-07
7.646118877065121714e-07
1.490353218279670137e-07
1.735687008503957021e-07
3.950651098509610585e-07
2.752908580218087832e-07
5.408523928771909967e-07
7.823913988064042135e-07
1.265478436297205773e-06
8.784437953285215948e-07
