1.934646820375816642e-08
-3.789560792066697169e-08
8.600369088877991318e-08
1.096360781650968675e-07
-4.880495532967287696e-07
7.323084887823302630e-07
-3.834827096216826342e-08
5.697255448639376496e-07
7.816324878999847625e-09
5.971704483136909000e-08
8.792231168924556001e-09
1.631212916979485762e-07
4.092623630828764784e-08
3.369378525767478590e-08
-1.577303670174709592e-07
-7.895870891179442492e-11
-2.092768761137424317e-08
2.868302320336965284e-08
1.006789372797325060e-07
7.334500008919476566e-08
4.572646464326599412e-08
-1.428033387403277271e-07
-4.148383407685557562e-07
1.738568814316080319e-07
1.824168021072356562e-08
5.042251566128764333e-08
8.699840915738419809e-08
1.102752221857859016e-08
2.014693823719883608e-07
2.531754480706076601e-07
-1.650581836972637548e-07
2.641665915009841856e-07
8.676473266673506620e-09
3.459724213153271534e-08
1.297494559225397559e-07
-3.107010978744028633e-08
-3.419396339410007795e-08
1.030248886532733947e-07
6.195305577686444404e-07
-4.115678284065915721e-07
-7.550895693532540239e-09
8.244211032781841991e-08
6.995453358237000541e-08
2.248778392612332546e-07
7.283932577494046003e-08
-8.807514740125631881e-08
1.248050189514734305e-07
-9.792688749814518599e-08
2.346384221022493525e-08
6.733388317901485315e-08
9.107783417672128479e-08
1.017147197848985486e-07
4.725405154239447119e-08
1.969459355668073147e-07
3.443587930327654151e-07
1.850921767683533312e-07
3.033088784088575367e-08
5.410570940661951441e-08
3.645187652480790404e-08
4.301230608167683266e-08
-8.669773861979396807e-08
-2.866154879678912037e-08
3.057457186566960411e-08
-4.030961249476496336e-07
3.201877567571237581e-08
5.992108160166305379e-08
1.665224196605996705e-07
7.664320600062222474e-08
1.747941878332779925e-07
7.220730840678154929e-08
4.861635820588937548e-08
-3.617700327155244116e-08
6.883736781696171999e-08
9.759549322871609754e-08
1.832121313574728500e-07
3.181841249391905939e-08
1.052287701261982956e-07
3.263106300434689606e-07
1.982797484550477368e-07
1.027154777698642886e-07
5.299920270321398089e-08
1.003721635505678980e-07
1.559099608498657811e-07
2.226988695278218602e-07
2.669774876615495289e-07
4.764929105196790339e-07
3.331146501889845679e-07
9.341499803582790720e-07
1.002246963496367196e-07
1.585938577349443441e-07
1.746764923824297441e-07
1.089711314168385607e-07
1.480537025566303891e-07
5.440246580033665121e-07
4.195277908027975802e-07
7.859334512365256610e-07
1.163913219294357397e-07
1.365669956498298761e-07
2.025041023505424121e-07
3.325691323284940353e-07
3.811280747315879950e-07
3.663419417201541716e-07
2.671399892306160043e-07
1.188849517286806947e-06
1.261549236036971293e-07
1.427672936873407947e-07
2.593516139688572269e-07
3.442905901440388963e-07
3.253551012598947617e-07
2.902234220528340371e-07
9.375350184199467555e-07
6.498824481402277663e-07
1.609727955584110422e-07
2.358646587481792574e-07
2.858043231023250110e-07
4.999728030029064874e-07
6.379891304265660351e-07
4.576802926521659833e-07
7.221237256670001408e-07
9.318285457357857736e-07
