-6.111822594942168675e-09
-2.280743243671662754e-08
-7.358629283676598983e-08
-2.911774911341668177e-08
-2.454205478207814993e-07
-1.257825925608729885e-07
-1.504277855149324466e-06
1.933254949591573299e-07
-4.294229771455084706e-08
3.528756471569168565e-08
1.218597726936135496e-07
-1.599026948647201343e-07
4.360292761772415796e-08
-1.681676205142656765e-08
-2.126426740053292027e-07
6.699185551176566933e-07
3.249698073376074992e-08
3.664075839263236788e-08
5.678558721854326232e-08
6.389845242510212525e-08
1.729059912669732114e-07
8.008767972722518842e-08
3.074052258158465054e-08
1.418453420054488112e-07
-3.621807676324120378e-08
-1.182086914599529200e-08
9.479389858792371142e-08
-5.692981484319709354e-08
3.339047230835334617e-07
-1.987293321275233965e-07
2.694152589253091978e-08
-1.625911670291695120e-07
1.996454290111257643e-08
4.872023077440367312e-09
-3.845028152886530021e-09
1.472585419888263002e-07
8.624432654827238887e-09
9.558652538669708136e-08
-2.667591524027423905e-07
6.709383178154611515e-07
1.874222178667760233e-08
1.908013389620872763e-08
9.815043713711102222e-09
9.936653835388718631e-08
1.848141164280202540e-07
1.363276238938250694e-07
-1.239032059240520620e-07
-7.700725126964662429e-07
3.481685410138353716e-08
1.236379653309423276e-08
9.878857650939843708e-08
1.470245654858958361e-07
2.371088942376142039e-07
1.524814183905260573e-07
3.180081000482914295e-07
3.073449218611236661e-07
1.306705574410148842e-08
2.109695091160814928e-08
1.070637193545261941e-07
1.483288527175169742e-07
1.807990750555223850e-07
2.850603339935961465e-07
3.191600270956685060e-07
2.262787760739441157e-07
3.280339142015243750e-08
-2.008290288106723112e-08
1.260264510687463201e-07
4.987402429835854271e-08
1.456145042200525138e-07
1.093318601090266243e-07
2.283546190087201281e-07
1.203948211469898092e-07
5.045987620669484927e-08
2.473618181044466301e-08
2.717999734572106170e-08
6.398459645420420315e-08
2.551387607945006475e-07
2.164826257993898949e-07
4.591718604002787324e-07
7.186535240707928611e-07
6.464601662884762341e-08
5.875553064081164826e-08
1.536635137142833487e-07
1.527690621754402396e-07
1.357445952201324170e-07
4.768545243357723682e-07
7.235778604782592511e-07
1.552971522620581896e-07
7.732440259721725593e-08
1.080624332598097550e-07
1.407363432470314918e-07
2.297384763119541298e-07
2.332518614069396436e-07
4.890788026524160943e-07
3.963516268067892417e-07
7.703635032999905081e-07
4.132536447829984293e-08
8.779008439500375075e-08
2.084373484191067348e-07
1.642064499254220305e-07
4.703455359175484691e-07
8.730398944479324369e-07
5.265979742056606847e-07
-2.329653705168382102e-08
1.485352144695826599e-07
1.250676549222119463e-07
2.349776159949164108e-07
3.573297914954827424e-07
4.755755162857037508e-07
6.242323518325180089e-07
7.533623166624062887e-07
1.088035764646372464e-06
1.492904630760847816e-07
1.594765800855047775e-07
2.502968185567768943e-07
3.340331884812654903e-07
6.128716331450602181e-07
7.830463142027731597e-07
1.086895907018292736e-06
1.169406942343535347e-06
