4.164165721157939683e-08
9.829901915649979429e-08
1.847524594103062633e-07
5.479444724763805852e-07
-1.696638571971315268e-07
5.140696322825093755e-08
2.876955284036707754e-08
-5.163149240601719139e-07
-2.463228745984443359e-08
-5.051762827195145199e-08
3.223219248424260359e-09
1.321964847557591155e-08
-3.058901361541279267e-07
3.464170690014503419e-07
-1.331300874340190994e-07
4.834105583684675755e-09
4.902868162153278809e-08
1.329057680575367524e-08
2.862781290030714034e-08
-5.582790654561741631e-08
-2.895639234416561044e-08
1.587687956781399853e-07
6.172690535542089461e-08
1.833619990879317284e-07
6.278637972054681649e-08
9.106504829696352156e-08
1.490454681937301456e-08
1.024780334727425743e-07
3.983193780680745585e-07
8.020107988799952370e-08
9.349518396883728417e-08
-2.631330117711039259e-07
1.717626351280092177e-08
1.303659493428949458e-08
4.134055888579988911e-08
2.488211042350221243e-08
-6.361623578591309869e-08
-1.079639997264744132e-07
-3.898390720159773946e-07
-1.217840552170891593e-07
1.777429164980213380e-08
1.239715387614540173e-07
1.874660482569817044e-07
1.404101786367047752e-07
-3.840940819838289279e-08
1.815320804718192814e-07
4.090458192059422975e-07
8.135030977815276376e-08
3.904353068617305704e-08
2.195751834837132602e-08
8.054486734092582951e-08
1.093562607642414921e-07
8.883306017071021753e-09
5.092273840245535803e-08
-1.415553635633993517e-07
-1.666148826543500600e-07
1.468019112528148780e-08
7.421236171682725668e-08
2.434641158092122867e-08
1.779786846082538303e-07
1.771975477663517032e-07
1.836478638558439267e-07
2.310494398281815383e-07
1.649651963318879878e-07
4.081000422433342768e-08
4.214860761045489102e-08
2.984086585185364566e-08
4.752671310006110437e-08
2.881705760950654629e-07
1.769429950868147163e-07
8.506739935549125247e-09
7.579792989187649479e-08
5.330735059934092705e-08
1.815940900754595053e-08
1.297676533278939047e-07
1.642361313031344450e-07
2.354276228098657114e-07
1.519168905812158446e-07
5.852736459614419386e-07
-3.575814303949801477e-07
4.278957200202612653e-08
1.012312001797129680e-07
1.655847295737101917e-07
1.715714860505374111e-07
1.795821814171302896e-07
9.705091138890467723e-08
4.683271302018433759e-07
4.061130367302356038e-07
8.323044372308871092e-08
1.193696135071653069e-07
1.816717039364438345e-07
1.498145947091745811e-07
2.396427763343225331e-07
3.465028603485643654e-07
4.839178878212802005e-07
3.740043302874195320e-07
1.019067225587704015e-07
1.458536800098231809e-07
1.165459113638404332e-07
1.861281256791575693e-07
5.312587507512816686e-07
4.422997327294367334e-07
2.644967923916545642e-07
1.722931181178186912e-06
1.565627284675680530e-07
1.583365539757073271e-07
2.428782861343160175e-07
3.668725750821932441e-07
3.992153742316707623e-07
5.006400051883722725e-07
5.184473280533954041e-07
1.127398416011030879e-06
1.829497026975250524e-07
1.919416118018280471e-07
3.849222427653926974e-07
4.774548820483734212e-07
6.895916837739538430e-07
1.021971681179154028e-06
4.876132988507687423e-07
5.218653823084100206e-07
