3.136538274325655435e-08
-1.086217727124463982e-07
2.195906998543243697e-08
5.057506223501980086e-08
-4.081120446792516645e-08
-7.132164077386391132e-07
1.465241311133530934e-07
-3.330950286526775862e-07
2.033529015057364855e-08
1.958752690165498277e-08
3.870069184806794312e-08
1.400319028907831863e-07
2.503274012386757007e-08
3.597697257987091418e-07
-4.117372807883531909e-07
1.587048994989992803e-07
-1.292877640982120577e-08
1.009034832147141159e-08
1.850926684268110961e-08
1.970454629975272335e-07
4.160539496147795188e-08
2.896477926130499826e-07
-3.896433305992268904e-07
7.495286714149912049e-08
3.450289225788189392e-08
-1.080447100264782822e-08
-3.151621944502122678e-09
2.418475661113603448e-08
-2.780770483666669024e-07
-1.828273232059271366e-07
3.209488461248941293e-07
-6.518611768236870974e-08
2.802316354568176041e-08
-1.675336695400029991e-08
3.947004584831620863e-08
1.230693219349128023e-07
1.695305345514679354e-07
8.639560362575199947e-08
2.743688633563894758e-07
4.296538680802904001e-07
-1.234307747229018068e-08
3.334910935035171454e-09
6.198606063736509767e-08
1.591821887132755618e-07
2.689324587251528829e-07
1.056279846592569324e-07
-1.455367181760962945e-07
-4.248878926698844945e-07
1.832083915960392417e-08
5.245652699393510770e-08
6.038372000730241332e-08
6.116550028578816798e-08
2.175318326430371765e-07
1.374505521825574052e-07
2.469602320757947617e-07
6.823451664195497718e-07
3.401211751767113535e-08
4.058782886299467167e-08
5.424464546662423323e-08
1.450769004132521852e-07
1.677957311965205701e-07
2.327548152589492077e-07
6.010529791362796128e-08
2.244384931052518403e-07
7.057944292935486329e-08
4.954179213333422999e-08
2.092286783534656150e-08
2.043538831767363399e-08
7.091499140389600477e-09
8.040254407523579136e-08
-1.095503842463682031e-08
2.978773463199213520e-07
7.220396811877897255e-08
6.979363682037057280e-08
9.466854012137432670e-08
1.905948363704244297e-07
2.297939645444249224e-07
-2.341497066623961309e-08
2.281069112066564122e-07
2.580903619141277401e-07
7.980146045185383060e-08
9.661980533682733166e-08
7.677202220197253919e-08
2.427354223696954492e-07
2.020112242073343294e-07
2.794707306192053323e-07
4.218167278035932201e-07
4.157542029642456808e-07
5.498610234736085928e-08
9.013409141481330690e-08
1.109335144959530669e-07
2.333775965483718869e-07
2.735023557383142835e-07
3.091267283415664647e-07
4.189671246431706410e-07
-1.088860934043544505e-07
9.698814699415160663e-08
1.431331833457903389e-07
1.428501878007285433e-07
2.703937936621163600e-07
4.951142251877179243e-07
7.012017658692136720e-07
4.318006658450812962e-07
1.585618509222513780e-07
1.076266569370434040e-07
1.568194423495517152e-07
2.193829107097372619e-07
3.769222192741480025e-07
5.142066219352339271e-07
6.524572053218614883e-07
5.468127650087856727e-07
9.483837200702614035e-07
1.600312310518171111e-07
2.026582630199413410e-07
2.924400331936971691e-07
3.925744806582817394e-07
5.433941855368052622e-07
8.145616252110154168e-07
9.198035438939188732e-07
5.512024493851252369e-07
