-5.031631472372063303e-10
-1.333157869079369376e-07
-2.479197328499736668e-08
-3.131560980777221153e-07
7.093466146008921956e-08
9.807296753747040363e-08
-2.194380436544174497e-07
-2.933454860769012213e-07
1.046164924447165170e-07
-4.994487384301076906e-08
-3.668542312323193807e-08
-3.449879890157788391e-08
-9.194239025188173978e-08
-1.521211472538078573e-07
-4.709259724698904112e-08
-3.731791343225061989e-08
1.804476767704740313e-09
1.459930335119679517e-08
1.783155972964677658e-07
1.203763044852502032e-07
-7.428612306408987820e-08
1.599457231981061000e-07
3.418324966845580909e-07
-2.916881129256570538e-07
3.070843637152623266e-08
-3.399521223822570271e-09
-2.095657408640412052e-09
7.261103807532160383e-08
6.719262586017289107e-09
3.473153641604359617e-07
-1.237521337398512920e-07
-4.156131663677280753e-07
-6.947002831963943176e-09
-1.129345988085166214e-08
1.150962487039104652e-07
4.491107829900937620e-08
2.039919244609743154e-07
4.170352792162666835e-07
4.061094318076558965e-07
-7.575783904012482102e-07
7.044991982236619261e-08
4.067020216317038656e-08
1.387295127475657645e-07
1.897559360148294307e-08
1.232640497255678174e-07
-2.695430204216737667e-07
8.380078543556486687e-08
-4.768298194788225841e-07
2.017896481909057441e-08
2.482254881441134422e-08
7.530701377003298850e-08
9.360397987577827974e-08
1.121941867982173053e-07
1.127167341977521804e-07
-2.083210680779219869e-07
1.814808984660990528e-07
4.477504532162777379e-08
1.033721692267532595e-07
4.493096803117202694e-08
1.200948321770774691e-07
9.347921496385998788e-08
1.465784940284755761e-07
1.940270923430107405e-08
4.563033290107482480e-07
4.798921935601289835e-08
8.494707930788704807e-08
8.980984003876476406e-08
1.130459915786291297e-07
3.440774223122473802e-08
3.039829706654821553e-07
5.496448035206523023e-07
3.775328339808089630e-07
6.640975187763374008e-08
6.084201313885362529e-08
8.603341642923414498e-08
6.757610040753869380e-08
3.331907796084133911e-07
-1.963733724890755072e-08
1.381539741036627169e-07
3.344603493544371654e-07
5.344054216130551487e-08
5.863213967086811998e-08
7.296318906640514667e-08
1.467870686525695462e-07
2.474509062025899653e-07
4.058749035986528889e-07
2.674488901131553692e-07
-6.181966420008046400e-08
8.482619366021058617e-08
7.540100607572344508e-08
9.469507992712190819e-08
1.291926707753096432e-07
2.427380887475507419e-07
5.082012278634701132e-07
2.298930562039160325e-07
2.100904389879882008e-07
4.476853139900961491e-08
1.600213598716102230e-07
1.239197387346251269e-07
3.100903085867787373e-07
4.046474256647959694e-07
6.013168548920229007e-07
6.162847033516231995e-07
1.301710453699966087e-06
1.342397046283299415e-07
2.077862252701738384e-07
2.077496448697175184e-07
2.160740797542083818e-07
4.623347513416770639e-07
5.528478721268293540e-07
5.510872559093792724e-07
6.948575992305792447e-07
1.924607247232983975e-07
2.494448429144374772e-07
2.928822628040875952e-07
3.499103716242142175e-07
3.520283069982348455e-07
5.817734403733820615e-07
8.276201616886978167e-07
-1.743762200050645190e-08
