9.223629337708494348e-08
-8.772050235699817081e-08
-1.041959318259209322e-07
2.220191674935224709e-07
-9.268838230922221380e-08
-5.402277398889723722e-07
-8.974093508781661841e-07
8.735916111182477020e-08
3.171522080561290420e-09
1.429333232343095896e-08
-7.429153504790320234e-08
-2.188944776487554096e-07
-2.321679518012767030e-08
3.025142351707191037e-07
2.254257013051065851e-07
-2.075812699804869660e-07
4.224179583356888326e-09
7.899651342902500964e-09
4.690184476027242980e-08
3.131452351567383991e-08
1.040919510993554932e-08
1.087694216907965203e-07
2.634675267135126969e-07
-3.040061367920712487e-07
1.561037646925527959e-08
-6.978974881421722724e-08
5.619018418786060641e-08
-1.440791528797582750e-07
2.905067998739129099e-07
2.778412678037324066e-07
-8.338643870556205070e-08
4.742469777402813261e-07
5.725904760536450320e-08
-3.000392674709385727e-08
1.309571932465955220e-07
1.753500383941385891e-07
1.680544307401199212e-07
8.291024566690733580e-08
-8.995127426261047911e-08
1.888227299497800744e-07
4.424421209500409920e-09
3.056093461824171527e-09
3.162976853386911531e-08
-1.049904692708934811e-07
-5.128658718000856862e-08
-1.994743967951808300e-07
-1.205037677982586528e-07
4.314007071251117248e-07
-5.778170190026278217e-09
2.882725137701812147e-08
3.167049715509561838e-08
1.328976494061682865e-07
2.146387288641173237e-07
1.605532268869360814e-07
5.552854629021723244e-08
2.310909850821920402e-07
3.359499404165845890e-08
8.025652049083815708e-10
2.461117996893455608e-08
9.772368301316986378e-08
3.315176446774179580e-07
2.964214757989940100e-07
2.821790246037355539e-07
7.202763161674933193e-07
6.231005491594655931e-08
7.046981212171207135e-08
6.991200740398725208e-08
1.045292947296133526e-08
1.003708632710063637e-07
3.255323383955343579e-07
3.779525550249262441e-07
4.279606660277854956e-07
6.695213652963325749e-08
1.356023499068746282e-07
3.130245646684804323e-08
1.598289652659564871e-07
2.258107659079893068e-07
4.198638172648681867e-07
3.285557809544794109e-07
5.660771936269929840e-07
9.477574065027313371e-08
9.150858786148392465e-08
1.330545134158623162e-07
1.725691435652668857e-07
2.820894844360278792e-07
2.667192701369651161e-07
2.544301266577417462e-07
1.528980904379372684e-07
9.054258938389475741e-08
9.841353692098779886e-08
1.358878402589212506e-07
1.370900130731774126e-07
2.677311964889156492e-07
2.711553319121278575e-07
4.797494171297266368e-07
7.194259355539425029e-07
1.017104605401468918e-07
1.710434274682044948e-07
2.956248737226003574e-07
2.512447383951312349e-07
3.210772308873791623e-07
4.954368325544462116e-07
9.075861074771333441e-07
3.042141168707743783e-07
1.439073606898460274e-07
1.860762723216561944e-07
2.556284195383422740e-07
3.849494184645114082e-07
5.526058882209962785e-07
5.158219513286742003e-07
1.058950906880302648e-06
1.172296202653455607e-06
1.824413608359016054e-07
2.587707539329239002e-07
2.934175602075978552e-07
4.504024185975805197e-07
7.290733244212821501e-07
1.021956608848146218e-06
1.754018758596178767e-06
1.386195760959567663e-06
