-2.001901500414585928e-08
-3.205583259792316344e-08
4.946373399117900550e-08
-8.883837583946905710e-09
-2.523976294624371467e-07
6.087203244325520103e-07
3.785565957216820298e-07
2.206652966122544851e-07
1.583762808712300628e-08
1.766388480289136836e-09
-1.287152910310505221e-08
1.169824579216768506e-07
2.496138692067257251e-07
-5.481928998426281856e-08
2.703467269497808404e-08
1.492119443949813316e-08
-3.878447279663313361e-08
-9.664682791206119482e-09
6.304015705310334206e-08
1.729853388804931495e-08
3.650320521399819744e-08
-1.719326569636739679e-07
-2.319850088666960478e-07
1.097780402210800616e-06
5.637907262643000027e-08
3.279639101921092584e-08
4.688787862442008599e-08
1.332409246341646844e-07
1.573776789804209079e-07
3.812088833724757852e-07
-1.972627235468270920e-07
2.290378048506705630e-08
-2.001032231652879614e-09
-1.399139860427035699e-09
-4.772895898517573255e-08
-8.761832114267699298e-08
-4.170958273341192789e-08
-1.173287088577180868e-08
-2.697396782769476678e-07
4.433737521000327222e-07
2.919239774103207954e-08
1.108687658976689668e-07
-4.175079130474535228e-08
1.455554820491878222e-07
2.287142911898789151e-07
-4.624680930964186626e-08
1.357218815089649136e-07
4.177418470746147190e-07
3.673113321388936430e-08
2.330495100561819434e-08
-2.324582793608250331e-08
1.439116895872970523e-07
1.495137279800256833e-07
3.758621756507335717e-08
2.068297418552195935e-07
1.865368407639669672e-07
1.928278831610057269e-08
5.320655984691601332e-09
6.227310812361926977e-08
2.511733528726341227e-08
3.546347335439352929e-08
2.937091412524015329e-07
3.643595621501974845e-07
7.908335709370415018e-08
4.505582501301285175e-08
3.866755076880876111e-08
6.573077822215846151e-08
1.615798952618952398e-07
2.169522272534198954e-07
3.382073598863593214e-07
4.549855243984238529e-07
4.738609955300125949e-07
3.269623198552106192e-08
9.179658104347641462e-08
7.705942740226901195e-08
1.776899550586680898e-07
1.455057791691591219e-07
4.083188261898254527e-07
5.218407381940668915e-07
3.009008810217997369e-07
6.768967667619006315e-08
1.401203856795493148e-07
1.394878163530461438e-07
2.180556475628112210e-07
2.696022594833938887e-07
4.314908018162658536e-07
2.039348085820819655e-07
7.877957208483294758e-08
9.903500476688111891e-08
1.163962972883312436e-07
1.515610096366831634e-07
2.452326350868188744e-07
2.765831709266686196e-07
3.098568155383576080e-07
1.866083553807792309e-07
2.744713478813939087e-07
1.512433005647445296e-07
1.054243303317148418e-07
2.741544717120974974e-07
3.839237793531728321e-07
4.936196606005231520e-07
2.744853842076653761e-07
9.318811265868446079e-08
5.155629326769417307e-07
1.577419605132178958e-07
1.724498285066680011e-07
2.039444110660986114e-07
2.997907711286755319e-07
4.947529639753212303e-07
6.947140552140726987e-07
8.803331919920202951e-07
2.722142931981095009e-07
1.959498799186869207e-07
2.222681693712317435e-07
3.163280791935070002e-07
3.865229694834002931e-07
5.660899162121500112e-07
6.745468170493472491e-07
1.222904127770138675e-06
1.854502480357731964e-06
