5.341129754821614102e-08
6.119257129020680500e-08
1.861545709014243112e-07
-1.722675993072838521e-07
-3.054993277165603561e-07
3.630330410364340325e-08
-3.959812145477078879e-08
3.139782308600241245e-08
2.005983367926273480e-08
1.098318375257744812e-08
6.469284941237673687e-08
1.196174261083840580e-08
1.642418302611759534e-07
-9.074285699176583861e-08
2.773910040043204108e-07
7.034556912319495040e-07
1.828708660572585807e-08
2.830590402067715089e-08
-6.957754691736930284e-08
5.151421011234284802e-08
6.335645341452209925e-08
1.843455517102122853e-07
-1.159773559074371407e-07
-1.921261492831374060e-07
3.319906709619031537e-08
6.193572554561808736e-08
1.939893369353480025e-08
9.279629215519857099e-08
9.261278162841947084e-09
1.208377077290715217e-07
2.891463854253791330e-07
5.001392310177848267e-07
3.267693593821872857e-08
5.096863677166956167e-08
8.046506805281039467e-08
9.559474139523894393e-08
3.389209467491290780e-07
3.160570456323838005e-07
4.435598402778104332e-07
1.437831670948183320e-07
7.875165498114025083e-08
-5.970427808427051953e-09
-1.514688353132573098e-08
-5.272611728312750515e-08
1.698368230699232916e-07
1.142741309288139285e-07
3.379064663339893574e-07
-7.678706218899472718e-07
5.858703195394080743e-08
2.296754147456229565e-08
1.097817275951945000e-07
-5.280917710885399086e-08
1.413708672920512127e-07
8.859730732932075638e-08
1.779762411432484972e-07
7.070537860475368299e-08
1.259442831901135939e-08
2.953239001581998266e-08
3.927490823043673912e-09
9.726853157910370902e-08
3.011651125763623445e-07
6.799120257573040656e-08
-3.242523231058597072e-07
-5.004831462294133375e-07
1.517605224293925311e-08
4.993333383265043183e-08
9.463885102721293861e-08
9.057854456476915058e-08
1.340893974367629982e-07
3.076340359797054466e-07
3.524642059534267189e-07
1.164929285251108625e-07
3.925196198937674521e-08
1.095991249594270997e-07
9.360157574632787684e-08
1.948070801559263291e-07
2.178397703921667353e-07
4.188259476883356211e-07
-2.558619667761690600e-08
2.305830281111555148e-08
7.154416417721817340e-08
1.337634556604669667e-07
7.937795735242997534e-08
1.220226094984184768e-07
2.609946683497609760e-07
4.815970153708112738e-07
3.793717227071535439e-07
2.085803816090848335e-07
1.147954271513320085e-07
9.211809512904225864e-08
1.364434032713466397e-07
2.401972233411104167e-07
2.620228717354892944e-07
2.555727281760788807e-07
4.392040012545517941e-07
7.938374643112129070e-10
9.274991494505932818e-08
1.876775510767929142e-07
2.801859047076194115e-07
4.265775030100572394e-07
4.385393358880487488e-07
6.980824822516910941e-07
5.099127018365216873e-07
9.697787517106908329e-07
1.656915537438155691e-07
2.375064476688367395e-07
2.625869780227789067e-07
3.012672167308796994e-07
4.666465718103935463e-07
5.145715125164483892e-07
8.803963827810980765e-07
8.019442268659856504e-07
2.479635372314076781e-07
2.022317112034023274e-07
3.248089793003375645e-07
2.409275082310746516e-07
4.534888615168189698e-07
5.088421868252414739e-07
9.869285504707290758e-07
3.754203950001556551e-07
