1.314665135788541127e-07
-2.344420196953938453e-08
2.311054374913812836e-07
5.698693819465288896e-08
2.800838080411882743e-08
-7.922951320079856586e-07
6.230379663129915707e-07
-7.515052129145369003e-07
6.842320803657242439e-10
-1.019229707885661036e-07
1.155436633768387517e-07
-5.235022966214797465e-08
3.588680643047214279e-09
6.145892682422767457e-08
-1.462872374011154476e-07
-6.676099648190551403e-07
-1.442300312106554943e-08
-1.382136406630659810e-08
-4.111069027307882020e-08
7.484279173847118297e-08
8.546722980600435590e-09
1.030899781786125454e-07
2.164335279971376898e-07
3.448494305857174245e-07
1.559794478589651833e-08
5.791047616052669633e-09
1.178995334220856665e-07
5.736795325989719327e-08
-3.861437487115050741e-08
5.801474864675252909e-08
1.094830989347659199e-07
3.082092030688232260e-07
2.470218322640406567e-08
-2.592823333024613924e-09
9.995996308284018077e-08
1.834757234594143344e-07
3.652913718687811610e-07
4.297643628125634170e-07
2.000345878678322531e-07
-2.138294471232208032e-08
6.159820253147232983e-08
8.445061341182063477e-08
1.281958516978676733e-07
5.933970221391961834e-09
1.571624484489646771e-07
4.328026156394314923e-08
4.243002735788238211e-07
-6.529310527172704795e-07
3.237009147933275912e-08
6.514155939533704103e-08
8.761010669079461229e-08
8.443071179927983099e-08
1.875347404867140531e-07
2.265900619202222608e-07
2.439374545918692763e-07
-6.597411407826933400e-08
-2.946565623340165260e-10
2.678849789988359546e-08
1.303447977301656129e-07
1.309385708314535040e-07
1.429942148478797935e-07
-1.047573493967928605e-07
1.819185182689645139e-07
5.065761946887318977e-07
6.321890285872850724e-08
7.888097039918820550e-08
1.477159925688389731e-07
2.183158162699120532e-07
8.736346823835564357e-08
3.509338292576506401e-07
1.791401411932593383e-07
5.189229910302922154e-07
3.848773223261593431e-08
7.267618347137837192e-08
5.030132083998044936e-08
9.964433063464262012e-08
1.953561641492632775e-07
2.487590127389247837e-07
-3.948256530559551055e-07
2.435837696667560946e-07
8.121223295344718606e-08
1.136550102590789012e-07
8.527155763268337716e-08
1.694650106782018363e-07
3.319597247991888941e-07
3.912272407037549786e-07
5.907899266538452803e-07
3.033049181281673301e-07
8.983974492886563433e-08
1.090620601038147602e-07
1.306651839878382660e-07
2.351813115993819639e-07
1.851427967491226686e-07
3.875024599372518777e-07
7.616683670321336467e-07
8.620252415795560813e-07
1.436525767503481794e-07
2.253949937993079234e-07
2.561090702790732121e-07
3.114859252630209686e-07
4.381912789973841661e-07
5.877450227971112078e-07
7.144021757087874755e-07
4.888259842511680402e-07
1.717119578311797186e-07
1.476681533496413520e-07
1.810666913431226246e-07
3.662001950562108032e-07
4.821251141298343228e-07
8.617118988501954583e-07
6.320714317842706357e-07
1.093675456609407930e-06
2.292320106707967914e-07
2.357868022145684957e-07
3.819674431132902470e-07
6.767768426127306987e-07
3.683126694016123482e-07
1.042885243019043993e-06
9.620989633169341222e-07
9.273745759597709127e-07
