4.358308592765305136e-08
3.072591489580401152e-08
-1.289477555600295269e-07
-2.749191678600306399e-07
-1.250944190121783018e-07
-1.000746006097256484e-07
-2.390823021139600047e-07
1.923915345129575911e-07
-3.733135543119717242e-08
-3.041929623357780322e-08
4.106506316533721919e-08
-6.009181642163280530e-08
1.199849843966942425e-07
-2.556481252745886170e-07
6.615261318030329366e-08
-1.434861308994959581e-07
-1.307471837368317852e-08
6.499036702213475048e-09
5.403235621668629901e-08
-3.786482642154986764e-08
1.806460534691438377e-08
1.202800294721579379e-07
-2.070099648444071457e-07
-1.707677232108652907e-07
-6.465118261297665030e-09
8.167937042673389372e-08
-5.717809413266984514e-08
-1.110117264790512098e-07
-4.659320770130049411e-08
6.798081087559212292e-08
-3.278942053388259509e-07
-2.879547093141132911e-07
8.031727567756386807e-09
-1.773787155951614815e-08
-1.441001369211921015e-07
1.167733448836454037e-07
-1.232591842640932374e-07
1.251834368131159316e-07
-8.173832629937158449e-08
7.129705961574852914e-07
-3.025930131839429811e-08
-5.206918206166888194e-10
1.167346682924272785e-07
1.207280840017666273e-07
5.759414364996037778e-08
-1.536664956048098900e-07
6.047134708973682582e-07
-7.109211603140887522e-07
2.201835503187157641e-09
-1.116950996181013263e-08
4.651993417900091292e-09
5.794487528335674426e-08
4.477182679476302346e-08
3.788512163128489438e-08
1.080542885962344938e-07
1.513204665036630263e-07
4.088320262571554766e-08
-3.664214098533001149e-09
8.196806793324007091e-08
7.869319296560066913e-08
5.383238154818582112e-08
1.370627373224305956e-07
4.026681814007738617e-08
3.951398354049308373e-08
2.953215836047514002e-08
3.166977062156666456e-08
1.423758262914142025e-07
1.229618783798960705e-07
2.527239658945892803e-07
2.487747854459956330e-07
2.351448551463027689e-07
1.861231824137965094e-07
3.229075478318696082e-08
5.128663063381892793e-08
4.462171883722984808e-08
2.049108825374472455e-07
3.951937171085076907e-07
3.171230667594634268e-07
4.373340920925604054e-07
2.655382274897641990e-07
6.994418543724484308e-08
5.923618688213280301e-08
1.333446435782034925e-07
7.973979254684908762e-08
1.257155878218503099e-07
5.092622102986448302e-07
4.026043414214767547e-07
3.985453386298928830e-07
8.480109524721950273e-08
1.206011959798822317e-07
1.608802627637944300e-07
2.819583613586104054e-07
2.340399824200146649e-07
6.587795418326194669e-07
4.030923705539789360e-07
-4.009999961346969159e-09
1.685007790757848321e-07
1.466397211368877657e-07
2.348843232198358684e-07
3.071108935237894634e-07
5.369149841219977670e-07
6.032799165686359808e-07
4.435997331327873031e-07
8.447183138206419197e-07
1.639725717950417614e-07
1.945152153672914895e-07
2.761694233275188304e-07
3.517654796121556252e-07
4.454839382148016600e-07
7.267028363113194222e-07
4.514917979840531612e-07
3.685209425449544189e-07
1.440170181694191602e-07
2.081934981709095933e-07
3.120814624328070309e-07
5.077435609619859746e-07
5.388193854026985702e-07
4.763309442395739129e-07
2.052758307714548014e-07
3.409227617475284613e-07
