-8.910600848829368210e-08
-1.095537696548785455e-07
8.382686425904630928e-08
1.503789402869289634e-07
-3.191891007675346228e-07
-2.524689495155664914e-07
9.208841940828468548e-08
3.046607877897773043e-07
3.647775538475593705e-08
4.148347436111974575e-08
2.925393719444900757e-08
1.268707190071973826e-07
2.630466961994966361e-07
6.914565072123838308e-07
7.911957714063941817e-07
1.954337035309042929e-08
-5.872758859183401285e-09
1.740987801754302432e-08
-2.552405389945258818e-08
1.298881738515979754e-07
2.230457684134929535e-07
1.840614482104958733e-07
2.394996562770028191e-07
5.400642775229766011e-07
3.252664677974135809e-09
4.928084776181515006e-08
6.246970659495792255e-08
9.380911666127516799e-08
1.196296032849321780e-07
1.006935727135708072e-07
-1.148446671235093847e-07
3.892746558413409810e-07
3.571460569483112129e-08
5.166333289263320163e-08
-7.825152332578951298e-08
-9.463447103193511427e-08
-2.832113498530784226e-08
3.304146526121356688e-07
4.567587943041925215e-08
7.686235417922445966e-08
2.441381457527097227e-08
3.215676307156558400e-08
3.637985897565016212e-08
5.326532670316502870e-08
9.611142060101600732e-08
2.360391303449809108e-07
4.442156649261102335e-07
-3.235630615755839875e-07
4.393166552902907327e-08
2.557384564241618894e-08
4.863349618573244350e-08
1.679294058736496948e-07
-3.647697756111611459e-08
1.159640622928966662e-07
4.838444723078983751e-07
3.466983150318071226e-07
7.907911956059866896e-08
4.240193766291869729e-08
1.336774079054810600e-07
1.646854610329417466e-07
2.186831712636159084e-07
1.256226662695821242e-08
2.919463590125325848e-07
1.037592769401583748e-07
6.692436019427913610e-08
7.218410767252529783e-08
9.972929275588964082e-08
7.504297227719637269e-08
1.813066131917329180e-07
5.218442244448115596e-08
-7.373770072594571484e-09
-2.657279487585962015e-07
3.672405202998312853e-08
6.508757453473564186e-08
1.616800930584505895e-07
5.239992743540553984e-08
9.400742969155181479e-08
5.281813902509256972e-07
2.777562501675341928e-07
-3.073106667309633318e-08
8.751150715603593092e-08
7.043771166390569032e-08
9.912867109529590309e-08
1.386591044898786243e-07
1.282031879700493587e-07
2.435613428930344491e-07
6.257519579557676322e-07
4.163883750246758364e-07
7.430268820272435928e-08
9.594373266498166069e-08
1.689014208492784842e-07
1.328943507503022854e-07
2.363356391257125208e-07
2.300725696278600452e-07
4.677296251372977770e-07
1.315958873863908041e-07
1.541177700157342361e-07
1.668799579601784956e-07
1.400821960446898218e-07
3.250311622600289762e-07
1.775655132157458796e-07
5.604170768117206392e-07
3.316593979545205047e-07
7.388922173280738231e-07
1.432990610334962632e-07
1.731863835872753777e-07
1.879096521561935651e-07
2.772548751474287579e-07
5.778589602129699177e-07
7.201461421455365468e-07
1.012789118743116386e-06
-1.452703760082427065e-07
1.321288557053169583e-07
1.693814858014054650e-07
3.371597106626609166e-07
4.261189515684823110e-07
7.497499861442956119e-07
4.354392351710422277e-07
1.469669070419606059e-06
4.847198406313952638e-07
