-1.251338960606607879e-08
-5.398651580754704383e-08
2.244164982823871221e-07
-1.307785491779401166e-07
5.104065551905373875e-07
7.543099231354893997e-07
5.297881740832787721e-07
5.563410464297160666e-08
-2.503298144236504827e-08
4.692971674881205174e-12
3.509685259651472664e-08
4.335192343446317203e-08
-1.674085639401377799e-08
5.349729494403709295e-07
-3.446453384682686474e-07
2.192750689432810810e-07
2.146395057889130728e-08
-3.053832149388548766e-08
5.272753496537166661e-09
-2.923933570200381933e-08
3.692582616693515248e-08
8.421918857560316001e-08
3.149282804590520296e-08
5.032761497347085408e-07
3.940999380180529343e-08
6.673901508445990617e-08
-4.874575882177158670e-08
-6.280385306922382772e-08
1.045136542285691352e-07
-9.597710160556522389e-09
-1.615809787162604262e-07
-8.428830459500308257e-08
8.469928242283735190e-09
-1.285988726367774109e-08
-8.273729644998217361e-08
-1.227468633890588424e-08
1.231550869512654213e-07
-1.425740038086494914e-07
1.651731668784619057e-07
7.281447044557071382e-07
1.059986425493436515e-08
-4.205609060610159716e-08
-1.351457328389517420e-08
-9.204828034756967451e-08
-6.966637808195840967e-08
-2.164652644292022662e-07
7.149319340809224419e-09
-1.847966104268249828e-07
2.118073207238495096e-08
2.616582413229514549e-08
1.174383251836156302e-07
1.006546878361984163e-07
1.596127940974508843e-07
1.672380756411973360e-07
1.559645545552271099e-08
-2.710259344735141086e-07
3.320207608970220478e-08
9.833639813607023374e-10
1.122299514285678347e-07
1.470740977114519222e-07
6.161251201855611009e-08
6.471117653086310912e-09
-4.843269066545063780e-08
5.372542836963686512e-07
4.570240271993387043e-08
5.959985595086580058e-08
1.225007706390575917e-07
2.402495099479210990e-07
1.566108305430279428e-07
1.370591761024578330e-07
5.571073985428209333e-07
-4.229175075588827021e-08
6.654878071311331124e-08
4.784959161553286091e-08
6.998576950842359687e-08
8.548393523304900765e-08
3.123930828717113215e-07
2.497243395919738623e-07
3.048834254387106541e-07
-1.709785792176184807e-07
8.249248932741577700e-08
7.294491931344370141e-08
1.154830642194219491e-07
2.303972633312988546e-07
3.529634672818942941e-07
5.434200270988549623e-07
4.662387177291040202e-07
6.861073987382044917e-07
1.107803583093064603e-07
8.900498222954212646e-08
9.343464621338890977e-08
1.906617761819065971e-07
3.351184066497058628e-07
4.109110794079095885e-07
4.662594472001470032e-07
2.965301508381049922e-07
1.126194925708289850e-07
9.215923560577114044e-08
2.079095333612613919e-07
3.255439252047056147e-07
3.046803565756667456e-07
6.756006489808093698e-07
5.218545513846741061e-07
7.590015261757994486e-07
1.590302306280392781e-07
1.893103635187533235e-07
2.232144298096366252e-07
3.472173242594719094e-07
4.504643541535915743e-07
6.581573124683709466e-07
6.577613293969880223e-07
6.864361501957720332e-07
1.966250465937732825e-07
2.407874311026086969e-07
3.194360983089423376e-07
4.670426578902312919e-07
6.066860561779805498e-07
7.027672587873476096e-07
9.671227677259321429e-07
1.249990443310198769e-06
