1.089409207594445229e-08
1.246669811745172929e-07
-6.092239211377576875e-08
-1.553906650683215392e-07
-1.016906092489541451e-07
-1.920499864178288373e-07
1.426615132736600890e-06
4.441161065939845991e-07
2.158480380551049001e-08
8.338556737077949490e-09
1.218031552120246406e-08
-1.133543669986400406e-07
2.580013283755101474e-07
1.699474100122277524e-07
-1.263356321839703836e-07
-7.111284184756244792e-07
2.758776976286991505e-08
1.324728563829894989e-08
-1.761804835695371105e-08
2.796727535082932713e-09
1.570087376164423279e-08
2.578833217003233007e-07
2.888939898271111616e-07
-4.209586815315484440e-07
-9.215690455639245290e-09
6.529060505657380232e-08
-3.687987030097422028e-09
1.483357661892465467e-07
9.257768803594731399e-08
-1.169223192303765757e-07
2.646227799825974658e-07
-1.305095013384150321e-07
2.859788566024395012e-08
8.169240502818827837e-08
8.773015312169926316e-08
-5.030789081656817736e-08
-6.436370307325833224e-08
3.946349066751838750e-07
6.333103898990276737e-09
-3.205609014292010631e-07
-2.498387455428570825e-08
-1.125587325855301624e-08
1.596193984156088744e-07
8.803197282731987809e-08
-1.257812812315775836e-07
1.753184887580536502e-08
-1.761179791742074853e-07
-2.152972962058140381e-07
8.837211311141713737e-09
2.877888707287419129e-08
3.431722353258718947e-08
5.810501921088153714e-08
-3.563165737480584310e-08
1.418207639216463561e-07
-1.900734810542339928e-07
3.070016273574570709e-07
3.324812799920133605e-08
4.924948589902206161e-08
1.084637413887411235e-08
3.136154620472707659e-08
1.524355960095823972e-07
3.000968465318466285e-07
6.748565309970498490e-07
-2.157636684157900896e-07
4.896436949925485377e-08
4.099879262681696264e-08
7.445228824271233761e-08
2.060483819654386495e-07
1.077722740200986312e-07
3.007421217443776324e-07
2.711015163042018567e-07
1.527219912264133657e-07
4.733710432888175965e-08
1.074353714654412739e-07
6.898886263202976584e-08
1.238931812443341226e-07
1.423600882415715868e-07
3.702347976671775027e-08
3.510734823690810125e-07
1.337070113883602464e-07
7.419645167331303406e-08
7.018346571302283882e-08
4.590145350357036217e-08
1.574829856666396059e-07
2.731198366060357027e-07
3.710172365093442331e-07
4.026719166080606077e-07
2.760696253059317563e-07
8.220677601934313316e-08
1.313814332205943383e-07
1.663020409659087162e-07
1.307214475471527940e-07
2.430133597913615601e-07
4.620343003485814768e-07
4.960127688575735723e-07
5.457783517069609696e-07
1.716694235930285974e-07
1.903171302637456693e-07
1.483982623452404125e-07
4.817750924594833461e-07
5.065440778245597346e-07
8.990448622700691400e-07
7.400488630966530412e-07
-6.017533171748209964e-07
1.528607255158277023e-07
1.842351517995641887e-07
2.682379814616683795e-07
3.983844898284817373e-07
4.471434951287677930e-07
6.410603809676139633e-07
8.127862380951450134e-07
9.078473175772359350e-07
1.775441515594947854e-07
2.523939551843681549e-07
2.973068923274394937e-07
4.448278137733447348e-07
5.160960613177244151e-07
8.096913122126487738e-07
8.334830969288775360e-07
1.027060711667294857e-06
