-7.154211815321764334e-08
-2.440174069720169179e-08
-9.324312074059893798e-08
2.879572950562986011e-07
-3.032376680026639901e-07
-4.966426865068139929e-07
-4.871639615508116535e-07
4.604800418425967126e-07
-1.902506535871913890e-08
8.184444232584183890e-08
-1.008401305448514983e-07
-5.768646190508347273e-09
-1.543150959416464907e-08
-2.252415408356041419e-07
4.662687939726931119e-07
7.204834997167704143e-08
-9.747917569424713783e-09
1.382467726792974054e-08
1.448944237608439298e-07
-1.521054851225793625e-08
-1.504114700273328469e-07
-1.931561236946413261e-08
-7.372171596603795469e-08
-1.160377483800134924e-07
-4.453528086905956723e-08
-1.602789279852386830e-08
7.062077341193989366e-08
1.147510797581073935e-07
7.553044046522602700e-08
5.072293002925649930e-10
-1.853466925709599948e-07
-7.996694886085535825e-07
-3.249084539878010373e-09
-3.262881736181002262e-08
1.418798628064638539e-07
1.836389277351108252e-07
-6.532863224222651885e-08
-9.630792246885170139e-08
1.722573609101792411e-07
-1.296534168608372582e-07
5.941300785799350358e-09
1.563384749250921741e-07
-3.356154349592458511e-08
7.385711567392853403e-08
-2.435366806543633882e-07
-3.305206054212575909e-08
-1.093314937126193565e-07
5.971621526890177924e-07
2.676607118837658951e-09
9.483946721221320573e-09
6.657283508942630442e-08
8.953975830333961314e-08
8.656544627718799610e-08
4.042184647438048460e-08
5.360754980654031668e-08
-6.594132121078599626e-08
3.405782774455432277e-08
2.503131658569565760e-08
6.080364059612800822e-08
-1.582496869841672936e-08
2.735922558837082340e-07
2.211341333608316211e-07
2.900909768993053281e-07
3.688328129620758878e-07
4.946518103233791933e-08
9.279851916702666332e-08
5.302853132436113978e-08
1.149546872891839987e-08
2.377052534363586193e-07
6.420333807582305867e-08
9.562271150953556046e-08
2.713748273891699899e-07
5.308711017049016908e-08
7.400461431001949424e-08
9.114400576942329243e-08
1.142061891133102917e-07
8.873633563112605445e-08
2.819871715115676204e-07
-7.468900506190654735e-08
2.779068191818826769e-07
8.042233879479110395e-08
1.380641751235986350e-07
9.127595976332990551e-08
1.503255104223595737e-07
2.235585628628188319e-07
1.835130615227141893e-07
2.562954270730828168e-07
5.814087040984547424e-07
9.603646596582913925e-08
1.316462038190155143e-07
1.091051726322303666e-07
1.950893643989933389e-07
1.876565229342672929e-07
3.870030619325023279e-07
3.557102289911134965e-07
2.138338162144877229e-07
1.200668278614061900e-07
1.374632610185261577e-07
2.098116840523111317e-07
2.428669502867953545e-07
2.678887899254244169e-07
5.714366064060578114e-07
6.076243352961375277e-07
9.499739243155146601e-07
1.587259578718006316e-07
1.959795745322533771e-07
2.716754074522683947e-07
2.130306915162554783e-07
3.362446894338966120e-07
3.438897770072256966e-07
3.576462695660759252e-07
4.056155725926060939e-07
1.863020595217389157e-07
1.898560204168444969e-07
3.058178233514327115e-07
3.398234696885305494e-07
6.256643165603287504e-07
8.269856525790966525e-07
4.527751272964343871e-07
-3.325814968736449271e-07
