-7.209959172005725807e-08
-6.100143380097132253e-08
1.526630558742489327e-08
2.002288089060728948e-07
-1.211084933984950706e-08
-9.473258292385519110e-07
3.763718507928730935e-07
6.081560940583378390e-07
-1.920849592290433000e-09
-1.218809151752106088e-08
5.595524945116226954e-08
1.245640260430584083e-07
1.682266129386028902e-08
1.681846498893707286e-08
5.459010940697690278e-07
-5.956004600169188882e-07
6.222389861975780711e-09
2.983029815715513680e-08
6.342396371993762301e-08
1.445021934120417095e-07
1.476271516994517970e-07
1.771172145405042628e-07
1.200060931363284334e-07
8.922864506151018975e-09
-2.897500096135988892e-08
3.798537300928359570e-08
-2.005247767710589213e-08
-6.739333154588116564e-08
-9.611179371220848709e-08
-9.249195475459175232e-08
8.680352765423536333e-08
3.314475762742531895e-07
-4.454044296558733377e-08
6.371904422194951602e-08
1.234761808423289542e-07
-1.718250014408628171e-08
1.955945493920863936e-07
2.101675811996237571e-08
-1.118356451556542343e-07
5.332258187019438147e-07
4.182532192341458538e-08
1.894929694169505471e-08
7.900689277982323140e-08
8.561778293635247502e-08
-1.005697184968500875e-07
9.956742618493187382e-08
5.777963975933384851e-07
1.498769077368902813e-08
4.100591318170682350e-08
5.663528618227436567e-08
9.417756150026850498e-08
5.679597520696824214e-08
-4.115890747377492040e-08
2.231801100040664655e-07
1.130096050906047592e-07
3.940148005065349807e-07
9.558443162767225147e-09
3.665265134447037495e-08
1.161441162196955789e-07
9.832323408543513271e-08
1.108431482311998295e-07
-2.317225722007792859e-07
1.467263044950738475e-09
4.346609784947196545e-07
6.701742140672353164e-08
4.816937928895978866e-08
7.615103816601144016e-08
1.974089533540589573e-07
2.151087817406894930e-07
6.959695152845944067e-08
2.426669680592815081e-07
5.166831741022724696e-07
3.515289151065421931e-08
6.519978539930656714e-08
1.040932154654853185e-07
2.274789554651233049e-07
2.619150043985323776e-07
2.145454095362963375e-07
2.666601679008294959e-07
4.813154464139393588e-07
6.566716436932306841e-08
6.444487925110826759e-08
2.026767387127298233e-07
2.106140566009818938e-07
1.192024203713442195e-07
2.990011395295861941e-07
3.707945895986910107e-07
7.176028400623752404e-08
7.471652804134133728e-08
1.054333004855794560e-07
1.222963893027025037e-07
2.262237200490817126e-07
1.871491816393790866e-07
4.191342180139889836e-07
2.264166937129035395e-07
-1.638402181680073043e-07
1.210605819518662877e-07
1.824294527937532485e-07
1.090431103617137546e-07
5.691663837731926009e-08
1.894962095240762602e-07
5.129497183963306668e-07
4.254557715005894421e-07
5.576762251827445187e-07
1.303548003707642087e-07
1.873493972392866254e-07
2.366838442461518444e-07
3.544862357388450229e-07
3.416035440404785198e-07
6.428407557264213222e-07
2.622423167136861731e-07
6.166095019414301141e-07
2.268567822066182104e-07
2.627948275326994700e-07
3.381792763530673626e-07
4.566997958361028382e-07
6.877171945405910437e-07
4.294884560386531051e-07
8.491085991993316394e-07
4.711485696391869214e-07
