2.201410883423537706e-08
-1.153796213979936701e-07
6.708086404186669447e-08
1.174501349487633968e-07
-1.115810057841595478e-08
1.217849668155813011e-07
1.434882259461884456e-06
-7.847235464903623555e-07
1.496445697107168175e-08
1.302179640611041001e-09
-9.755314136731780499e-08
6.706583504871978349e-08
-1.212753976137522814e-08
-7.743265369077487786e-08
6.935397530842985246e-07
-1.617368592218738276e-07
3.120934306764428796e-08
5.085780640711319974e-08
6.356733225917666586e-08
-1.042289296868081357e-07
-1.501556218674987320e-08
-2.221652544957437401e-07
-1.778581695486438279e-08
6.727207363340547606e-09
1.399526062432275385e-08
-3.684004645877320009e-08
2.551225985416051469e-09
-1.150306134388169511e-08
2.422492496761540202e-08
-7.238496071247376621e-08
-3.837900946239877791e-07
9.552289543142378169e-08
1.451056512805520893e-08
-2.086273259457980679e-08
-8.167881150173136595e-08
-1.338531767294875687e-07
-1.963264118429818559e-08
-1.802961291355799383e-07
2.797589575153395436e-08
4.785845139774729513e-07
7.792116248889205021e-09
1.760765455978910300e-08
3.871071210587282772e-08
1.044789189084751149e-07
1.022501432921675195e-07
-4.355153068201076665e-08
-6.363869700847929378e-08
-2.930957259195641680e-07
2.312064241344544122e-08
7.175192158009070998e-09
1.425525045779216266e-08
1.354483284725247494e-07
2.234914934496558451e-07
2.475931369463203520e-07
4.260823184268821115e-07
1.893240765326200011e-07
1.747887461529434811e-08
7.878728029776327486e-08
-2.382620353730580733e-09
1.198551291267809550e-07
1.039012270963707249e-07
1.430495995100348293e-07
3.845403672532315992e-07
3.683758105709991653e-07
6.120879545783520450e-08
8.249890153172121493e-08
5.004239463098956305e-08
2.168823331967076654e-07
2.476615883259528088e-07
1.816930688129133414e-07
-4.010405924620857218e-07
-9.157473258218202856e-08
7.608360499406590360e-08
8.553832113402387370e-08
3.032406688595541014e-08
1.215674589730266229e-07
1.533307358354297108e-07
4.136218530203864079e-07
7.522144808846631097e-08
4.656940149027062379e-07
8.063791027494230377e-08
1.099905939113096732e-07
1.383034119296460820e-07
1.305736958378732327e-07
2.336197145139806429e-07
2.689083396948502968e-07
3.183656321154183988e-07
-7.202496626451922475e-09
8.291050469558761978e-08
1.235122016260940535e-07
1.646365453075099491e-07
2.136272269391016272e-07
2.208510779153088435e-07
2.287516738035919237e-07
3.893496413617818508e-07
3.458949878401667068e-07
1.295843125434595131e-07
2.183644084373768775e-07
1.566392641264125556e-07
3.729104127654749317e-07
2.016741160205616524e-07
2.549859184084021746e-07
6.037513350815145484e-07
4.583784844069200398e-07
1.764594424713133987e-07
2.281394192215089759e-07
2.598557215282251924e-07
3.076080434720763773e-07
4.176854777814399673e-07
7.502638075709467291e-07
6.510645686801834526e-07
3.162803149484084954e-07
1.828788095746792717e-07
2.905274666981025996e-07
4.745540480295070190e-07
4.715168460023382047e-07
4.750333412761716337e-07
1.125381245312444090e-06
7.768413579705201989e-07
6.473789061065742870e-07
