5.177429868398355179e-08
3.053999637617176512e-08
6.670203822546311363e-08
-3.544973695063387097e-07
3.078560897128508641e-08
6.183592813108589463e-07
6.217641110161354090e-07
-3.432461051013119025e-08
4.112394991189168126e-08
3.341451102656346085e-08
6.978236399262076080e-08
-5.701324667645165021e-08
2.032555926150374052e-07
3.936035700644888639e-07
-5.362076424501214654e-08
-5.687179254322715816e-07
3.016545484416286702e-08
-3.717920356901571046e-08
6.746889188950641699e-08
-1.423488106143257050e-07
7.679324354666026708e-08
4.471215948071027104e-07
-1.311723316246841396e-07
-8.491544067525912339e-08
2.603803233564499599e-08
2.331988620070913846e-08
-6.070278604841819224e-09
-7.838730644410503614e-08
-9.563354171042590595e-08
1.113740599905918011e-07
4.607741865144606081e-07
-2.400433940248152073e-07
-3.888653453680629628e-08
7.895106766274416912e-08
-1.593086112522540804e-08
-5.892954822349882860e-08
3.168572418249594179e-07
-1.458780907820660892e-07
-6.784914733137485797e-08
-2.932298432038701884e-07
9.542919136595407834e-08
6.961224350260923018e-08
8.910177473972234332e-08
9.034739735879911233e-08
3.120199122883693055e-07
1.759807401359238031e-07
-9.446961381252423994e-09
5.067604103186594307e-07
3.588162359607943099e-08
4.549133178059515353e-08
9.627821685553167843e-08
9.534940343552208877e-08
5.492093049011398591e-08
4.763845285329784576e-08
1.800135719389647603e-07
6.204293916118896316e-07
7.077288243791139155e-08
4.021461199135058445e-08
6.290209206337309193e-08
1.720990321344653107e-07
2.515764965060171401e-07
6.072863909545439419e-08
1.523887062444406535e-07
6.722208284625505636e-07
6.272711910654547990e-08
1.093380159556380403e-07
1.519491460594819423e-07
2.818544379159518897e-07
2.053346908414608659e-07
-3.882166862579433573e-08
6.946998460836510325e-07
-2.860429792641302235e-07
3.767617307896842332e-08
5.796404510740512094e-08
1.069166339538135429e-07
1.776949942572361591e-07
2.157959826739986974e-07
-4.109758033726782050e-08
-5.143627791038496048e-08
1.717328304169372630e-07
5.737660201075568761e-08
6.771581779525862107e-08
7.271242581595695222e-08
2.117644554035937283e-07
3.680525590779440598e-07
3.066180430079886029e-07
2.552696228909945800e-07
2.349666631984952997e-07
9.046618987704162548e-08
7.127346389730098213e-08
1.302093161766532008e-07
2.616290636826535347e-07
1.568285264246828467e-07
2.429345019648505063e-07
5.645476325877144944e-07
7.591878191328404289e-07
1.866963592790305447e-07
1.153521575854088749e-07
1.363073317929420458e-07
2.471847773596502800e-07
5.663223749267746809e-07
3.561160753645205674e-07
1.083876937203919365e-06
1.613824383362603104e-06
1.662076709017258075e-07
1.165004092069819030e-07
1.811934273196774213e-07
3.192665450581590159e-07
4.414146825212618757e-07
7.028710515408936350e-07
5.248052097358010939e-07
6.168968417984987541e-07
2.973651468378058366e-07
2.820690478207193074e-07
2.956216722655940360e-07
3.941445117260052397e-07
7.123892806430176742e-07
5.134457101224158857e-07
1.432830429344167083e-06
1.257192365417535732e-06
