5.284324482489600964e-08
-5.711268761035725712e-08
5.804162307196827361e-08
-5.394531967661145691e-08
7.481029157153881138e-07
6.863494686611877817e-08
5.824990666642044142e-07
2.510299328048625749e-07
1.935902249391404551e-08
5.637947923003456940e-08
1.754115605966223750e-07
6.802414018521319616e-08
1.481373610454809420e-07
1.088000213812765733e-08
2.180052956068486656e-07
-7.647856148129661616e-09
1.341339955787811270e-08
-2.538738147292706194e-10
-1.518531383009377442e-09
1.059457186091140687e-07
2.597490175019457565e-07
1.194284449782859948e-07
1.808871353614181693e-07
-4.406554043829625286e-07
-3.834999848306567773e-08
-2.136353697896008531e-09
4.891237367140302604e-08
1.956000777129068079e-07
4.227960040129308687e-07
3.824587449122198434e-08
4.859819345106784957e-08
-6.369494322728055427e-07
5.509566155196454036e-08
3.281559951447491019e-08
-6.790069225489583952e-08
2.115643560000174655e-07
3.998452042665110191e-07
1.927810205340563948e-07
-2.054014386953909165e-07
1.359270396122232706e-07
2.024414403157204343e-08
3.879023716166894815e-08
1.168776950888668867e-07
5.158073389781827804e-08
2.267974164753891050e-07
4.160626631955196688e-07
3.983782667930805560e-07
3.764971998904714109e-07
4.397315924486774935e-08
4.561568647106378350e-08
7.165993634115850781e-09
3.516343151147536300e-08
2.102926715272446182e-07
3.374817860880416058e-07
3.360147533641454848e-07
7.930000568194019500e-07
5.298832177580819417e-08
3.839446212539965567e-08
7.461068232036491058e-08
1.891807257345555349e-07
2.463859974299296868e-07
3.474141888316648681e-09
-1.134623729200236689e-08
-2.925822297332798925e-08
4.897529542068924793e-08
4.101489927531496149e-08
1.089351217344903575e-08
1.910870417557761708e-07
1.881685216258143634e-07
2.580690067354540133e-08
6.853182416415574418e-08
-2.443980359061000060e-07
7.636927757119653506e-08
6.637819368197033899e-08
8.497400828457268925e-08
1.673732766534574320e-07
3.521016301763127334e-07
3.784554554007151334e-07
2.755282840733270088e-07
2.429419528813780327e-08
7.295179452205144337e-08
7.314306679259111863e-08
1.039134332979813547e-07
2.587470409790982682e-07
2.642364524333860317e-07
4.982672479826727206e-07
4.540332037442758551e-07
6.602530564333512881e-07
8.069292595249738935e-08
4.455321814133761031e-08
1.737383856543075514e-07
1.530353368700678972e-07
2.317092373616571942e-07
2.877472348636244607e-07
2.459938933199108260e-07
4.539854432764343812e-07
1.784099344203035912e-07
9.137195261417039863e-08
1.300182068770699526e-07
2.918910511462405057e-07
3.362954217438353498e-07
3.297952297098215041e-07
4.493262123989107332e-07
2.027283735973787644e-07
1.635503587852955814e-07
1.385537179848207135e-07
1.333082393585875718e-07
3.414468043016125280e-07
3.634180194889227381e-07
7.227871107564335894e-07
7.631181659031942832e-07
1.000071580041716156e-06
2.328857586131139006e-07
2.290865000079013397e-07
4.264720494540898115e-07
3.156163504193471767e-07
6.035128971106720636e-07
5.691082345855564091e-07
1.723820845974250342e-06
1.212960039325148909e-06
