-4.388342365509868520e-08
5.892190196023938507e-08
1.956632353746954817e-08
2.259581916358477767e-07
6.035353646217137471e-08
7.995533961672805302e-08
7.358293557527137985e-08
8.312490153687750726e-07
-2.202029892546800330e-08
7.194493414750488384e-08
7.223609712311157385e-08
-9.078225290486124924e-08
1.035171655956932077e-07
-3.625028567389333922e-07
-7.748114381216260592e-08
9.448895036875598139e-07
5.560285896629927521e-08
5.323687774421281490e-08
9.510724062903000269e-08
1.063573382274246928e-07
9.156258815723438032e-08
3.705719460893386632e-07
-1.414925593316899728e-07
-5.753234288668533729e-08
1.382720778985417689e-08
4.664585003577135090e-09
3.674390959848338649e-08
1.499545285779675881e-07
7.155302977512015926e-08
2.937947100093249641e-08
3.230433522210844891e-07
2.868293357526056659e-07
-1.718301222841715102e-09
5.602181867748237398e-09
4.161410952054134780e-08
8.280260165570945861e-08
1.176585258406910849e-07
4.048892231129215704e-07
-1.509523973292862005e-07
1.327238893319797792e-07
9.769532345862587948e-10
8.161842546078183687e-10
4.009452615567605019e-08
2.014814061459971595e-09
-1.533755804316706165e-07
-5.744873015365765333e-08
2.313929418892138485e-07
-3.066025753484519137e-07
1.566090848308595248e-08
3.486420637602763748e-08
1.197797794837554685e-07
-2.034189556129885048e-08
2.384085261110094666e-08
5.581180368044353362e-08
-6.849100474949545128e-08
5.111632029119389653e-07
2.132768917606072900e-08
4.730962111532679791e-08
1.018409763421166446e-07
-2.774622293266697276e-09
1.971639570328934201e-07
1.459560178574342163e-07
2.141082674881742734e-07
2.832334777670004989e-07
3.045932828508335812e-08
1.030012855317605727e-07
8.271578950293694287e-08
-5.878038748320925633e-08
1.677567089795284721e-07
1.217465920759736281e-07
1.822546967799550802e-07
2.564665354168657796e-07
7.642516453319799947e-08
1.129346221358152252e-07
2.276744967457015259e-08
8.582503721790191678e-08
2.451721183454363127e-07
9.534865445190666674e-08
2.610342015340106986e-07
-4.243455304367936051e-08
7.720022375392245815e-08
1.102805194168052021e-07
6.766722063780601250e-08
1.856546975766737847e-07
4.235222057675245334e-07
3.586006463342285692e-07
3.100213416086887947e-07
7.541109420800116819e-07
5.949419506890296301e-08
1.244647416140021761e-07
1.529266667821617738e-07
2.017062378154470415e-07
2.919686761667896296e-07
2.759640643760993733e-07
-3.278060014732291757e-08
-3.044893056558788553e-07
1.805621778503965475e-07
1.724589114996042959e-07
2.353810461726259135e-07
2.119150406588962771e-07
3.580848835486031418e-07
4.426922480652042298e-07
5.414379642619336984e-07
1.087855927929458673e-06
1.514096383971511844e-07
1.958709452045764097e-07
2.150182456270627678e-07
3.483296796887854841e-07
5.568686163603875234e-07
5.366311688723625776e-07
5.903730835977880748e-07
1.086164827559813041e-06
1.762287071164910435e-07
3.222337548625965488e-07
2.076045026234312363e-07
3.982954615000874170e-07
5.366622673717951668e-07
9.491518801468296569e-08
5.131340823287474370e-07
6.664678713979321789e-07
