-3.131752219211947626e-08
-8.528350596089773571e-08
-7.319912326962829741e-08
-6.398239622562091431e-08
-1.023149940331989317e-07
-2.036553241413024766e-07
1.173039326290344648e-06
-6.677649620658173638e-07
4.103430552214648884e-08
-6.835868869720690082e-09
9.445510291799237191e-08
1.781007976465847370e-07
-7.210392912031902063e-09
-4.271196505970216206e-09
2.377400755165398727e-07
-7.698814534779626521e-08
4.399240891667375500e-09
5.595371821313046533e-08
-1.632358492824196392e-08
5.398255144084077251e-08
1.283785849962418647e-07
5.909529550649387801e-08
-5.772584447302834869e-08
4.394596867715404657e-07
4.743559688398604566e-09
5.286225324102022584e-08
7.369584365151242455e-08
1.544046116772383939e-07
1.892626959675084261e-07
8.789154744381127882e-08
-7.748477559633213221e-08
3.147744463835514343e-07
1.458549487411810445e-08
1.040906189786119116e-07
2.024449759585428223e-08
1.006598440935026892e-07
-1.030519745460758944e-07
3.764660278887483898e-07
6.120622357472886210e-07
2.715225254013696189e-07
3.126312854385266554e-08
1.295889985079078378e-08
2.881312996446186886e-08
-5.957745421893747352e-08
2.573470206981917367e-07
1.780376392253388318e-08
-3.889140215465162796e-07
-1.390272829624859553e-07
1.982378757156957519e-08
4.965962593303418652e-08
9.310607656875204929e-08
8.073897612305458896e-08
4.564606357828380669e-08
-1.454076940745003883e-08
1.710692187281895179e-07
-7.818373409905509846e-08
2.217490806400171900e-08
5.125684584080070437e-08
1.248123496683634586e-07
4.672364217899451312e-08
6.313347292273579413e-08
1.505440713494507951e-07
1.809453239853075194e-07
5.391187629742650071e-08
4.498645529932704341e-08
6.741714506470772941e-08
9.890847426614495202e-08
1.131843964752887785e-07
5.772378532564631202e-08
1.536215281132052445e-07
3.095689968984399025e-07
2.299411134622253702e-07
5.735014834602761152e-08
1.278162420591427940e-08
5.980184623816939143e-08
1.385219974332567870e-07
1.478376747924347507e-07
2.336250209723451677e-07
2.008285935418114114e-07
-2.142074363171709845e-07
8.329437159235819839e-08
1.085422665168673582e-07
1.216410399843199213e-07
1.874511414597002760e-07
2.435813052921590116e-07
2.729497069344456468e-07
2.005679094909949436e-07
6.324305241147005968e-07
7.967064058876421426e-08
1.140074523805765303e-07
1.879759974649407300e-07
1.304150560744273406e-07
1.369901857270513330e-07
2.122175431069063954e-07
1.127503083758799819e-07
4.175467769138565227e-07
1.384584846060895188e-07
1.599153533125264871e-07
1.655652383001718571e-07
3.478401375712304870e-07
2.566849388916458669e-07
5.022580740102283468e-07
4.535317158919537906e-07
3.276383014012772716e-07
1.823285928439356588e-07
2.054218294275856330e-07
2.438138157279833988e-07
3.312459452737875838e-07
4.688095315152090275e-07
6.066449501224245778e-07
6.026204152777072714e-07
5.794311022669284258e-07
1.916433790360929367e-07
2.826103463957782078e-07
3.161620892723835092e-07
5.320774657744002424e-07
4.385104558369026813e-07
4.931143160292509452e-07
7.401346860458025148e-07
1.267378508966379146e-06
