-2.202605839504489060e-08
-9.337283965747469955e-08
-5.607990368527919005e-08
-1.310166724379255256e-07
4.751625822259208629e-07
3.823566276938348204e-08
-9.794286766289206309e-07
-8.306050154127199999e-07
1.889423964773669300e-08
-2.428923136810333089e-08
-3.262254641000634566e-09
2.680294456953212305e-08
6.157357313393183603e-08
-1.341255953923182445e-07
-3.486204443761554769e-09
1.203580961343503862e-07
1.900509370481129160e-09
-9.392067483196483302e-09
-2.977135694210976848e-08
1.987358917424023044e-08
1.461170813079002483e-08
-6.873505386636900884e-08
8.190310695698676294e-07
-7.255505200660128400e-07
-1.584309886461286110e-08
3.990657219730373586e-08
4.614637171378738304e-08
-3.356841127744175268e-08
-1.127355759629462608e-07
3.451754622735851045e-07
1.405058131918964897e-07
4.534542801000631140e-07
4.975608908084332347e-08
6.788939180203599833e-08
2.102058005346975275e-07
1.545115093541559298e-08
9.433287891962738574e-08
4.659780044750691289e-07
2.722483999841085887e-07
-1.138356070992612363e-06
6.532057801595832328e-08
3.098640261954193976e-08
1.224018036034928827e-07
1.732646214730447516e-07
8.399385279170861647e-08
1.024175499979580350e-07
6.466566566890083508e-07
2.554147507135086926e-07
4.119803826348869115e-08
4.442247207454717505e-08
7.343801749583877480e-08
2.543103756008156392e-08
1.353106559146070709e-07
-6.727508158416209666e-08
-7.171343858877993607e-08
-2.216379976033927128e-07
2.629468203280398405e-08
9.010569569956525729e-08
1.153342758149255651e-07
6.604875190001957773e-08
1.509662790233098004e-07
-4.920392415645062231e-09
4.042198667812870368e-07
4.287298477003006646e-08
6.087244903207775141e-08
4.025909120188192126e-08
1.288639377027339147e-07
1.575499767521419342e-08
-7.976153122629106153e-09
1.148826643725441179e-07
3.341480660727155914e-08
-2.897303016216170132e-07
6.902745111830095730e-08
5.616212543770327002e-08
1.304600536821678559e-07
1.514391632552357955e-07
1.766881013440470181e-07
3.674762732411618065e-07
2.294562387312033389e-07
5.124188041489734891e-07
6.112306169242421568e-08
9.541464415905132390e-08
1.073788787725484225e-07
7.967726124477023406e-08
2.157553294686519917e-07
2.800112944991494876e-07
2.068227781624250400e-07
1.286330942086889150e-07
1.148388289501662081e-07
1.507581089128653542e-07
1.863812924031692933e-07
2.150085593597261890e-07
4.111232474670345027e-07
3.428752927067149832e-07
3.742005591307521005e-07
4.437798044418422939e-07
1.397970451771274491e-07
1.731560485820920868e-07
2.417148151817316680e-07
1.737998648869472218e-07
3.102748799161779426e-07
3.100457480786506436e-07
5.655146435035557871e-07
7.500302516542827227e-07
1.471450048482175490e-07
1.560830856928864763e-07
1.474292487548677050e-07
2.937081865422400377e-07
3.826649466471317506e-07
3.584259009203748475e-07
8.857145883659925883e-07
6.029797884378896058e-07
1.728206503448320730e-07
2.252507807887599979e-07
2.671457805308918209e-07
4.203632707068759840e-07
5.653716667221181874e-07
7.095203276035791462e-07
4.508975977327191931e-07
7.593196105746581349e-07
