8.238530591757056966e-08
7.394334915951452628e-08
1.868237058117100532e-07
1.910934585069878016e-08
-8.524044763926023323e-08
-3.457563888331387685e-07
-1.648804090743467348e-07
-7.623253107500239627e-07
2.258774038925327623e-08
-2.435681762022962410e-09
7.158069148619979856e-08
1.211523694129422338e-08
-2.496155243464627305e-08
-9.736248457993467708e-08
5.738229817684467655e-08
6.597695884173136767e-07
1.246014949018628297e-08
1.824086176461221744e-08
2.891859009662604851e-08
-3.998195750093481828e-08
3.946266959958318166e-07
-3.072718881069265450e-09
-2.819933584793833697e-08
-7.486512979730701165e-08
-1.811192498366663016e-09
-7.698379676838215044e-08
-7.478398062368147314e-08
-3.985624022879777370e-08
-5.571465664441526380e-08
1.386695961528025737e-07
3.227904874485507577e-07
6.668911160988541280e-07
1.476539538713452957e-08
-2.902857331492419051e-08
9.591946958179665743e-08
-1.140211626741823130e-07
-5.058794279877802036e-08
-4.819298738131777458e-08
7.056815933802167432e-08
-5.574517192915488141e-08
3.851901122596536415e-08
2.469624212404228343e-08
2.158328070893453388e-08
-5.514248481084358417e-09
-1.181547661863862514e-07
-1.701019929591080794e-07
4.722323917662940631e-07
7.595471715394749699e-08
3.994338572557257444e-08
6.171883807541279213e-08
9.778315345470387798e-08
1.046381770279343596e-07
1.235276511650358703e-07
4.120304939408889683e-07
3.362551644028108079e-07
-4.937000349558192395e-07
4.355568063425166698e-08
5.193637877237780987e-08
8.422766504748364196e-08
1.745106326248495433e-08
9.018131009011511219e-09
3.708099720199943988e-07
2.388959684995521731e-07
1.854662220474258636e-07
5.200737590754085919e-08
5.309156216838555994e-08
1.827611053296273861e-07
1.686636886379940705e-08
6.499715396063663101e-08
4.828788745953509624e-09
5.302081687867003846e-07
1.405077776041057393e-07
4.441225366371538234e-08
8.561669952827553485e-08
1.293698593070481905e-07
7.469442205647543459e-08
2.546535988864212988e-07
2.652944576236607074e-07
2.131979646905214578e-07
4.543137055891893315e-07
5.816762470797400087e-08
1.147410294196837497e-07
1.254371920880004980e-07
1.283708981018077014e-07
2.879102963623508517e-07
1.638529480048952166e-07
6.175306373262723062e-07
5.057416230069185508e-07
8.722770683963992214e-08
1.200576588808295674e-07
9.007730329609588512e-08
9.744152316140837177e-08
3.276676216050345436e-07
5.594083578771672298e-07
4.497269246373489385e-07
-6.779192977845055202e-08
6.606602865261138354e-08
1.490223224560299915e-07
2.172052259506223378e-07
2.352706786270197253e-07
1.809667497928587295e-07
4.465366858927521518e-07
8.832035632633319306e-07
6.060108334689230668e-07
1.243873268893894969e-07
1.664299611293666070e-07
2.093077398606514537e-07
2.684828028858922571e-07
3.784572019087740522e-07
4.487789128458164985e-07
7.183527912202200264e-07
8.046327474870195774e-07
1.638863118959696992e-07
1.890413920335522433e-07
1.353332745449395197e-07
2.071720503836247091e-07
3.245038269090227716e-07
6.308560964741112855e-07
5.216994140092424114e-07
5.791711688300250741e-07
