1.093296856154966987e-08
-8.455952755704441727e-08
-2.708736135931293353e-08
-6.623297812259321043e-09
1.025078555107767596e-07
-3.297730607328168047e-08
-5.706163111133997872e-07
3.730012078959879071e-07
-3.381874133665880034e-09
8.480302269968651910e-08
1.126991621181981547e-07
9.440287512985922817e-08
2.073596178926014527e-07
1.371227954681863184e-07
2.849861520505019875e-07
1.050987522674936076e-07
7.221087800205670655e-10
-4.417787083811785784e-08
-9.970948223897186798e-08
-2.923202583307629737e-08
1.126363840406245275e-07
1.541072843251856788e-07
5.183989494016168428e-07
-1.215005602581454561e-07
-4.165473337341859319e-08
1.363656140989547309e-08
-5.957348473747609343e-08
8.040472511046087118e-08
1.536118759830590097e-07
-1.811520571210511740e-07
-5.616775291223470212e-08
1.578736401698419040e-07
-2.409237473551142645e-08
1.991291844650046255e-08
-2.273977872759822376e-08
1.700170663521901660e-07
-7.866737023500324726e-08
-3.766415837119093692e-09
-2.039888405169762259e-07
6.854793139532619867e-08
8.106715729014974079e-08
4.046623551339060537e-08
1.396775939114695438e-07
8.420917071609326502e-08
6.769122593736337570e-08
2.034003565489981340e-07
1.373451957232206418e-07
-4.526701541562724096e-07
4.889030163872868882e-08
5.137318568252135682e-08
2.744379408883908326e-08
8.219066292235176812e-08
1.233829890621714510e-07
6.941053506289150080e-08
2.823150274544031222e-07
2.470266520584195321e-07
1.905751773612557910e-08
3.130910748556048260e-08
2.972952151358118089e-08
-5.973259936458764783e-09
2.225147998605407303e-07
2.653393600351023425e-08
2.818490371663793996e-07
-3.531427587145117278e-08
5.631740329639521818e-08
1.837290293424058456e-08
7.795052060083031435e-08
-2.381432188779065442e-08
-1.781263354978864567e-08
1.138338503674051704e-07
1.522295189617157878e-07
-3.789542939743244205e-08
4.914756635172212486e-08
8.928006795893458332e-08
1.957091571871162049e-07
5.700319118612937792e-08
3.058008212971678104e-07
3.198832199591668283e-07
4.030054486726353866e-07
4.047901776462857885e-07
6.931852606301050431e-08
6.141186635416834891e-08
1.143290116597573419e-07
7.961540528733001537e-09
2.398941088860538347e-07
3.830757940160330126e-07
5.073035848518641857e-07
5.139721470634206874e-07
6.631438841719768595e-08
9.227025831241289693e-08
1.653084919397459655e-07
1.128074327188932249e-07
1.724959746372388705e-07
3.656159827326118694e-07
3.419299032941505187e-07
2.452492052822542252e-07
1.174978955481393730e-07
1.737824690838888407e-07
1.158311153619236592e-07
2.547884852640158590e-07
3.018172029817943012e-07
4.510396974105535941e-07
3.008598204992153756e-07
3.054459671755365738e-07
1.143010636462214491e-07
1.615132004879513380e-07
1.905998151906325370e-07
1.554611038377074268e-07
2.932798032853333878e-07
4.807686019661262466e-07
5.239584271076105062e-07
4.689412860851563733e-07
1.372432163179734382e-07
2.438335785368124666e-07
3.084539193021501133e-07
3.377011862574400742e-07
5.015978119386726927e-07
7.188183097952138348e-07
1.157841656885862918e-07
1.221332928728570385e-06
