-1.228984271813950241e-08
-6.601898598436682502e-09
2.557860641241273237e-08
-1.534227390605032620e-07
-5.533214055364463956e-07
-4.079913588670210110e-08
-5.785225445659825302e-07
2.399009437049172336e-07
1.287041992924967088e-08
1.735562360656296595e-08
1.156255101395824752e-08
-2.621159408815515219e-08
4.600967344232042445e-07
-4.377950419651349631e-08
4.023256106049121133e-08
-8.401643463111441755e-07
5.668321449039898672e-09
-4.084887210517658689e-08
9.920634564007093115e-08
1.719979489118026047e-08
5.696297498322691518e-08
-6.310769139777578009e-08
2.661347651275988316e-07
1.643846057061684655e-08
5.126129466493331694e-08
1.268722060437216460e-08
-2.868919648453864880e-08
8.436135644002042537e-08
3.204672181826505619e-07
1.499155719650322430e-07
2.831186388269468771e-07
2.867266357545366814e-07
-1.465495966044398150e-08
5.330419060013079704e-08
8.664105062499286613e-09
-1.039957326733843184e-07
-2.646028564435863080e-08
-1.282290583346239143e-07
1.781982292015645945e-07
-2.777408927687945296e-07
4.572265260427448259e-08
-1.278851143054056965e-08
1.806549662640283367e-08
7.618951180303396204e-08
8.739081985878584376e-08
2.220767663470132872e-07
2.643967656553107219e-07
-1.357767294211595069e-07
4.055605929892532368e-08
2.317755758140438964e-08
5.193604215850859355e-08
1.742288033763610556e-08
9.019533409806665751e-08
3.725247367037329761e-08
7.828327107922390869e-08
8.105459139992290576e-08
3.014059827945892266e-08
3.877887928352394088e-08
5.205260987179618120e-08
1.556003777913078223e-07
-7.593537077334226223e-08
1.197895562133368614e-07
2.089294733424517408e-07
4.050258044492400638e-07
6.613589717165936722e-08
2.249312905536205994e-08
8.030640792408242443e-08
1.235786974074921029e-07
2.107803723831308277e-07
3.777652711779132075e-07
3.167899428030360123e-07
1.473885146391391206e-07
5.051191041891777992e-08
8.654857889532926452e-08
1.339700642239633415e-07
1.385099154562178186e-07
1.944369898451296335e-07
3.345662755132166254e-07
9.085599874131867844e-09
5.717975764881475953e-07
9.243631301152916912e-08
9.357602958334230280e-08
1.199461290639593774e-07
1.264700951489260945e-07
2.281136794943355225e-07
3.553457767353015119e-07
2.084035269189462751e-07
9.465821451442010019e-07
1.092108493481726208e-07
1.549030769988268417e-07
1.853551388054949863e-07
2.867606320439474288e-07
3.454776226661347117e-07
2.405092284654278026e-07
4.016217743675053037e-07
6.611960232064608837e-07
1.033500910193091300e-07
1.539860743372845131e-07
1.583474481234186220e-07
2.621984835365092475e-07
2.256121048679332228e-07
2.520728309998170995e-07
3.924401777007840193e-07
7.089382065854662065e-07
1.452036938316727782e-07
1.994067048180222459e-07
2.792526958978021943e-07
2.872851879043507516e-07
3.311847212001019561e-07
3.673926145499999488e-07
8.151203516345712085e-07
4.073014159031658194e-07
2.090420170321164012e-07
2.752354458093474080e-07
3.319702777206871038e-07
4.747636781646666447e-07
4.847347203857606642e-07
5.146531869985912117e-07
6.531348500900592331e-07
9.727097264223204018e-07
