-7.643035367039439068e-08
-6.001387108001579371e-08
-5.278333343238045554e-10
2.189255001006963063e-07
-2.024907188418596862e-07
-2.867996195221416497e-07
5.176131528452063071e-07
-5.629222498867233161e-08
3.032622165794218959e-08
-1.112005526642503580e-09
-8.578426562411251440e-08
7.449523603173496500e-08
-1.436329103864645965e-07
4.131640101454748279e-08
3.041709551848230787e-08
3.538622536855446737e-07
-2.044012629070273008e-08
-6.622798442931545049e-09
-6.404191242084578907e-08
1.568804731845057800e-07
3.631117595243875645e-07
4.515021088920655167e-07
1.166764163913907165e-07
2.343746210526375201e-07
3.202368975976668258e-08
-1.275982170762477968e-08
4.538099512298804863e-08
8.839491872541541282e-09
2.546709266653995240e-08
-2.564265928909753220e-07
-6.960746682715417472e-08
1.687280406095136195e-07
2.443889487112887132e-08
6.946205229482214584e-08
-2.478413484593200474e-08
2.013542602970630121e-07
6.106289274196830486e-08
1.700298545911770313e-07
3.080718020530411011e-07
-1.127345121314385228e-07
3.642369004996856755e-08
5.345186799261507582e-08
-7.448369509585480030e-08
1.358492854933649438e-07
3.879745921427393260e-07
-3.608010751859603496e-08
1.162978606321192698e-07
3.560932895787797839e-08
2.864212025915406251e-08
5.156532583316194220e-08
-2.122625574494511474e-08
9.254572932209471718e-08
-9.276219296667685604e-08
1.675984483704505744e-07
3.358182214412920465e-07
4.395372625217603820e-09
9.686308711273135999e-08
6.919440545657395020e-08
9.711603266910356970e-08
2.725075553238693152e-07
2.331233999569277502e-07
1.360584566255727417e-07
-9.014782747257900627e-08
-1.742767083666332008e-07
8.011144229771280808e-08
7.928263790164591538e-08
4.926212380772961678e-08
8.216078871098676588e-08
1.112265473734514715e-07
-1.263196832986523264e-07
7.575788446140408388e-08
1.013893677810026428e-07
6.002556791415353396e-08
5.042734104239524145e-08
1.342132343145126910e-07
1.543915019287711636e-07
1.307525290121052308e-07
2.336950003036987953e-07
1.992192523919641717e-07
3.671758528863254004e-07
7.430323934812180012e-08
5.447403668180549281e-08
1.128727624511995663e-07
1.635918466328624638e-07
2.480005599529612598e-07
1.391510637481203737e-07
6.115091495519172828e-07
4.486823695808454675e-07
1.137964871607494248e-07
1.071473767778972981e-07
1.151823976180439588e-07
2.161589987228493571e-07
3.653084824796839490e-07
4.865370557132421596e-07
4.082324834451771218e-07
6.332700760312712023e-07
1.543463806620907940e-07
1.181206019063094358e-07
2.802951433232037899e-07
3.626011535479469682e-07
3.769418176930353290e-07
1.921679010286170235e-07
-8.918188711266424721e-08
6.643258486344743638e-08
1.841663770952703225e-07
1.991076649658975943e-07
3.181967633747670153e-07
2.584024320110896386e-07
5.203220783464858785e-07
4.550300741509195884e-07
6.091512431133668708e-07
7.848247157088003070e-07
2.544014820038216845e-07
3.066046130476009858e-07
3.345444091819784998e-07
4.944835407547985717e-07
8.688856058544283247e-07
1.008222614772212850e-06
6.486225886363185843e-07
8.496265768320207034e-07
