9.789718972698880796e-08
2.018503175208197832e-08
-1.864477656517529664e-07
1.641992087503974599e-07
-6.097287093398081744e-09
5.881438373432514131e-08
-3.497491421688677470e-07
-5.455905790429469392e-07
6.024627529860431373e-08
-2.614642599508084769e-08
1.089098514437370982e-07
7.515083695158891722e-08
-2.633709630033946511e-07
9.489123826546163668e-08
-1.418926312886512494e-07
-2.853211598427129059e-07
4.365469257312113733e-08
-1.222855982014341475e-09
1.170119843545458935e-08
1.283753418227254071e-07
-4.133025018133807467e-08
6.841823723048157955e-09
2.807209449464333471e-07
-2.255718132379374177e-07
3.670837327090528028e-08
-7.848919880794274650e-09
9.177928368811619748e-09
-1.095820866784311209e-08
2.719698638946230687e-07
2.792716217315016130e-07
1.721714831042327697e-07
3.849070204678289625e-07
6.369396487557138271e-08
4.001189877487856654e-08
1.938789839262026714e-08
5.373541499426392698e-08
-3.299014301465636547e-09
-2.721865504108219738e-07
4.375820124787379637e-07
-4.248448967934787699e-07
-5.273155763397864385e-08
-2.552525369846472804e-08
6.597046035791038589e-08
9.975650794509098316e-08
1.385471492887468491e-07
-2.804381169886574749e-07
4.209939507450354053e-07
-5.127698464923978040e-07
2.645554183749326984e-08
1.280310154594053241e-08
3.058285541334233744e-08
6.783109149155793505e-08
-6.396404241390608715e-09
2.444584804911036662e-07
1.378529085773912788e-07
-1.949058061523838968e-07
1.907096903812795319e-08
3.718363475113014958e-08
1.493791910361943350e-07
6.715597902803984703e-08
9.140781869774437817e-08
1.849250445915175416e-07
8.807348556708645020e-09
1.179315643878460171e-08
8.206371523060152828e-09
-1.780834519538484229e-08
2.986479886688350670e-08
1.006360415775862397e-07
-8.529236721968104044e-08
3.723184066394687704e-07
1.395301367283988590e-07
-2.889572856480164280e-07
6.000131051771524125e-08
6.268685025101108951e-08
1.607816457411041180e-07
1.053956779748687537e-07
2.095402570946463645e-07
3.222468960254886841e-07
2.963961384248111108e-07
1.707890198489376044e-07
8.852460881491040166e-08
1.011654995931944741e-07
1.063196850831579069e-07
1.446613720802827624e-07
2.406098146203600440e-07
2.815062863764420466e-07
3.052254159722922110e-07
2.824206133782504611e-07
1.249058704190598877e-07
1.490474809842612235e-07
1.586569737683781532e-07
2.033595110694160330e-07
1.703326754274190783e-07
5.987880444247321005e-07
4.432930517048169069e-07
6.923270052666522661e-07
8.943331708043685858e-08
1.657023059055650465e-07
2.034335670700087137e-07
2.653365173006968919e-07
3.800905681924341395e-07
3.299808112388498159e-07
8.703503604397388391e-07
5.595846290017564769e-07
1.042951325576725934e-07
1.795004951199132714e-07
1.597411169113656536e-07
4.318358841817157574e-07
2.453203067328637857e-07
4.475299542193839452e-07
6.110174506164686095e-07
1.012095938852029488e-06
1.638578672517824539e-07
2.278987816725268698e-07
2.591306470255208209e-07
4.212679167059218346e-07
5.615600769723824596e-07
6.185058088715701002e-07
7.985494721827667914e-07
7.426778402450089156e-07
