2.731715472721144666e-08
-8.892220128447786325e-08
1.002259141466360998e-07
2.743067669605079865e-07
-1.098309021537884015e-07
-9.943056854620809626e-07
6.600827388593853325e-07
-1.068780099689098632e-07
-1.446578590018865330e-08
-8.485370403152853659e-10
4.010841942218190252e-08
1.025428358698934442e-07
3.994397542819378180e-08
4.558689205453404760e-07
1.258028348731689545e-07
3.554178855760212019e-07
1.347162109998710239e-09
7.071849829806082730e-08
1.159397151055926522e-09
1.885148426719157942e-07
2.097972783386788035e-07
3.004800284287292702e-07
-2.491406922928820514e-08
4.385850148959327721e-07
-1.810525775360157509e-08
2.238637211511180620e-08
8.528907628243842597e-08
8.295544956864008915e-08
2.304347326400136669e-07
-4.316128551385313569e-07
7.741358136756783947e-08
-4.483398922186519552e-07
3.883578632948765957e-08
4.302705049756463797e-08
8.718258658418806320e-08
2.851075460337782597e-08
-6.588705308842287447e-08
-2.941997213088710351e-08
-5.253590566559007080e-07
1.874781143861474674e-07
5.123263053955327144e-08
7.810054293151981044e-08
8.370252101299647782e-08
2.937114409291468854e-08
1.699999415092350809e-07
1.745112520150437363e-07
4.885627559366738784e-07
4.038842638760680387e-08
3.460324614989891896e-08
1.069895093092790189e-07
9.391253783903298898e-08
2.879851500388827786e-08
3.539831435011814175e-08
1.409710021601849743e-07
3.287030521305619550e-07
-2.486668377825723935e-07
6.051627677809827531e-08
9.969987470186591845e-08
8.290472304405245108e-08
1.253215716690544317e-08
1.187693383689081320e-07
1.150035083586564914e-07
2.687918543647169971e-07
1.105233637575688076e-07
7.687380874909576431e-08
1.024897664605179811e-07
2.161053327934965360e-08
6.327685454055561296e-08
1.349475960895627380e-07
1.149173296399460028e-07
2.612212520553650856e-07
2.281091566427101821e-07
3.100574711113859935e-08
9.540076387750861927e-08
9.939912086806993769e-08
9.631899343750917157e-08
2.722280040406863364e-07
1.607811502459420286e-07
5.303751441504051812e-07
-5.612436313551817773e-08
6.077672588372106488e-08
1.134246842633554507e-07
1.276666919725940326e-07
6.063395366952411751e-08
1.816120894813530518e-07
2.642803068213677759e-07
5.007529273717273545e-07
4.375069922031722862e-07
9.381465524337828364e-08
1.221490114933972519e-07
3.630075327142628755e-08
1.638265931981421635e-07
2.679771173388630138e-07
3.145855075601635547e-07
6.348353644072486799e-07
2.020332293008655769e-07
1.318167207841595032e-07
2.591822740447835442e-07
1.845789879945482949e-07
2.069236606968101102e-07
4.797810149902034301e-07
7.675155733045029594e-07
5.194646314094046777e-07
-5.415602247399095957e-07
1.251398089548520748e-07
1.750948209158240690e-07
2.112270979751250520e-07
3.603362832165019644e-07
3.203258746221161847e-07
6.751982354996740141e-07
2.203909315200514612e-07
6.312908177282243301e-07
1.459527161302119254e-07
2.399864316297012245e-07
4.465675822431016038e-07
3.823050275901982108e-07
1.949153390899054874e-07
4.948905976069300249e-07
5.689404780652082471e-07
-5.826975484638405847e-07
