-2.582365008516662283e-08
-4.412663181424544685e-08
1.302708870238649177e-07
-2.121322039295039711e-07
7.557058317238698567e-08
-3.784561036099821617e-07
-3.842657909620708879e-07
1.597625926600506957e-06
2.845510804714975189e-08
1.692368283322059713e-08
2.954893669307801377e-08
-4.304567964679390262e-08
3.376515517762190050e-07
2.314848392811924751e-07
3.873890191302212753e-07
4.252112174927849765e-07
-6.286648497637936892e-09
6.038218345050129864e-09
7.850007351414420292e-08
1.725120558138060062e-07
5.793784752753223859e-08
1.480114194628028930e-07
2.577244207755901125e-08
-1.409970580804921915e-07
2.056178594940739740e-08
1.051184744174387749e-07
2.736139631975988393e-08
1.950582604237148668e-08
3.693824330937299934e-07
7.536299110921436857e-08
-4.801118860942474384e-07
2.328434926655416599e-07
5.407588937294265261e-08
-1.160119412963568745e-08
4.813664131378158603e-08
7.923517763562034087e-08
-3.831883479455360544e-08
1.964689744237553854e-07
2.188415136706951951e-07
2.751567280814344220e-08
1.131626958067113510e-08
9.578231788180865464e-08
-7.210390014046442941e-08
2.135158671974835197e-08
-3.265319161314466375e-08
3.741204355942295657e-07
3.174512385489964817e-07
1.830993840991368757e-07
3.110021923356792657e-08
4.557273276267176892e-08
9.856940449454328038e-08
6.994879914117520499e-08
2.193846351239723525e-07
1.074827907271998771e-07
2.208393734707603843e-07
1.374091258088706851e-07
3.602419410661044647e-08
5.074516452967149460e-08
7.595321539578811320e-08
2.582540007777405213e-08
1.212619340096239781e-07
3.643556102433204564e-07
4.410296291843523304e-07
-2.451211973528710820e-07
6.927628569291886858e-08
6.010051528669004454e-08
8.437154111196617376e-08
1.032642628834405954e-07
1.361942125458755808e-07
1.541864151139156065e-07
1.501400006140200264e-07
2.991917646650357565e-07
3.965957106589797679e-08
7.700104018386208213e-08
1.319695980608390488e-07
1.383155735651579770e-07
3.441664016828473746e-07
5.224411138305967220e-08
2.384950817639912881e-07
1.531645913057284763e-07
6.234977384614013108e-08
1.056635813969504378e-07
1.410255822855944702e-07
1.780714223330667774e-07
1.067704155718089330e-07
2.040592788424351104e-07
1.637833843638311125e-07
6.923069487488872694e-07
4.606495261671117654e-08
9.899996103168713585e-08
1.177028640508098287e-07
2.903848189698621387e-07
2.041180258336980412e-07
6.061417525449683484e-08
4.571469783611782734e-07
-9.437318407885339386e-08
1.407441832702695340e-07
1.621937334455788105e-07
1.404312430783690004e-07
2.105702584244264998e-07
3.230581992204643730e-07
3.261422547781578442e-07
6.039199756325725555e-07
1.591316981428818998e-07
1.384347287682700281e-07
1.362239432282054141e-07
1.298683569476387591e-07
3.026068680417479796e-07
4.270249971949188409e-07
2.505870572822639764e-07
4.215281407867221560e-07
8.788930651939039518e-07
2.537721449683585292e-07
2.126534756868184066e-07
3.746520154590970854e-07
4.066244710791469075e-07
3.572683412711621260e-07
3.185202184895095710e-07
9.570102046723530120e-07
1.416204769645476300e-06
