-8.907748538604059599e-09
-1.701586376132048984e-08
-1.280094304053219840e-07
-2.630299713814516404e-08
1.166259196557571836e-07
4.143438327105778126e-08
-9.383280167399037819e-07
-2.977774960032031406e-07
3.648038391754540875e-08
8.546109385636333937e-10
-6.937107235610230196e-08
-4.516072198853177667e-08
9.406605285696286677e-08
-2.328421450648811997e-07
-1.482638621850776377e-07
-2.957337744537928661e-07
1.043916307232198324e-08
-2.185913899430183602e-08
3.356655725485763541e-08
-6.854955025354356048e-08
-3.341975973689006691e-08
1.640771638060907393e-07
4.468535595753737058e-07
-4.397631121184324920e-07
1.261361937553282873e-08
9.348835298903185288e-09
-5.196555513921265481e-08
-7.073033224575216907e-08
-1.081010565015160462e-07
1.080516659560943381e-07
-1.210712876839997727e-07
8.284144506740274606e-08
4.480603488379911568e-08
-3.033900456271218297e-10
3.453095795098445971e-08
2.291376809495391812e-07
4.370829892142425681e-08
3.063415598083344135e-07
2.961962951511464373e-07
-2.527016251166848747e-07
4.627632302804649569e-08
4.543868794821977140e-08
9.435362340550988457e-08
4.101863462102322298e-08
1.761466023798145576e-07
2.853801968012677585e-07
5.396710214581294284e-07
4.018970850471970260e-07
6.548987810370833867e-08
6.057616969239962176e-08
8.221220161053067754e-08
1.168682740729910254e-07
1.299746292874317120e-07
-6.289582664510443546e-08
7.387118097565903421e-10
-1.887583786747747121e-08
2.014640126333207713e-08
3.520488627121499984e-08
1.356573845970161629e-07
-8.785346442667904478e-08
9.877303184995413929e-08
1.410118879275930128e-07
-7.628477891345289011e-08
1.031286235790059995e-07
6.679453944037708020e-08
4.264577756626483376e-08
6.215036629004398793e-08
5.446929695295931219e-08
3.318906745411401530e-08
2.451239431499557188e-07
3.725651649266205739e-07
4.100017429734532612e-07
7.253023901532308580e-08
1.194066088498918018e-07
1.380631297653261391e-07
3.240870852728036097e-08
1.177909947729577890e-07
2.183078932261064794e-07
2.992548254397988448e-07
-7.053314769124550035e-08
1.105797716984503631e-07
1.404471387702006644e-07
1.943059883213448473e-07
1.800342396091539111e-07
2.749959455642073444e-07
3.298773397183794111e-07
6.545352205178376239e-07
3.088961986530356602e-07
8.659235713177217121e-08
1.004643142248251292e-07
1.551525117286498352e-07
2.572041970182172217e-07
3.197413605542461489e-07
3.914298616227206536e-07
2.128731315353374505e-07
6.713547692881929823e-07
1.213309788420215985e-07
1.620778084204263871e-07
1.872102120887326519e-07
4.633755617578696554e-07
3.096237905394705985e-07
6.218537896136854353e-07
1.189918068890653910e-07
2.340952416747153241e-07
1.431219251576274005e-07
2.192926161554853518e-07
2.271040393938484324e-07
2.573848304877893770e-07
5.058117636722931113e-07
6.162172691542283823e-07
6.853402139129756264e-07
9.451190674483887349e-07
1.489941470329625993e-07
2.212826616124488382e-07
2.955330593250471257e-07
2.843697988808250155e-07
6.422988003767712288e-07
1.006187714297527633e-06
8.150938110468933674e-07
1.021838835605613793e-06
