1.352457362601707696e-08
2.760005304936572471e-08
-1.557717115052231352e-08
9.431676946794196793e-08
-1.181271337908988453e-07
3.122690340604815599e-07
-3.102881057754596319e-07
5.464020989952956980e-08
7.053894386502298628e-08
6.583457512977411679e-08
9.423906813505122048e-09
6.511514620647669320e-08
7.552343964358974008e-08
1.356661344700425657e-07
5.338364825805888519e-07
-2.439170454487907762e-07
4.224245898951929018e-08
-2.566647954379857683e-08
5.382235915362088219e-08
-6.097621322190543470e-08
-2.318851790704294684e-08
3.420915996622662010e-07
5.850575614610946065e-08
-4.028862907833570519e-07
9.715473391935757977e-08
5.974951889352424403e-08
4.383301440560964521e-08
-7.499948028814169890e-08
7.678826042788425455e-08
2.930547175060607394e-07
1.277914924848805106e-07
5.418011137703902911e-07
4.384145935260415182e-08
5.738812406293996495e-08
1.197195998438517733e-07
-8.414767107460485330e-08
-5.029895250676127410e-09
-3.796061956174030139e-07
2.698233320870622088e-07
-5.760197443266405909e-07
3.670716855743790123e-08
1.415925150523645333e-07
9.421758615701996086e-08
-5.185635575770011647e-08
-9.085121006955248735e-08
-1.218758282039559090e-07
4.418232404327054796e-07
-2.639166559103215411e-07
1.760475938170297054e-08
5.616645808783451271e-08
9.219825423280178872e-08
1.021143451620102625e-07
2.881109582881908484e-08
1.586350537164132118e-07
-1.188473440268929876e-07
2.820261654302116371e-07
6.516650094596567079e-08
3.253504587761375258e-08
4.969797453428776090e-08
1.138483792298987707e-07
9.702695660531974604e-08
-1.425810330178839744e-07
4.138770766089091476e-07
1.511997189925356979e-07
4.539405267684513475e-08
1.335622956340190369e-07
9.048938384782984330e-08
1.186233934696548735e-07
2.482421083662999026e-07
1.801996027696287450e-07
2.135320369734300698e-07
2.399791408940483706e-08
9.714296187238488412e-08
9.350281100373224177e-08
1.295549808333274823e-07
1.713373510966274774e-07
4.999552256890412663e-08
2.176510222963106753e-07
4.716386802040476788e-07
6.290086299084145616e-07
1.085806845257363202e-07
9.249513554260116201e-08
1.378559236327960793e-07
2.258185942257577872e-07
2.236326071052193114e-07
2.254381790294288339e-07
2.019462386674702114e-07
2.370246724852370327e-07
1.153887564857027111e-07
9.509524551531341207e-08
1.925456206144725941e-07
2.100831594738767483e-07
3.939978894523259962e-07
2.202754670141302620e-07
6.583742447365936961e-07
8.439406379902524608e-07
1.907381163404030541e-07
1.577692267875167205e-07
2.413255422790832538e-07
2.334856645939175087e-07
3.754870383230788386e-07
5.167038368855306011e-07
6.387004432747414237e-07
1.597665212296969309e-06
1.983131699228988442e-07
1.832323742107568480e-07
1.553573286243173646e-07
3.111970059771446415e-07
4.097799465995519661e-07
6.956714025795306105e-07
5.478249525231489969e-07
2.059297685553065389e-07
2.101059561053298057e-07
2.510947054907515946e-07
4.308676088932162521e-07
4.273073683912219273e-07
5.385368951579690140e-07
4.896205727159135407e-07
7.877870087085624242e-07
2.027573644450590162e-06
