7.479742851544594751e-08
2.150782922976509138e-07
-6.370786830940185378e-08
-2.946569913667016426e-07
1.488068020007874893e-07
1.131750956473996064e-08
5.348404957631317786e-07
-1.069442655029877309e-06
-1.610379518587444252e-09
1.760692533736696214e-08
-1.125750456975945160e-07
1.079930370327479165e-07
-1.038737744304737855e-07
8.091566211366687121e-08
-2.012336343908584927e-07
9.607888143443634435e-08
5.809889677103076498e-09
4.434590085557304452e-08
-5.890457780820610628e-08
5.223453187128511876e-08
3.484747293425961851e-08
1.409635987057981327e-07
4.159719626934326893e-07
1.590952608326326457e-07
-5.722508799143151677e-09
1.340449916688614104e-08
-6.392249643347157992e-09
6.500226157193075022e-08
-9.169588542827426669e-08
-3.484013809035322678e-07
1.080408121596747904e-07
1.354076325028021249e-08
-2.209754274571286126e-08
2.012629622013257305e-08
-5.362668161011359866e-08
-7.482967621163738076e-09
-1.755554312447590386e-08
1.467283008763555256e-07
-2.525236509320046914e-07
-5.846193594167332294e-07
-3.289053702429386560e-08
-2.122673220084138108e-08
3.823778891044494382e-08
3.598877002725461353e-08
1.057970250808254479e-07
4.006038422369469727e-07
-5.799028722306916337e-07
-1.393365240839856653e-07
3.551773002024667562e-08
5.847900498251492586e-08
6.211922127860782026e-08
2.048993903199049940e-08
2.543352321288434011e-07
5.750060469967941580e-08
-2.708633725443772567e-08
-8.909870572888734708e-08
3.654317871963234514e-08
8.806192675811498293e-09
1.169619587934533540e-07
3.865380707770112275e-08
1.681433375531371882e-07
3.190971375693801355e-07
4.555793948118496132e-07
-1.299594981411015136e-07
1.849563229232045113e-08
5.529319844611369912e-08
-1.737785402655560616e-09
1.060523758695976926e-07
1.435469142465334530e-07
2.124194226494481524e-07
2.096807362516551614e-07
2.064642259090892915e-07
3.767967752541510977e-08
7.225438636150085412e-08
1.005733698714002837e-08
2.389576043423061385e-08
2.388605758689166563e-07
3.851102014535460945e-07
5.512281449749062661e-07
2.745450183745940874e-07
1.007532476255735875e-07
1.285732772925115471e-07
6.068763324084227708e-08
1.046252221490844394e-07
2.033332489289788169e-07
4.474111856464459812e-07
4.598306812321540929e-07
-2.827142291685789421e-08
5.605380840824078222e-08
1.273158730074554939e-07
7.888415978806934387e-08
1.690818659386323788e-07
1.906252392281638304e-07
4.481667212827916764e-07
5.415411200850158535e-07
2.590694869637996598e-07
2.218522230977005738e-07
1.698507913259032979e-07
2.751294187564131364e-07
3.413557219625503708e-07
4.449584339432555348e-07
4.860568005875958464e-07
1.103137618856639100e-06
-1.237357865039538804e-07
1.556791432600486603e-07
1.728507557640022796e-07
2.044572861178397208e-07
3.181395039363926061e-07
4.738372679203509534e-07
7.076244441556357991e-07
4.149114353240064790e-07
6.036734024189551062e-07
1.338539901479776804e-07
2.319010252979257516e-07
2.341800414317390325e-07
4.606856444516978478e-07
5.065708238064304065e-07
4.368873433343835539e-07
1.042648203745896395e-06
2.033918491805775213e-06
