2.441180497688196074e-08
1.321827158032254471e-07
8.807890943194936644e-08
-1.406249299595015162e-07
-1.838807142506925020e-07
-1.003491905967110002e-06
-2.730173803824732978e-07
2.347155744877186448e-07
1.128743729686295808e-08
4.083044129337051041e-08
-2.112600931856245708e-08
2.258780285733164358e-09
3.197178174369743209e-08
2.868358107397584883e-07
-1.131780509648159015e-07
-3.602578472531184816e-07
1.081021427878622131e-08
5.976202055219920705e-09
3.081661688938061153e-08
-6.077378104835808880e-09
-8.280572813206530057e-09
-1.300598294599647808e-07
2.085722080948407537e-07
-4.882735064334880399e-07
1.019381022119819648e-08
7.124548213360155568e-09
3.775956755460572073e-08
8.387698002619468994e-08
1.057271686842646394e-07
1.620814590659230966e-07
4.425030981303733128e-08
-5.261934254760020351e-07
2.412796870410205252e-08
-2.046615730565509465e-08
-7.401647049537065254e-08
7.364150059088592703e-08
3.476522005797991935e-08
-7.330505919725213178e-08
4.836100575836752325e-07
2.011864107648349285e-07
1.761942936810371875e-08
8.687064240317955254e-08
1.260621885500734145e-07
1.706784396359759138e-07
1.122198909412037473e-07
4.844759366445650036e-07
-9.949740816958436565e-09
-1.092671795558800979e-09
2.977682915258556495e-08
1.394035228420752322e-08
3.030360605478669127e-09
6.657026677528644284e-08
2.313335256263743756e-07
2.539802278410630373e-07
1.231398936336628714e-07
-1.693773815538934004e-07
5.412707223173111688e-08
3.585811233387440624e-09
5.735194133397984416e-08
7.092593263161233929e-08
1.767465713120057706e-07
8.513554274710625535e-08
5.304568287434398993e-07
-1.572034442129561043e-07
2.107337398633032052e-08
2.884817316774470108e-08
7.844668750847029531e-08
4.041838941701567437e-08
2.045110516325668756e-07
1.504924723462076840e-07
1.385016403746637916e-07
2.833465373504898365e-07
6.822115942809333042e-08
5.369182808777973168e-08
4.495310297309002333e-08
1.104803503180147412e-07
1.669474613770161621e-07
1.572865427487140781e-07
2.474294151036410802e-07
4.055322130504659977e-07
5.782737050803278360e-08
9.308003489207920620e-08
1.575409573480370208e-07
2.044711155539808014e-07
1.494307787567858998e-07
3.425699822031190473e-07
5.812710838149963356e-07
4.406886765686938699e-07
7.993804903234629891e-08
7.653550241703790042e-08
1.127506932694999166e-07
1.466967773165937759e-07
1.161148348212396934e-07
6.846560086800787985e-07
5.672732960914664973e-07
1.570805921648011169e-07
1.111007109315042512e-07
1.322068179287407746e-07
2.188437427386847423e-07
2.579838266844328432e-07
2.294098199543081276e-07
4.577823814905655056e-07
8.126645235323508055e-07
4.923898679563081627e-08
1.311820371051725257e-07
1.901668400592600000e-07
2.530593580086797763e-07
2.388898745502524118e-07
4.308941147893325966e-07
6.505685657794066480e-07
5.885613098829260820e-07
7.801362156732746508e-07
1.847205054641785628e-07
2.720897349799049786e-07
2.502482661802754687e-07
4.075931330482594325e-07
2.816761753410343772e-07
8.465573059028762374e-07
9.163839984982144047e-07
1.069143610554052373e-06
