8.905320053516914825e-08
4.927862381402086021e-08
-5.510776224958945109e-08
4.238894155091426254e-07
-1.671382552745476735e-07
4.602940188957295245e-07
-5.196244717494953127e-07
-4.421688179661326005e-07
-2.275025268384460814e-08
-2.423869429563324706e-09
1.957178002377547782e-08
-3.072566262477250586e-09
-8.567570854922686200e-08
2.355508741465110330e-07
5.673569622466546283e-07
5.513308182010301446e-07
4.058786447017710220e-09
3.722241001838460433e-08
-4.705496110690370828e-08
-7.223480079476896341e-08
1.011590152986469039e-08
1.464170222391833179e-07
-5.857837702409918443e-07
6.723572033110754821e-07
4.482679563952408861e-08
-2.712594851300652770e-08
-5.299842768496453804e-08
-3.793920357297449251e-08
4.533019650229348831e-08
-9.686168535588885315e-08
1.842586704655656010e-07
-2.181619126379860530e-07
2.532218815664028794e-08
-3.111351851705045253e-08
-4.423454209567950993e-08
-1.138510299827447026e-07
8.514806533629583675e-09
8.055126675885929556e-08
-2.815106528610665563e-07
5.472103872025697445e-07
2.056042694684721408e-08
-1.117242606128389172e-08
-7.580699784442559538e-08
2.228782639673397831e-07
-2.476198687628969933e-08
-2.049634756833944764e-07
-2.904134144845609346e-07
-5.279103873457101923e-07
5.542424076061853771e-08
8.200578044994665040e-08
-1.302804972109084267e-08
1.043450213638918615e-07
1.752218879638596416e-07
1.973493207420733611e-07
-9.550326439948819674e-08
4.245286243020084213e-07
6.263471353000158707e-08
2.851077189348257918e-08
4.455585303696715309e-09
1.445211576680087632e-07
8.329586732401874346e-08
3.154139703533579439e-09
3.451237773107046542e-07
5.467292779016773693e-07
4.957371863324914416e-08
4.227099420707427022e-08
7.892302204610825017e-08
6.227164888219771559e-09
1.884848178632281192e-07
1.365980146180799295e-07
9.104722114373212308e-08
-2.081794178576234049e-07
5.262523503842135017e-08
6.329247275770963057e-08
8.856928915603342814e-08
1.275988316365495999e-07
7.342987131046908578e-08
3.978036982246612977e-07
5.701671690469526017e-09
5.046438463106237366e-07
9.672167438688300617e-08
1.572581954454455051e-07
1.654887625560819116e-07
1.195795197994353518e-07
2.529520117231787716e-07
3.994963685381641872e-07
2.911365921537847846e-07
1.876424382363826304e-07
8.699315954419939653e-08
1.260381084162784726e-07
3.453094401734981754e-08
2.224942312242226951e-07
2.743120161001621556e-07
3.352916751323277962e-08
1.711533260162218344e-07
4.691190173951802460e-07
1.626866378267117133e-07
1.932031443229230584e-07
1.844751803124084954e-07
2.579986269789517638e-07
4.652935395937611816e-07
4.131694506000085499e-07
1.210134752533170107e-06
9.548083237938822282e-07
1.643323380662386388e-07
2.111923572298563670e-07
1.752945619645024721e-07
3.965944556666348814e-07
4.311147616112445042e-07
6.233241644702188160e-07
6.157596606070998406e-07
8.112191517502438404e-07
1.465896532102433213e-07
1.883229516422814919e-07
2.950190813065731517e-07
5.280355408036021037e-07
3.982194632048874092e-07
6.716182734322750690e-07
8.024293021134997964e-07
3.061071461450996055e-07
