7.993487179416785681e-09
4.488527823614817716e-08
-6.915160055959112642e-08
2.535954452772897762e-07
4.134724361151792803e-07
6.406257931576809259e-07
-4.536627212425676021e-07
1.608228039610149889e-06
7.019058063145560245e-09
1.696059015505176043e-08
8.917233668312178904e-08
3.744064619096781035e-08
2.196326915436752535e-07
-2.680081796461235491e-07
-6.192884875393427229e-07
-1.681298035166026788e-07
6.171996174166492911e-09
3.175600630340483121e-08
2.356417766123810855e-08
8.824370233344077670e-08
1.929823473657681647e-07
2.665407500073229545e-08
3.500209274163624147e-07
8.192363963194939175e-08
-2.437485434493444580e-08
-1.485218449462502058e-08
4.981787025109401814e-08
3.239894989718438974e-08
1.672214577970175599e-07
-3.113153918972893916e-07
1.452078308627695003e-07
-5.492446835892110014e-07
-1.114269409479936926e-08
2.873403379159821925e-08
5.093295082418465783e-08
6.561559534035478879e-08
-1.698192158674293476e-07
3.906525642507310739e-07
8.080724894139288399e-08
1.905166467721223569e-07
2.491713129907574929e-08
5.706527329507657919e-08
4.658851259234562262e-08
1.426099303217548770e-07
1.423015996516756511e-07
-2.592157138156600391e-07
-4.686020896468243304e-07
3.383368838300710263e-07
1.115242758859593571e-08
2.918043317993851402e-08
5.138213343715391170e-08
1.407206928902836417e-07
-2.536453494465391083e-08
1.056616348107821532e-07
2.260709073155210103e-07
-3.287639502987899943e-07
4.432802826540212437e-08
2.527547638233486914e-08
1.540812473353575337e-07
2.865145565552618598e-07
1.802774315022027593e-07
-2.613452854573099021e-09
1.570369930130915887e-07
-5.132791079267577439e-07
1.365445256433435399e-08
8.033260592230670583e-08
9.654321110139459916e-08
8.077849811478558088e-08
2.511040508765224977e-07
2.393719711762625354e-07
3.642017494191180802e-07
3.373759027993027249e-07
5.149387608638677063e-08
5.248715481281064720e-08
-5.401500139264972078e-10
1.134132675965434277e-07
1.519130414840295215e-07
1.475021070373478372e-07
5.767032019132709109e-07
6.317703898051169728e-07
8.218541607363456396e-08
6.685685403483327787e-08
1.520583645794463398e-07
1.882268859143686139e-07
2.030427770448612592e-07
3.767695782517323249e-07
2.057381064388636781e-07
5.284324942105618246e-08
5.729499538195639138e-08
1.394368143748322955e-07
1.250865687373381125e-07
2.329895292965963778e-07
2.362032018882023769e-07
2.724091994051308243e-07
5.027589334848184491e-07
-4.724408217252253487e-08
1.392791942652295226e-07
1.195382328852119673e-07
1.874626899839476433e-07
3.872656604972752879e-07
3.687956262905273600e-07
7.276952247652428875e-07
7.471385386392446968e-07
5.551668689717368254e-07
1.411411334080182712e-07
1.648639524931059190e-07
2.028285548067976309e-07
2.888982724067536167e-07
3.824945798427040990e-07
3.955271103659966308e-07
6.749696432600393169e-07
5.105721118157079548e-07
1.857231711103645679e-07
2.283188254259043340e-07
3.263142695400191745e-07
6.101665770216448561e-07
6.220473341936773710e-07
5.356362478657373294e-07
1.093925211009313651e-06
1.222392018031418772e-06
