5.103036425925548814e-08
-9.557696929988485773e-08
-3.139331956880592514e-08
3.756049257583793026e-08
1.523811661659893804e-07
1.992703226209993072e-07
-3.407218102353774835e-07
1.970923355942885065e-07
3.979529041111855805e-08
2.509399877558963462e-09
-3.290625475844014197e-08
6.862015069225808752e-08
1.574220915994023400e-07
4.587808000338850497e-07
9.649907606496335779e-08
-1.939996926500569817e-07
2.752550496588587591e-08
-4.077056857277550715e-08
3.749312343517070710e-08
3.079761270055760197e-08
1.090440199732082685e-07
-6.734903037331831610e-10
2.084245720204850661e-07
-9.375858505038300472e-08
5.162960941878135185e-08
-3.911439118777344437e-09
7.923800490300721292e-08
1.333639197256611723e-07
-2.102263798786757599e-07
-8.752082556901510200e-08
-2.572420024722845036e-07
4.185725645130064098e-07
4.458193987085348459e-08
-3.853461273478248939e-08
1.121701144870226707e-07
2.712414792903426752e-07
1.674557695994659657e-07
2.157391970805133374e-07
-1.850027994943067404e-07
-6.267547250817979301e-07
8.212400158188202008e-08
8.464573626640596794e-08
1.379170473692602962e-07
-3.300019528856085520e-08
1.763589409421745915e-08
7.189644307784434516e-07
-4.864437567404010545e-07
-7.549410950894874004e-07
5.508396806786318968e-08
3.139499821586189662e-08
5.276154709442558266e-08
6.811174712420237679e-08
9.959941176442679958e-08
1.402105697984242234e-07
2.630246772787951844e-07
3.094054731288861268e-07
9.306040428444905313e-08
8.512362741156045666e-09
4.148594244619317989e-08
1.644513279543443881e-07
2.297860894220178033e-07
1.093943595357681505e-07
1.120225951693811089e-07
7.701516422970686142e-07
6.658186560519479061e-08
5.803794833667613787e-08
3.259985992229063891e-08
-5.827248415824570222e-09
2.383487884896902982e-07
2.774134495608304255e-07
4.446145930325055715e-07
1.709718904734525089e-07
1.101823601803008055e-07
9.171395482569051132e-08
1.667445192296884461e-07
9.534264557615754622e-09
1.815530476965566141e-07
9.035514102563500155e-09
5.229199028256871762e-07
4.325058295724835329e-07
9.154467706471469006e-08
8.682826978958455035e-08
6.945036172486548034e-08
1.928869466387049437e-07
2.606135059957641089e-07
3.855228116162158933e-07
3.931879712157011097e-07
4.775900156790025533e-07
9.241357622183003432e-08
9.557364264396442583e-08
1.557988268590527767e-07
1.766259683362729263e-07
3.358458536156880509e-07
3.617843632195779379e-07
3.762551344228344396e-07
3.145296415028327110e-08
1.252712904952120194e-07
7.165171130563629712e-08
1.829138498430303733e-07
2.900782414995511663e-07
2.988063157812292739e-07
3.528671903629886972e-07
5.122637460529735915e-07
4.498944367258726779e-07
1.433417548793206471e-07
1.816560019272352140e-07
1.356261765097029788e-07
4.237010745541070839e-07
3.080985582747626878e-07
6.302791322872815252e-07
3.322905069504235908e-07
6.853970836748682494e-07
2.096672912728462174e-07
2.037037832145947541e-07
4.401382942140498064e-07
4.876830728842307266e-07
4.526245134413180871e-07
5.139170381908557277e-07
2.425394117443595648e-07
6.005828444842784237e-07
