-2.514115248584084231e-08
-3.474464200888060060e-08
1.595430708489514806e-07
-3.035128820775214561e-08
-5.251567052382278417e-07
-2.746940002660049643e-07
-3.772668679598752124e-07
-6.747549044841751286e-07
2.898614372271813843e-08
-1.335176895134635822e-08
1.385934681103170079e-08
-1.177104123577953449e-07
1.888136066829653911e-08
-4.527572631065043975e-07
5.748236037925925402e-08
5.345041492946447824e-08
2.644188783681941059e-10
-4.849115848436410909e-09
5.477570253253301984e-08
1.064633817782439830e-07
-1.446494021654053013e-08
2.404851868295128240e-07
-1.181548037011503569e-07
-1.527741105393759073e-07
-3.766021578758290102e-08
-6.481555907721663972e-08
2.742935160143959194e-08
1.027160542654642438e-07
-9.794902469888805625e-08
2.780917964114961504e-07
-2.290199099583167276e-07
-4.929236336704901774e-08
-1.673725614756694519e-08
-5.906535655809289043e-08
9.607404594612569891e-08
1.184811948336936106e-07
-3.195440133782955022e-08
-1.614057183940090145e-07
1.241787510429833882e-07
-7.107311483172917071e-07
7.334947656608748113e-08
9.374548874352898209e-08
1.567016569447758828e-07
1.062736832692040683e-07
3.780529011513478623e-07
-1.489455707229163800e-07
3.433260771794352227e-08
1.323106481829052701e-07
1.502665276930500962e-08
7.347860730874674803e-08
7.776679549922443228e-08
6.835997653349667771e-08
1.124679717784752774e-07
1.466410757440975100e-10
-1.811794473541078055e-07
2.203499847201982661e-07
4.546087584893757604e-08
7.756479990360333188e-08
1.335919312877052595e-07
1.608133171643067205e-07
7.286928480069829960e-08
1.277508246897789384e-07
3.179293648113243786e-07
3.851852074045205431e-07
6.943536334804764388e-08
7.289658017978671947e-08
1.183555633393419731e-07
1.876589334143238847e-07
2.053986248797106688e-07
3.274103532941435216e-07
-2.729410133305163617e-08
2.651326927020061534e-07
5.297602473302993427e-08
1.007866976769493407e-07
1.205889537072378722e-07
5.181025265300031711e-08
1.711824513163584136e-07
4.339709856525278589e-08
4.473710450560055478e-07
5.097647794792999506e-07
1.128752332707747757e-07
1.071776489464737837e-07
1.402134236438181350e-07
1.697817902265634302e-07
2.122657628176081211e-07
4.538229552298600147e-07
4.756609967984260928e-07
6.095818815033552354e-07
9.255253289550770781e-08
9.936836711190785026e-08
1.295622615964447609e-07
2.453484715981329731e-07
1.816665684245067637e-07
4.697774742992016408e-07
5.741186167124187828e-07
4.281508931884852547e-07
1.424667900801475615e-07
1.293777700055100238e-07
3.571395246436733077e-07
2.975439854051917687e-07
3.918078429644781611e-07
7.932940964787945456e-07
1.899824694799717695e-07
8.122037023338153825e-07
1.702581535677883008e-07
1.308784289900893805e-07
2.273973075781959493e-07
3.372333955663340535e-07
3.397563657334562737e-07
3.598907971936883849e-07
8.897169624293732233e-07
1.217009439717308151e-06
2.130938848858636027e-07
1.961273348720055039e-07
3.195961261574927061e-07
5.366240731621581595e-07
4.383237475207116615e-07
3.112333069326290577e-07
1.014188480591234182e-06
1.076103905229746925e-06
