4.422435835544074779e-09
2.719519892370428837e-08
-2.264404748849653924e-07
8.444052409022683828e-09
4.102263946988751421e-08
5.077788874462595173e-07
9.382798226077007683e-07
1.774483523458432826e-06
1.176046887648554450e-08
2.922649138336464441e-08
4.822551120111242644e-09
7.433233574011364367e-09
7.429358433517537404e-08
-3.493663630927644540e-08
1.241022236529556994e-07
6.774945636313406087e-07
1.290851982079743895e-08
-4.790729496636777416e-09
8.160862415045394832e-08
2.141283810030321421e-07
1.947216162318468390e-07
-1.710308835704538635e-07
-7.275273372501287551e-08
9.982992302964390307e-08
-1.058519074310442777e-08
4.656289454983153648e-09
7.021243738914489968e-08
2.442816549495605470e-07
1.724992659648780440e-07
1.829261098116922889e-08
1.410173082211967815e-07
8.616018722339438036e-08
3.569245333292677147e-09
1.116279077276732984e-08
-5.105528159822371897e-08
-3.717603625794309181e-08
1.528519333301851620e-07
-3.524665139317879995e-08
8.229056361746782049e-07
-4.408262434263822384e-07
5.096342754423037315e-08
7.106874462586147161e-08
7.197491377712792330e-09
1.534844579218160997e-07
2.301868530819965923e-07
5.684426336589838993e-07
2.267319525957270395e-07
4.973156667648954846e-07
3.686615673573324561e-08
8.106409024032467381e-08
3.669890535740908855e-08
5.979790822020391064e-08
1.057816102591738329e-07
1.182179738403420899e-07
2.818340924815569683e-07
2.183432420050087071e-07
4.713397998741294877e-08
1.106792309037853411e-07
1.162212308507860240e-08
1.336369809484701201e-07
-4.178959234584157504e-08
3.216480279799007734e-07
8.031629295484071248e-07
3.342519835137973865e-07
2.262260674819852605e-08
7.792088428645233128e-08
5.138727185820222730e-08
9.774345324578842666e-09
2.903909494064286391e-07
4.226760778396051901e-07
1.901958795622412292e-07
8.261989294387375028e-07
4.794488309422205505e-08
1.005199829056009911e-07
8.400553119483039984e-08
7.832795553196766768e-08
2.180325720499056594e-07
2.600126122479334348e-07
2.004702961164846686e-08
8.369383541844426817e-07
5.551973652773230262e-08
1.493052414660372628e-07
1.586274945515495008e-07
1.622996387531500400e-07
1.492846387903558685e-07
4.326309148965901024e-07
8.433671140934916592e-08
5.184427991499364960e-07
6.329483606682580343e-08
1.220431668977132542e-07
1.591287871183559038e-07
2.230813661210923216e-07
3.321367288952550598e-07
2.848124810737718257e-07
5.711388632824062597e-07
1.183039868755309478e-07
1.187005758051578672e-07
2.892175262983672140e-07
1.843577214311352530e-07
1.482557855545831112e-07
4.186857370183096164e-07
8.396200784569923426e-07
6.483159097462013055e-07
5.846457295020002727e-07
9.995657422433187464e-08
2.572730817404037609e-07
2.830577053923773533e-07
2.396366938856054133e-07
4.485966630555350255e-07
6.878466139487387384e-07
9.041945654720087275e-07
9.650466840227043121e-07
1.427202415223801716e-07
2.655087212788760877e-07
2.215810519197455414e-07
2.851661170343337938e-07
6.733892600804057530e-07
7.962475032933018285e-07
7.628942875518359937e-07
4.202465756450606255e-07
