8.205716714825191692e-08
-9.253968367869974212e-08
-1.809955721450600278e-07
-1.905360720216749935e-07
-2.509995077213828847e-07
-6.044168704012334555e-07
-6.931149750187411184e-07
-1.228810480038634547e-06
3.162373593665104879e-08
1.556983435252227462e-09
4.322789221980270096e-08
-5.823428432596052106e-08
-2.241407688563832652e-07
1.380595925038177471e-07
4.923623298172048682e-07
4.507117121899271078e-08
1.176280182252282332e-08
2.553705907574543286e-08
-7.693102558282705288e-08
6.979870692877144877e-08
-1.814616806921643725e-07
1.818100503793757678e-07
4.507853422905492079e-07
2.980559098013405421e-07
2.573171215240484412e-08
1.178606527360743648e-07
6.063130738698000922e-08
9.455447184795257566e-08
3.274374735072353483e-08
-4.511433797672129334e-07
1.654282667534440150e-07
-9.934063199606621136e-08
3.266020470676574849e-08
-3.400236113700005015e-08
3.155725094200395177e-08
5.545104152036188096e-08
7.461134630952539015e-08
-3.460038665864436807e-07
7.514709572774530227e-08
1.953051079734031213e-07
1.650517589622591505e-08
4.840639728107259821e-08
5.091644929852927625e-08
1.864735390904968691e-08
-9.817850779048696683e-08
3.495725145460736048e-07
3.941384689896004066e-07
-8.951650798141212482e-07
1.341495597808399911e-08
3.387573681482125732e-08
4.075645897172692219e-08
-4.123727964623451627e-08
5.076535283164524182e-09
1.097502093321915556e-08
5.085317904765510028e-07
-9.254814129633278044e-08
6.037062647694332655e-08
1.539805854144926984e-08
1.120979531696188545e-07
1.089306347762230247e-07
2.443252818192671536e-07
1.575379638203165908e-07
5.981311992098914075e-07
-1.083090268403393841e-08
5.411308066422126922e-08
4.522858645567345206e-08
4.422615121613621289e-09
-8.525781266383450527e-09
2.175207347592543876e-07
3.615485462604688497e-07
3.737398598095917368e-07
7.435637785217170951e-07
5.316248068111726248e-08
7.704796909065690022e-08
1.186469483282737732e-07
2.327885288600584240e-07
2.838644700621560892e-07
5.901621413485329575e-08
1.935786258299211930e-07
2.877866086742287917e-07
8.440273200822625038e-08
1.429128976150088128e-07
1.173713131701429355e-07
1.052551655607614089e-07
2.998758308225809292e-07
3.628374699936840122e-07
7.493399740552903107e-08
4.446298432014592604e-07
9.125336705927548257e-08
1.473815664039240488e-07
3.528848518027202749e-08
2.544376015269059771e-07
1.794589106545364616e-07
2.283687590551492276e-07
4.341161961568477285e-07
4.416712616419220979e-07
1.469182350169465067e-07
2.060150164763752609e-07
2.508081231438966316e-07
1.430305286116071149e-07
4.736029122564315296e-07
8.057358548019148994e-07
1.013864056549088469e-06
9.707028792764129413e-07
1.865491794446021934e-07
2.001167234834331679e-07
2.769593613505513859e-07
2.636219349260275065e-07
3.114723164798946222e-07
5.265338784023334792e-07
2.102598482851659329e-07
9.634035621603435104e-07
2.337651860431519236e-07
2.366021471361094006e-07
4.920731800285287376e-07
5.526687916753260215e-07
4.935713426164573866e-07
6.585643969378035926e-07
5.129649342405987160e-08
1.357690649080878943e-06
