3.058119715961653064e-08
5.987865002809696031e-08
-1.828176204265048994e-07
-1.665012177090889296e-07
-3.397963199961743263e-07
3.969630331214762968e-07
4.582266521658428828e-08
1.027983126646147789e-06
-7.753527246264576592e-09
6.835479037228075911e-08
2.988443680298861519e-08
-2.211860911437901347e-08
-8.747384118992586855e-09
-8.111593364168070651e-08
6.371269172253470820e-08
4.041813879819296796e-07
1.766275087035679069e-08
1.120197936984044731e-08
1.332225006077313305e-07
-8.749738211520503248e-08
1.171074226770657807e-08
1.237161565268761762e-07
-9.127930828707857556e-09
3.683974443560959159e-07
3.909718193243490926e-08
9.063431492054637127e-08
7.846511552656711255e-08
-2.766011832189817124e-07
-1.743150153343013629e-07
9.302359139372934080e-08
-8.539144433668157685e-08
2.048787081345064405e-07
-1.046904584140303401e-08
6.093200788522995577e-08
1.159361586655083048e-08
1.637602993459773617e-07
-2.160823836141158161e-08
6.804393241889692983e-08
-5.716939966551556284e-07
-2.120350236745005248e-07
-8.921520465928311222e-09
1.001666294990566755e-07
1.014808028667060852e-07
-1.258203923972457371e-07
1.527281632978836719e-07
2.291816468662789454e-07
-1.422535267964487739e-07
6.550172355752941108e-07
1.013187102640808805e-08
5.750907938155059455e-08
7.339293636714744372e-08
1.257935956543158602e-07
-8.148137252853274304e-08
2.889765964053576997e-07
4.122624733637796714e-07
3.632498212541464781e-07
5.461193667641828273e-08
9.090205393465007104e-08
1.920589017163921153e-07
1.062662363581925806e-07
1.351369103648928920e-07
2.560115255327185028e-08
1.230092753187649197e-07
6.983039363281848048e-08
1.327606431157521961e-09
5.779909338022961601e-08
1.570258422945852231e-07
1.778635061597597760e-07
1.769912163214352284e-07
1.095165758283131030e-07
2.430543093420927413e-07
1.669777641113899865e-07
6.476423910676220670e-08
1.048260345102622090e-07
1.043677944721377984e-07
6.389685826128206361e-08
7.331284981808719532e-08
1.254294389910126185e-07
5.907247646934864755e-07
-1.213663456699165155e-07
8.918521312365114609e-08
1.140879092950528592e-07
2.015110740310145753e-07
1.893843855440184948e-07
2.752288353316918745e-07
2.133997006384569227e-07
5.202297762073022365e-07
2.332249494213581535e-08
5.868944373406481414e-08
1.233007635907475787e-07
9.626419243414411919e-08
1.633251376419748824e-07
2.984962297631156578e-07
1.594060803539141258e-07
6.477508857001828395e-07
1.834088315367442320e-07
1.706432461408304974e-07
1.956221130350745384e-07
1.934509357516962974e-07
3.176585194088139682e-07
6.084378842941470814e-07
8.027693617323447848e-07
9.168730915822885311e-08
6.591748347639896831e-07
1.454422770717629725e-07
2.398770431832062600e-07
2.664485072607684011e-07
2.653379925006595633e-07
4.889368757344361454e-07
5.649177694592854697e-07
3.721969235127156268e-07
5.985794378843420219e-07
1.399848919971223622e-07
2.428363367911972957e-07
2.229819407917979008e-07
3.075466014299655471e-07
5.670749903129083214e-07
6.874266309492710017e-07
7.003832235434873819e-07
1.223712005409252926e-06
