-1.060091403666204018e-08
-1.997575319209661127e-07
-2.185078811435568168e-07
-2.267651929263630498e-07
2.635313192465141145e-07
-1.309399840130364737e-07
6.073100534492333835e-08
7.429797686481088530e-07
7.912315849949691445e-09
-2.510336579172376746e-09
9.689780538332648667e-10
1.469311785601507672e-07
2.082883345505527935e-07
1.152574857805364637e-07
2.180665827901897066e-08
1.024082584875700564e-06
4.891297589599776923e-08
1.054273034631793694e-07
4.138268819086969017e-08
1.724411275522374629e-07
-1.254358774195459301e-08
-6.846104571312495062e-08
-1.062073219333443530e-07
4.217676371868865059e-08
1.922851857412497491e-08
4.887330584631235869e-08
1.029070189659999112e-07
-3.502670075517183062e-08
3.188778910105745909e-08
4.237452434828722363e-08
1.874942666132878362e-09
3.100133367811205351e-07
2.730953289873363548e-08
9.907657044163401500e-08
8.404060467084320954e-08
-2.665553755377419675e-07
-3.291734530986616245e-08
5.045401886914620029e-08
2.659908362700162398e-07
8.919475493765553715e-07
4.271836680938288527e-08
-3.308275776957174235e-09
-6.328363976779689302e-10
9.703582662532591172e-08
2.308093900842776980e-08
3.670862188781758397e-07
-3.209405620186603883e-07
-3.607275655918394262e-07
2.495469040990764317e-08
1.339399532834416179e-08
7.435430729391040781e-08
1.084582894143193836e-07
6.082410925957997091e-08
-4.549545176624690818e-08
-9.582661986915940267e-09
2.298903113043095225e-08
-4.117577687478957403e-09
3.112269358459563558e-08
8.475129120787142675e-08
8.425068752913353524e-08
3.067560498471489277e-08
1.306870356391046812e-08
-1.031565767238406333e-07
-2.522936914806105044e-08
1.806605203108936608e-08
2.411688208758930035e-08
6.250344834102655320e-08
1.594388168580631659e-07
2.470670683504423125e-07
1.230910883228139989e-07
2.920142069807889155e-07
6.236458761888360677e-07
5.256897063324076873e-08
9.107471796503995524e-08
6.526006193193712078e-08
1.787992008087263812e-07
1.381234976107945335e-07
1.577197804667999183e-07
2.632771748209095825e-07
5.759671778265696026e-07
5.383786899875039811e-08
5.830121321065841629e-08
1.353208333743186569e-07
1.123229472427634533e-07
1.556488788381754977e-07
3.968648935763382468e-07
3.318050513423615574e-07
5.633695592340364572e-07
5.772976000909181777e-08
1.359906298976261664e-07
1.484875852321271848e-07
2.168868386809019366e-07
1.994414966311349874e-07
1.703367405136260174e-07
3.930403392959036973e-07
7.108989114065459700e-07
9.738005867760977558e-08
1.484036041437856190e-07
2.326771261682848730e-07
2.734503696201744079e-07
2.862062661754838663e-07
5.226224959729313206e-07
6.012471092765592836e-07
1.083859987194960645e-06
8.150790926286082488e-08
1.435414765440230909e-07
2.216543761134303855e-07
3.560342720081305942e-07
4.357572123876144829e-07
5.934823218119759938e-07
4.395709635230961127e-07
5.068801464828163471e-07
7.697944001296051591e-08
1.290665406731861044e-07
3.067951998112922556e-07
4.053154255802119638e-07
4.641812806899200376e-07
7.391419865458139403e-07
5.918074142949824991e-07
1.022360644745385087e-06
