6.574577543342506800e-08
1.588983200143576524e-07
-7.123552281200374413e-08
-1.475482493549078062e-08
1.867513780138644178e-07
-1.952194174488389470e-07
-9.114645255697393877e-08
-9.779585425117950501e-07
-2.619836059454717895e-08
7.459294182348454064e-08
-2.147346596236957144e-08
6.476346973289609430e-09
-8.929967629558604510e-08
-4.435802108413740522e-07
-5.481676804365689794e-08
-4.059707541677801377e-07
5.949726272042871682e-08
1.553703892524577357e-08
1.991085433364909881e-08
-1.202166256097912345e-07
5.437690526157428655e-08
-9.450183473754846103e-08
2.633700249479929115e-07
4.142930362340888189e-07
2.994411970682349238e-08
4.692019460219504462e-08
1.656047219490888766e-07
2.736711318233200627e-07
7.338384296882015154e-08
-2.768836505411943182e-07
-3.349698933397886135e-07
5.200614511594444319e-08
5.688801540669956197e-08
-4.156238888227743544e-10
-7.202450173671345830e-09
4.338422174638998887e-08
1.514206176587338207e-07
7.192801574129733021e-08
2.813714832603692100e-07
4.114580532509413833e-07
1.484294494319900616e-08
3.975939553678874281e-08
2.718912210309547233e-08
1.672331581679161722e-07
2.357787276045774677e-07
2.497367491745650441e-07
2.132672463454929524e-07
-1.640091844388790065e-07
3.327855749899448518e-08
2.455831422482568022e-08
8.427553938362762917e-08
1.507726783035147942e-07
1.478308163538806936e-07
3.675653284451094559e-07
1.651854505184453331e-07
5.416988634820103901e-07
1.822289064964009984e-08
4.811671476265258532e-08
-3.187255303452702505e-09
1.705807628280876203e-07
1.209286018569165700e-07
1.872085351217747237e-07
7.595512420902882602e-08
-1.458991006245480114e-07
4.318601240909177144e-08
2.298471023522294590e-08
4.809948279665875395e-08
1.986387944006459521e-08
9.843517513622806458e-08
1.228764791124801902e-07
3.054158694147578763e-07
1.483194903474192953e-07
8.354290242162446431e-08
-6.780353585663006567e-10
1.526734548736925276e-07
9.602646294827455772e-08
-6.365526647872463389e-08
1.629653302470924641e-07
3.071908214852452174e-07
7.780433324806237137e-07
1.004726895797200951e-07
8.546370571953206095e-08
1.681414040131548780e-07
1.710031320681816409e-07
1.887696650099680604e-07
4.883014488513930593e-07
3.832606981077850976e-07
3.390209153500085836e-07
1.183997024457137321e-07
1.079997790808947765e-07
2.055220697879107799e-07
1.481896843472434040e-07
2.798428298097119758e-07
4.416841357716168259e-07
3.841602865804560074e-07
4.608321163379402890e-07
1.400600378369050008e-07
2.169184416380841290e-07
3.022250388366775727e-07
2.192674844630344081e-07
4.716653885825934300e-07
5.349505662635817218e-07
8.374459576064617958e-07
7.489037806877357918e-07
1.412358991432426011e-07
2.140181460722124486e-07
2.935584491858121103e-07
2.333772241302409287e-07
3.629257617375078914e-07
6.565425554777669009e-07
6.195467557072785926e-07
1.087993407587926748e-06
1.857006391749549899e-07
1.721412677649395679e-07
2.749218631905266787e-07
3.298598793142432957e-07
2.941774922485388020e-07
1.037195019995198101e-06
6.958613497000255703e-07
1.202695551142091045e-06
