5.429309866952767726e-08
-1.291550753999948632e-08
-2.231592469489232145e-07
-2.162139708136714463e-07
-4.628212370813058837e-08
2.783713583036931547e-07
8.746998256257836711e-07
-6.234124672810411354e-07
1.079598543261155247e-08
9.331711340843273660e-08
5.537637205731131311e-08
5.783006624404131294e-08
-3.613062528212995640e-09
-3.950104769599454775e-07
1.666124455306006647e-07
5.049902075554938226e-07
1.478958817026098078e-08
-1.743848280599622110e-09
2.578226788630038347e-08
6.814222165383757971e-08
1.836794175565403415e-07
-1.644159898263931576e-08
2.684742891188644663e-07
-2.299576140258724654e-07
5.597904362392110563e-08
3.990773110404640979e-08
7.056108840192948883e-08
7.739804151879384224e-08
-2.672470643365754416e-08
-2.513329040610573779e-07
-5.750267391358230144e-07
6.516367681783515809e-07
4.282707774974906095e-08
3.978737345741823344e-08
-5.222581275246991132e-09
-1.293432569137271811e-07
5.006045132438084368e-08
3.438726679908378678e-07
3.422319704903822212e-07
-3.512337793887097981e-08
-2.124153690873071816e-09
3.322033922036144578e-08
8.911285679471970842e-08
-3.841242979782180992e-08
-3.428133184412975243e-08
-2.633653236454831349e-07
3.729809066187470326e-07
4.105392214817709019e-07
1.894779737738112692e-08
9.102868175092413711e-09
2.462165937169319222e-08
1.402098088394350894e-07
1.801285817822539850e-07
4.212322838177609614e-07
-1.177613672555460543e-07
3.891876509240395761e-07
5.664654970042143993e-08
6.155337309713771039e-08
-8.400804625484254288e-09
1.068161053667601629e-08
-8.188639815000726913e-08
3.804651175706929879e-07
6.209243594317927405e-08
-1.054816153553705530e-07
3.199346585588311807e-08
1.057897839052060484e-07
5.348704556751012803e-10
9.677289376239376038e-08
4.196395148665675667e-08
1.324033478383026176e-07
1.381019796976243074e-07
2.138803143283641880e-07
7.126111484403668261e-08
4.243276110635953839e-08
7.566411030179528189e-08
7.390766303601687083e-08
2.105562754167570593e-07
2.631256269796654587e-07
3.055165019484486902e-07
-2.226816759900301817e-07
7.067037180637231448e-08
5.423155036949917185e-08
1.336764196889168536e-07
7.475870949757734646e-08
3.115029106620126004e-07
2.644089041151026898e-07
6.573369267833641819e-07
2.610476902495469274e-07
1.102976366052059962e-07
1.428984316597284079e-07
9.866564077671069298e-08
2.151596463662679142e-07
3.450232299500826203e-07
5.225088192751586420e-07
5.352487097669984524e-07
6.860103840465217526e-07
1.652164025716964879e-07
1.396082639544643491e-07
1.510633335341521827e-07
3.039126535953950377e-07
4.362787876369260344e-07
2.688990297098117608e-07
6.153021113128662224e-07
2.545427784548592010e-07
1.372426562710071621e-07
1.379782116135785348e-07
2.195599720457681213e-07
2.397387849321161206e-07
3.934417007846830974e-07
6.088800580315098196e-07
8.214384503945124950e-07
7.893125646159916366e-07
1.927831825515360919e-07
1.881941166411474759e-07
2.464592518597729919e-07
4.313263844058872799e-07
5.006211691639553477e-07
2.180426719572085477e-07
8.163651780206395744e-07
1.314043179981333909e-06
