-1.093103251792064878e-08
-4.743370222010340798e-08
4.167534850050245055e-08
2.372303843359610377e-07
2.158702565014063302e-07
-1.447531333101562596e-07
1.164726035939128660e-06
6.444248119474147468e-07
2.314120398328380883e-08
1.728532513605142193e-07
1.151217148628685177e-07
4.649485125522354316e-08
2.922901339607120726e-08
3.132748192634503378e-07
4.367075702942676870e-07
6.763022463364860441e-07
-1.154656497864041424e-08
-4.483288118756037192e-08
5.056137071882196805e-08
-7.921399286144286488e-10
6.126846030383442808e-08
-4.250256978951523295e-09
-1.695648691850803762e-07
1.668799985751742971e-07
8.522869778472810979e-09
4.284465158412347810e-08
-9.652467830410282323e-09
2.657611401023444746e-07
1.779892854624836897e-07
-1.467754034858100246e-07
4.977429221915274576e-07
5.740241468499308247e-08
-2.633024750272592012e-08
-2.764015352900582500e-08
5.855034423224594746e-08
-1.195672613960889066e-07
5.414655425422019550e-08
2.173533412433151577e-07
5.088848838813329305e-07
1.293899862880626686e-07
3.717000799415146635e-09
1.085144615089269543e-07
3.055206013756843462e-09
1.136087839908237801e-08
1.893427732398863752e-07
1.826322315975733613e-07
2.109090483170582907e-08
-1.572800536924677745e-07
3.392011870803042005e-08
7.841131903759536440e-08
8.479727004225327402e-08
2.714403668636763157e-08
7.935260195482738362e-09
2.967670178383860728e-07
-1.971929632543366863e-07
-2.186588821830520204e-09
5.546265799447916026e-08
5.715971017098478770e-08
1.055302269290479631e-07
9.464657980958153956e-08
1.676911966475625765e-07
5.714322838500088375e-08
2.253721971017192482e-07
4.154024313193654130e-07
3.211179476443327586e-08
3.748760447439446456e-08
9.334921053815056933e-08
1.066981136055912282e-07
1.743420476528428608e-07
-1.793630379530910457e-07
2.768982688844995059e-07
1.119463471128483766e-08
6.372424624464577435e-08
1.195854656305809711e-07
1.414225495811157815e-07
7.961874321606671018e-08
8.707621688181608493e-09
1.713270775861559821e-07
2.114978819768056979e-07
1.284599560101603449e-07
7.026198950279203143e-08
1.115059163766385261e-07
1.366141145106319311e-07
2.113577733332621248e-07
2.768837197686464200e-07
4.402249904319914649e-07
6.857380130998124468e-07
2.102813323710376891e-07
4.843860949987191350e-08
3.575393467387145004e-08
1.922014401879752420e-07
1.757418785398091148e-07
2.299648092625048577e-07
2.333708781463510010e-07
7.103552827734264205e-07
2.401406562396240084e-07
1.142356571779134517e-07
1.173357131834414130e-07
2.247086708456128945e-07
2.990070642649353019e-07
2.076573689382134262e-07
3.631279287112031122e-07
9.531672446930280766e-07
4.573556318007300971e-07
1.249589853692491896e-07
1.130357327704663051e-07
2.814907993798822608e-07
3.301779354971046143e-07
4.205816595441930004e-07
5.112889498281726141e-07
7.545952284329723208e-07
1.130814935981700923e-06
1.496433123938729994e-07
1.752709798133435202e-07
3.636773392322746125e-07
5.312629874327020064e-07
5.392173758128333442e-07
6.846131193960049748e-07
1.143081546560426100e-06
-1.291773924058653775e-07
