5.726283767937372619e-08
1.122665788939053549e-07
-1.852735743565185615e-07
7.121903074091815547e-08
-2.006792430033282584e-07
9.787616296372356883e-07
-7.290078947427015944e-08
1.301018801647169837e-06
2.298223636691702341e-09
-7.451136373789462594e-09
7.763853021185636060e-08
1.314468342723866639e-07
3.312244552464411503e-07
1.846394146422902967e-07
6.028773742365987081e-07
-3.384583134465720184e-07
1.200479581892172017e-08
-2.653772009000506507e-08
-1.654697417375446667e-08
7.380390507347874811e-08
1.228991778496889260e-07
4.657735862339687702e-07
-2.075468505678393047e-07
-3.371924735223777269e-08
1.827945217081127738e-08
2.614077374547299151e-08
5.497787673979119557e-08
7.756069528088780596e-08
2.504266919226546861e-07
-4.443670667705911875e-09
6.341233302326611298e-07
4.454161399874710604e-07
3.265253519689128191e-09
2.036835224799410498e-08
3.592573700220662581e-08
-2.054303273906051033e-08
3.181128384129630444e-08
1.852409625486816111e-07
2.055616744128415622e-07
-4.478234206000457242e-07
5.290992096012062999e-09
2.676636841053088393e-08
2.104330024301343980e-08
8.663386575600940374e-08
5.207309778995327660e-08
5.836994005882702710e-08
9.229381948490886346e-08
-2.108411243740909381e-07
2.730461045410687007e-08
2.791631142362308051e-08
6.999689897814333945e-08
1.340610653578677899e-07
1.404741425772399602e-07
1.836715279552146023e-07
1.260715940352233640e-07
-1.235479902190973330e-07
5.526781430557258444e-08
4.265168384500674376e-08
1.672086354853341009e-07
-3.776221936121151390e-08
1.508692177776413535e-07
7.763096329243365188e-08
2.313757265505754445e-07
-1.101101735008404870e-07
6.457903828046803176e-08
9.003101564995415749e-08
1.044151125620857118e-07
7.562412583425434969e-08
9.831584474902250845e-08
5.754078797517070365e-07
-9.622976787054153667e-08
-7.143661031423995351e-08
4.969944247896267048e-08
5.713265600770363462e-08
-1.867069550819581415e-08
8.583143776234470698e-08
2.067980088561549884e-07
-6.948793221628780977e-08
3.577867461576008871e-07
-7.783904692695055331e-08
7.718075037530729013e-08
8.230651915798122602e-08
1.938793433530819902e-07
1.098248647399900209e-07
3.611585203633642344e-07
4.039107461121494134e-07
4.786704805764739264e-07
1.327071624845542804e-07
8.712215133462414705e-08
8.629604327832216655e-08
1.034435835557613247e-07
1.501358504237799806e-07
1.527318734215463908e-07
2.846235098994909025e-07
1.868331185427274877e-07
-4.423763478664841638e-08
6.524108557653931404e-08
9.101675081616934973e-08
2.961625843504881809e-07
1.612774417881747789e-07
2.582517000727478472e-07
4.768653290033162973e-07
4.586293242206796189e-07
8.296213924455058266e-07
1.230660355570935359e-07
1.612641410359297505e-07
2.433048129423966812e-07
3.713607125105859020e-07
5.301819228887905969e-07
6.139365653648740903e-07
7.029759995293874963e-07
1.014657078757980505e-06
2.260085355694736472e-07
2.645172770720047996e-07
3.411533734310035177e-07
4.273718176106824537e-07
4.391380741807205161e-07
3.693512125120518624e-07
7.758522751619483018e-07
8.864379249816206876e-07
