6.027154077592423778e-08
1.959390714001446686e-08
-8.739632671249773998e-08
-2.462391030244025116e-08
-3.285260326563631277e-07
-7.800481474246442998e-08
-5.637203591815212252e-07
3.122217697563263436e-07
-1.043915370716405518e-10
8.700119845060497066e-09
4.253831960659621227e-08
-1.248942505577680857e-07
2.023900203728183431e-07
7.034614259371347617e-08
-1.871889261853155283e-07
-4.143777906275192362e-07
8.380240364991493809e-08
4.522193532071361544e-08
5.709587527751890399e-08
-3.278947302806932048e-08
-2.009152033703291751e-07
4.151806935194812453e-07
-3.080061476986010799e-07
1.039007320310450602e-07
2.936626786279994490e-08
-2.020385551731032138e-08
-2.004136912660886254e-08
-4.363493892369952726e-08
3.768138320143909057e-07
2.055632456746808151e-07
-1.421284846929147956e-07
1.553962931487421633e-07
7.623636431601615278e-08
2.193733245242471197e-08
-8.850582865567216046e-09
5.570366283510111689e-08
4.738239898901916927e-08
1.887580147059730695e-08
-3.592819097902467615e-07
-2.949144827315119381e-07
9.327519224955581296e-08
1.569910802767936697e-07
1.292774970489629279e-07
5.716904286652764289e-09
1.779758992564804209e-07
-1.006249751193377090e-07
3.347559946046297877e-07
-1.586312353811583329e-07
3.717368863291351248e-08
1.091804448597249401e-08
1.069395844635994522e-07
9.747476068482471569e-08
-9.633867060315111228e-09
1.181007490135416043e-07
-7.599283797203380989e-08
4.403469491727428332e-07
3.779936810041420546e-08
2.433838617579115315e-09
1.242297842008401462e-07
1.685747768150083724e-07
6.269116274658869072e-08
1.755138453257695989e-07
-4.658436986743355970e-07
7.522367972540143211e-07
2.745446967214627580e-08
1.804275619396383464e-08
6.924633461341323086e-08
-4.559116904923859964e-08
2.439693007696252883e-07
2.838572272964640742e-08
1.333878822738260303e-07
-6.792040152131120600e-08
5.318169115642190868e-08
2.805199886503629971e-08
1.039060319007461626e-07
2.417861688225888131e-08
1.808693341017473682e-07
5.489993597882190657e-07
5.973874502290038199e-07
3.886404028180504911e-07
7.492023847533582014e-08
6.152557366411698039e-08
9.579270798213569376e-08
9.221445552401456760e-08
1.247963647306758442e-07
3.371830138904033933e-07
5.663567305449447284e-07
5.799230864976239605e-07
9.121766141968582445e-08
9.484684288620813982e-08
1.848996494671772289e-07
9.966226206097106618e-08
2.004454349587971764e-07
3.184750504082209850e-07
4.091442046204072966e-07
7.243787846699626302e-07
1.781249430166381030e-07
1.574411417267105625e-07
2.479322394475004163e-07
8.267864536645096868e-08
3.083467828023172887e-07
7.466324480978932344e-07
4.924374308384819137e-07
6.483369000272370047e-07
1.949697556498371551e-07
1.694099148846083995e-07
2.141267924446744654e-07
2.752728024754003145e-07
4.802776495567775252e-07
5.234638035545501758e-07
8.869753600430124609e-07
1.156731719044081551e-06
2.117839378501176250e-07
1.784354687799262058e-07
2.552969002121019147e-07
2.851210685670131832e-07
5.409249735511579226e-07
6.263069460277609098e-07
8.916288665250139567e-07
7.155610583344261401e-08
