6.980532087180705108e-08
7.075334936368048507e-08
-7.762592587188022431e-08
2.124080645456934844e-07
1.873073017366532625e-08
-8.659801262046731866e-07
-8.654469219643346873e-07
-4.771456533519165289e-07
-1.935330359746527258e-08
-2.822677225411234456e-08
1.494916307934536406e-08
4.293520098257906828e-08
1.387846687561056495e-07
-6.081537704866949077e-08
1.089539791435248102e-07
-2.679243960757776764e-07
2.057557920062904433e-08
2.405610447045962906e-08
6.948979857939155690e-08
-3.993898990982242525e-09
-1.371374615100970287e-07
4.834051782852064922e-08
-3.342084448959741337e-07
9.745358479008344813e-08
1.800924132476143838e-08
5.913434351549571401e-08
-7.840123417223811823e-09
8.018957976771536614e-08
5.155123287353830623e-08
2.173772241768632258e-07
1.108019583825511628e-07
-1.297670565843481057e-06
-4.446849311040376314e-09
-5.385901328213152764e-08
6.044438772588391204e-08
-6.874348383591083620e-09
-1.704705795259153849e-08
-2.308826855834018957e-07
-2.191874640425472110e-07
-8.874691798611563531e-09
-3.026896322827094167e-08
9.216684614224278340e-09
5.612428808135290817e-08
-4.000240587189662321e-08
7.220032970392332976e-08
4.605180002613030416e-07
-4.535791397923316812e-08
-6.759392736323282397e-08
2.657234156953256007e-08
1.851479327908216003e-08
6.652607717640789678e-08
-2.288019301665768613e-08
7.280404447035805282e-09
3.865217118632568135e-08
1.259460093392270748e-07
-2.407020110950587693e-07
3.862984423702373976e-08
3.872127855014411643e-08
6.899517578741105541e-08
3.499678452718122584e-08
2.532763538613862987e-08
3.154860867999980724e-07
-2.342921816538047069e-07
2.517090834050419745e-07
1.123613970053681907e-08
7.818833842514713807e-08
-2.475769839372558910e-08
1.202298522096347561e-07
1.858461039556979687e-07
2.871061386818470712e-08
4.192491329196467260e-07
5.291735667862478892e-08
1.600229130132501282e-08
9.719410690027524533e-08
1.056744460415466488e-07
5.852878197916806923e-08
1.628691362756460851e-07
2.596545383791112177e-07
9.789755561822067611e-08
-1.879718643437415808e-07
6.795748847203351602e-08
1.066997520563492072e-07
2.067015961053410247e-07
1.046080389663039195e-07
1.651939951442637913e-07
3.276638935204999435e-07
-4.818805946341342949e-08
5.830511477439096520e-07
6.527780031369898261e-08
1.828857509141111874e-07
1.422325766733559859e-07
1.706866182839372915e-07
2.205026459160359389e-07
2.545570286573453615e-07
3.897183731506803313e-07
-2.058997144028315376e-07
1.489885222740731783e-07
6.736413672550068371e-08
1.725185279241702683e-07
2.805090947573269809e-07
4.345639182040572446e-07
7.290680090182007597e-07
1.483503079738032104e-07
6.196465623280066159e-08
1.570921792443586578e-07
1.409541019209386384e-07
1.873042003702100219e-07
3.998963253786481696e-07
4.087844353517882207e-07
3.798520068236258014e-07
5.576619097441964457e-07
1.548642337762396816e-07
1.719393966472833306e-07
2.246136285855382884e-07
1.981323770971329553e-07
4.738945001023151037e-07
5.680771928318731423e-07
3.500890703661403096e-07
1.353778708774922400e-06
8.905747732154513693e-07
