-4.777524578247320079e-09
6.137235414937364045e-08
4.157110550830529142e-08
-6.406696705249405953e-08
-2.344731582902650640e-07
-1.563555160711925023e-07
4.622697738757822976e-07
8.866736710570445062e-07
1.756465932948010595e-08
4.835070414938650145e-08
-3.258876717058715819e-08
-2.374067685840226345e-08
-1.135977685535481688e-07
6.694705159934908870e-08
2.375626228930666201e-07
7.206308866226745654e-08
3.827861536498322916e-08
5.510037092759629819e-08
8.409019871560719356e-08
8.604178093977932917e-08
-2.277419904338452121e-08
4.924802943493373857e-07
-2.422689959759692211e-07
4.471260871369902160e-07
3.215938662763951006e-09
8.176956723701275039e-08
-9.758961632309578017e-09
-5.051732493018668689e-09
2.047648259447269428e-07
-2.226500663127003440e-07
2.052449872484973264e-07
9.587802813896128948e-08
1.142883802343602252e-08
4.082315792219934724e-08
9.741446055488092318e-08
5.319623336662395080e-08
-1.998986728902637190e-07
-1.103079654239420312e-07
6.184282579578087001e-08
2.087359644542523601e-07
6.954719800618061172e-08
4.583214776911471757e-08
-3.150854377275194728e-08
6.987303264102369842e-08
1.035942661473652898e-07
5.383246760004817902e-07
-1.554623941745923031e-07
-3.005745389146544410e-07
1.991305906365145878e-08
8.652068247892159571e-08
1.083244482872173795e-07
7.198362934641550682e-08
8.903920336856464467e-08
-2.942725227274387149e-08
1.936066097655298279e-07
2.349012018785579334e-08
3.402360292418328855e-08
4.900518357057532615e-08
1.142629309170631098e-07
5.748521219797704020e-08
8.872738807656511031e-08
1.308196226245740189e-07
2.971139465437114138e-07
4.852889191167080866e-07
6.777334296410092483e-08
2.623368162687415142e-08
1.467488479293483107e-07
1.131540839039876199e-07
1.218963421347980590e-07
3.758177204136442260e-08
5.076213696974130788e-07
-5.777910678381307305e-08
5.046490757291537299e-08
9.682390173654780152e-08
9.288300016051865815e-08
1.172579489762307770e-07
2.144310769172128370e-07
1.195229403053736135e-07
7.386650969590060787e-07
4.640271537345903318e-07
7.321812217997293512e-08
1.037592149076819008e-07
9.826666983046411537e-08
9.126253707080402934e-08
1.429953879129410758e-07
4.204236126295386847e-07
4.804494463904134661e-07
4.860338679458144759e-07
9.269961535448541522e-08
1.090169511391823465e-07
1.621726209052635808e-07
1.785953794065621204e-07
2.967890107899462698e-07
5.668259857020478477e-07
3.930920257737630837e-07
7.184170072847376880e-07
1.088307342832880696e-07
1.813235903252040970e-07
3.362394021516086801e-07
1.676362246645974542e-07
2.840854039798728053e-07
4.135276125061830157e-08
3.950231524526630346e-07
1.012588499812248002e-06
1.599566710250502105e-07
1.913403439972527498e-07
2.620470841928498186e-07
2.410576775770215613e-07
4.644038972547219755e-07
5.488676731138351865e-07
8.292908548601364517e-07
8.775010982562245303e-07
2.145421221727069827e-07
2.245893159786529516e-07
3.262255668641542224e-07
4.586132050124502009e-07
6.248780636072635251e-07
7.611426133548785360e-07
9.740389435190220154e-07
6.857223967820685755e-07
