-3.403384710315394186e-08
-7.267994757194550728e-09
1.699018541682147361e-08
3.318741063137716938e-07
2.369003612627453021e-07
6.447655802862013451e-07
8.923360771506348756e-07
-1.375718021427695159e-06
-3.708085692911844702e-08
-3.702535848767918031e-09
5.826819987395292151e-08
9.742944584049018487e-09
5.479495456838077366e-08
-4.308839431639958362e-08
1.586166171254990059e-07
5.417692636098437770e-08
3.538169056550998579e-08
2.307160207412092359e-08
4.519150145344281108e-08
-1.168961251956896050e-08
1.295159553647340303e-07
1.024052770823915781e-07
-3.466599097986956847e-07
-2.219291801362598801e-07
-3.679779535797442126e-08
1.408688631851892700e-10
-2.830818171224317746e-08
-1.897784758707506866e-09
-3.595406286116782159e-08
6.493408607887734778e-08
2.098248356629590541e-07
2.173740101503144483e-07
-1.853305687865888366e-08
-5.859592426685547976e-08
1.626016898248503183e-08
1.287013054891180141e-07
-1.339103271459047680e-07
-5.915228224386031215e-08
5.120042931325986015e-07
2.821432381930892638e-07
8.856800000683132341e-08
-7.643514998632101086e-09
-2.823096514343969784e-08
4.073073589135981007e-08
2.696928678003819317e-08
5.088361374186362255e-08
-9.779543199381416003e-08
1.028788459416218608e-06
2.495783867170693971e-08
8.978618182992553091e-08
8.451282353849118100e-08
7.373744994628671422e-09
-4.837613693555294552e-08
-4.241098454373084704e-08
1.257162748866731894e-07
-5.468319612388951079e-08
2.745162288239518498e-08
1.122862840211144683e-07
1.560180582935557716e-07
1.814198170388430157e-08
5.933553823802101054e-08
3.654387560173708549e-07
2.676076771901007586e-07
6.349866126852907244e-07
3.733768867668586638e-09
5.270710387472469743e-08
5.437104614939031985e-08
1.009630751689724549e-07
9.926317390358031004e-08
1.702003110070781169e-07
-1.354115332115192099e-07
4.699694860238166678e-07
4.077449579454607487e-08
6.152320333317107550e-08
6.873003424212445890e-08
1.044959522105038168e-07
-4.048711697596201038e-08
1.884919774572530951e-07
2.639712773679318165e-07
2.023810967777798991e-07
4.369723392238249912e-08
7.541702937715260879e-08
1.594060530959857721e-07
1.104875315400619297e-07
1.776152711582339036e-07
4.266754522012424014e-07
2.865936803558433413e-07
7.984026782609469513e-07
6.688516700574223819e-08
9.029256271577061975e-08
7.712006620785350052e-08
1.406807132802276740e-07
1.670523361757799901e-07
3.507865373204489399e-08
2.030784587790935537e-07
-1.337121979062493115e-07
8.830951138172954672e-08
1.761695851848210525e-07
8.555768199482783362e-08
1.369211650947170525e-07
3.670175950995546654e-07
4.915443329563322365e-07
6.483513717198326356e-07
8.685199090361018529e-07
8.454849679606566099e-08
1.737066953493513676e-07
2.048606159771619607e-07
2.838419574705668090e-07
4.824951856393567108e-07
2.911089205362548291e-07
6.771863559277260741e-07
5.343248727182914839e-07
1.100453682104114034e-07
3.424173423651757143e-07
2.248041287002629893e-07
3.265237988977669398e-07
6.110963873206600808e-07
6.341457375326846127e-07
1.066834605040540433e-06
5.596749476684104079e-07
