-7.172503613434731369e-08
6.829093840635771622e-08
-1.171515421192153167e-07
4.714433182137807501e-07
-1.964417059754663511e-07
1.506649259421752601e-07
-3.606603654860517535e-07
1.943999262270043011e-06
5.434068996452872562e-08
2.709833402384275600e-08
1.032230348999079746e-07
-2.728957298842079332e-07
1.035687311316057816e-07
-2.899107612331271188e-07
-1.085950086738148186e-07
9.558820892979912346e-07
5.221413052049829043e-09
8.399990514407033574e-08
6.145487482426484350e-08
-7.275186547857316708e-08
1.437814041951601947e-07
-5.673492911233381917e-08
-1.423168750961865333e-07
5.862146189901177522e-07
-2.445257879925306126e-08
-1.326116344108852725e-08
6.084474025943567966e-08
1.910329773322341119e-08
2.045396465865887027e-07
-1.895050015939690748e-07
3.094084829298405442e-07
-2.211016904570499296e-08
-2.438513437473591834e-08
3.215855665722508724e-08
4.268820957659791446e-08
-1.094608368457921670e-07
2.120176084656596389e-07
4.370869632430201580e-08
4.292832910657723897e-07
5.597396302633859431e-07
1.456088962064405081e-08
6.534666928556303634e-08
1.136623209603512765e-07
-1.570882959479096958e-08
1.395204109731154951e-07
1.077235849334628446e-07
5.582427609951336746e-08
9.085672892317977674e-08
2.740617726976292818e-08
8.194537198828175879e-10
5.290645069027603577e-08
1.170499922723710179e-07
1.694609178471409187e-07
-7.157766041739641401e-08
3.153014267870957931e-07
7.508292375989968640e-07
1.849192697783173922e-08
3.596940962204103563e-08
5.325951661529560505e-08
1.527233676141764349e-07
4.767190474148774593e-09
2.263598733756675155e-07
3.496480138465433120e-07
-2.554752815752858154e-07
-3.065263791026370201e-09
9.909276476276773089e-08
1.570649852959192012e-07
2.975749476190765114e-07
2.039643614251503722e-07
6.248204299551186397e-08
-6.965614767391849991e-08
-1.253891255375839543e-07
3.890401260444785226e-08
9.795206953009628819e-08
6.566388441613397365e-08
1.948479248090111613e-07
3.562299468021081960e-07
2.769009025490796725e-07
4.211151894026222553e-07
4.990421909573720685e-07
7.110121073658029097e-08
8.545251831698880872e-08
1.435266389267815980e-07
1.643087604594106548e-07
2.642128020666824120e-07
2.823913561650411652e-07
7.195558369448541903e-08
-1.183303963007702114e-07
9.864919068423308225e-08
8.315560910492104942e-08
1.996723513093607504e-07
2.109432638838497764e-07
4.237202777111739818e-07
4.426408114651275252e-07
9.541849417642270214e-08
4.950973655518511801e-07
1.632206842394765378e-07
2.223542697204228597e-07
2.174048409151113763e-07
2.238033198041630495e-07
3.721475172281283130e-07
5.311583086664345673e-07
5.307423635333086679e-07
8.809421466509497978e-07
1.461450732456209360e-07
2.102301011329553666e-07
2.670858190974255364e-07
3.866744225558002106e-07
3.856430050159552413e-07
6.080995246568565999e-07
5.342206329752487396e-07
8.881710783975733743e-07
1.800446514446255933e-07
1.170468581672114939e-07
4.421552432809867019e-07
3.383892108394734372e-07
4.666382303767469537e-07
4.449232838033633570e-07
2.287843376994102161e-07
7.115268483788751578e-07
