7.404532294739768501e-08
4.423168311063898381e-08
1.206637626921286319e-07
-1.070585808396269588e-07
-1.479878161822909754e-07
-1.544414992046764689e-07
1.224669167232937624e-06
-1.109839231129887692e-06
4.458415570852861831e-08
4.319746914001209134e-08
1.402721379161259485e-07
-5.022034569157149449e-08
-5.211083196838733606e-09
2.237633627382720701e-07
3.905442969569381404e-07
3.005123665378916919e-07
1.164438732730023680e-08
2.121362879035450962e-09
-8.057217829649129576e-08
7.700891449654339663e-08
2.767066923827582129e-08
-2.192307829022778815e-07
-2.818712998315568307e-07
3.936298583263895078e-07
4.685100416786143764e-08
8.226566838568514032e-08
9.140809815406126922e-08
-2.079857683315674465e-08
3.197223268656169830e-07
-1.177031490266573740e-07
5.581138758575205259e-07
-8.497637654694763022e-08
1.331786737253064505e-08
-3.385398203428115796e-08
3.726589122347554067e-08
-1.015141293172362418e-08
9.685282382406037506e-08
-3.243780794584398174e-07
3.298640301403039911e-07
-2.097547302303973436e-07
6.354047731170037065e-09
5.753494228790596944e-08
2.648179621008640850e-08
5.937494193042025554e-08
-3.440627438248480652e-08
1.607081649718166481e-07
4.629509013105297287e-07
2.924154487895943978e-07
3.304747810204635212e-08
7.647460018079455676e-08
3.686363423256049999e-08
2.667957939077584390e-08
5.076118987788478340e-08
-1.463600980035540243e-10
-9.448911717878146491e-09
-1.904872452965961228e-07
3.368741392529656659e-08
9.388303238738143063e-08
3.371685242880538960e-08
1.089283403889557264e-07
1.272441321123167807e-07
2.983757215167894040e-07
1.585209482627575252e-07
2.465053312622464354e-07
2.942009815257968393e-08
6.549236219395969694e-08
6.783898883815712623e-08
2.479383634721729839e-08
8.854495250249878973e-08
1.467603943564254011e-07
-1.195656634367753138e-07
7.542181450133733342e-08
9.848065378801887019e-08
1.207366998294186832e-07
9.937721830892493357e-08
7.679710063772630322e-08
1.229775922781347364e-07
-5.551903012419267086e-08
4.287351584251531246e-07
-1.540974779948568625e-07
9.065572910239775766e-08
1.424759003137380847e-07
1.104130115616989646e-07
2.345658776318473385e-07
1.950817761007515854e-07
1.226949736377566584e-07
6.561422147144885786e-07
5.857434099164779831e-07
8.852971861501934232e-08
1.106383437225508161e-07
1.387640510836199767e-07
2.821318672857876412e-07
2.376558048749345280e-07
3.713895119748737427e-07
3.886811658914226099e-07
6.053895497758880577e-07
1.066449600427446841e-07
2.165415802107053942e-07
2.106925137444053763e-07
2.518886379321544049e-07
1.452241720106249621e-07
4.417808828611939080e-07
1.935450535959532017e-07
1.089226399771684530e-06
1.299758703377594735e-07
2.272881780845931546e-07
2.744329404231016132e-07
2.872606348952805425e-07
3.293070169344526804e-07
5.235223750106507029e-07
4.411572620873190203e-07
6.156183197434518753e-07
1.767625059182209416e-07
2.672635960214316215e-07
3.230458314939591105e-07
3.812164301769406185e-07
5.773228102922820722e-07
8.571397365583162147e-07
1.166939792925495441e-06
2.342401278741302683e-07
