9.226511662557218287e-09
4.467843328430026973e-08
3.371431050197039853e-08
2.727844063990945216e-08
1.616954518339486849e-07
3.463252775900295173e-08
-9.381362306807164309e-07
-1.703398773122478227e-07
-4.532459090841930318e-08
2.325582800595335587e-08
-3.480896793346946027e-08
9.797889504161109872e-08
8.932403126722282733e-09
-7.652170029067031325e-08
3.378930858921147249e-07
-5.638329317891488646e-07
-1.313293363959883781e-08
-3.783355192162171466e-09
7.294994760058689251e-08
-4.450973538586911268e-08
-1.443542225686970817e-07
9.238815841869617844e-09
3.610401830769935324e-07
3.263426604730515528e-07
-1.419485147906152226e-08
9.954239320883692783e-09
-3.502974738524084684e-08
1.903156210068952683e-09
3.383377488647694277e-07
3.093433003455950498e-07
3.692823990749809471e-07
-3.605768855583895759e-07
-1.769225795228368276e-08
7.715579784361015094e-09
1.521748707232933742e-08
-1.825517723938856986e-07
-6.986455068863151881e-08
-3.343678196472920155e-07
6.182662527726541369e-08
-6.292325476160970953e-07
4.455184926788319148e-08
7.860185237252625204e-08
1.294382581147396987e-07
4.369993039927816104e-09
-1.637280236448572201e-07
-4.622365723188554359e-08
-1.517991187563877953e-07
-4.683897225808633767e-08
6.110994050281437798e-08
7.307214681854842800e-08
6.456200798311596844e-08
8.942699267876190615e-09
4.130841245243852017e-08
1.929802951288317885e-07
-1.355694755866859000e-07
-1.800327139186121540e-07
2.645789238318410953e-08
5.451811543282553692e-08
1.002498978880883145e-07
2.350033319944234693e-08
1.719995418522274637e-07
-3.803716236167143874e-08
-1.568927147590265637e-07
3.827842176171567167e-08
6.604796772118714102e-08
8.663929261970022255e-08
1.044716946649618644e-07
6.379861228468906708e-08
2.211277204687187938e-07
2.284472052806949495e-07
-1.664887460880307656e-08
-1.104497766907744477e-07
5.283572557904987352e-08
8.526592626227262180e-08
1.258138418865268607e-07
1.204721321754017008e-07
2.062231837448760177e-07
3.252239481766417573e-07
3.171075331716194727e-07
8.679672726759624277e-07
6.042839704442085722e-08
1.309803316554286768e-07
8.532028370210864728e-08
1.694979091051053150e-07
2.588222339229872763e-07
1.485254875548828477e-07
2.070836955954236983e-07
9.663434050185913934e-08
9.038047807343950965e-08
1.390253700037799719e-07
1.746049194468657224e-07
9.226512148308721706e-08
2.874722295857007888e-07
5.801000003513511324e-08
4.577881005803419387e-07
2.602387232388621591e-08
1.325436287610806225e-07
2.309925381698133514e-07
2.799858052481421506e-07
2.016858871394159162e-07
3.485830273980112369e-07
5.935621018462357575e-07
6.413114576815709451e-07
3.299633930922470736e-07
1.506310627663376873e-07
2.595376251104320468e-07
3.239512866733417396e-07
1.707009531912305283e-07
3.557680665943584011e-07
5.820655429700809456e-07
4.738914624559332449e-07
6.265115940612927616e-07
2.312179425077249697e-07
3.329737594874202128e-07
2.460890473546012768e-07
4.177473294928543168e-07
5.738608365314261881e-07
5.062790399929024094e-07
1.709053507791713739e-06
8.051181318085630886e-07
