4.377001713247177368e-08
3.926779894204358054e-08
2.124105062635184118e-08
1.071515470562803267e-07
2.771154748993660068e-07
-8.673948397701926238e-07
-1.647632571662550547e-07
-4.115949118627897937e-07
7.236855837870495236e-08
2.761135880389100146e-08
1.747380918151174591e-09
7.815904528544186755e-08
6.228103127272619293e-08
2.816569937202224733e-07
-2.509498424471790965e-07
3.211502342793233971e-07
5.857182625097907250e-08
4.492976331942285422e-08
-2.880587617526362724e-08
3.166054920451666751e-08
1.811853714568356395e-07
-1.029936849864779639e-08
1.338422171215357892e-07
-3.955342747089639709e-08
3.792357576627162756e-08
-2.076325797329355565e-08
2.115233793576653192e-08
4.713378175370428632e-08
-6.483122465773243767e-08
3.032945881640045092e-07
4.652556801525029596e-07
3.077634039562519237e-07
9.099982834844711891e-09
1.013638991870662052e-07
9.687933178941191615e-10
-1.227485746096776389e-08
2.754624318544352578e-07
-1.545864407272186148e-07
5.387604792630961944e-07
3.746783808091336132e-08
2.509929594019062012e-09
4.233678276168271178e-08
-5.111767047653353856e-08
1.013617216136735423e-07
-3.283900511054335700e-08
2.000061826240679578e-08
1.225974617680377023e-07
-9.072184193881076930e-08
1.475180703827118198e-08
4.785135547426275365e-08
9.046607422383651768e-08
3.978714023860800580e-08
1.348048053073988204e-07
8.669205458497748739e-08
-4.841214726048364915e-09
-1.460918245087869684e-07
5.961756802899903932e-08
9.074967302684232221e-09
1.385220276618189163e-07
1.953729451618429269e-07
-1.445377142020809004e-08
9.927784343629847567e-08
-2.232373110186545431e-07
6.172986615285276103e-08
5.747008731881967661e-08
6.236650598047796835e-08
7.082208503415800761e-08
1.127599209388572210e-07
1.742200391442346134e-07
3.820349183520519198e-07
1.279632287227517988e-07
9.586388772192209571e-08
5.560845341416222509e-08
6.696392543550721351e-08
8.088603208691600692e-08
1.598428987364119908e-07
2.964772524844047515e-07
8.887402628614686123e-08
2.124794629319719435e-07
-6.089477387449567523e-08
7.526205769369183073e-08
4.686931088026443923e-08
6.537388120751174837e-08
1.174823039804571603e-07
2.860978061707321791e-07
2.716190742721171385e-07
2.940510035344319984e-07
4.781238201585893791e-07
1.038262184612695157e-07
9.381111117228780947e-08
7.754443713810117128e-08
2.266384162542371984e-07
1.974192855052367076e-07
2.294408388510363336e-07
4.425993577118780437e-07
4.099567656138179538e-07
1.256270531985199035e-07
1.250783973784438000e-07
2.618293442765670688e-07
2.039978804424659369e-07
4.982783281697777044e-07
6.211112230623217433e-07
1.003869386253737770e-06
-9.204160445320007233e-08
1.494621176809577048e-07
1.238820829902526431e-07
2.879418892855914977e-07
1.999262425937745867e-07
5.468812694980802893e-07
6.125147051732622217e-07
7.277056701121069932e-07
4.135928575429020888e-07
2.386294476293234759e-07
2.771375627235264934e-07
3.664073898431440220e-07
5.702792072452819254e-07
6.922100229127447603e-07
6.912196262864066001e-07
7.694874384722258056e-07
5.689893807930532208e-07
