3.246966409833322217e-09
2.165623261070362798e-08
-1.945259600684620118e-07
-6.029538376994541634e-08
-1.088137724785014363e-07
-1.750039210660427366e-07
1.027579244613283768e-08
-1.639407157870529162e-06
1.886266406811366509e-08
-6.146499804386362186e-08
7.891516502206463112e-08
-1.787367280957834786e-08
3.382671650720182456e-08
5.552460622134918032e-07
-6.359668211852703574e-08
8.465183991208977554e-07
4.608079048790219590e-09
3.854379095748788005e-08
1.825069818077744309e-08
7.570454131839140433e-08
-1.349381883020358627e-07
-4.654761161830760096e-08
-1.557544991074831373e-08
1.118935621507073451e-06
6.819371047211620849e-08
5.693178953135336849e-08
2.493404341531411819e-08
2.306606253805501115e-07
2.716855529669304919e-07
-4.091267026232566487e-08
-1.550282084016506791e-07
-4.024757797515287939e-07
1.230621000329229655e-08
5.882421045762511924e-08
3.966640240214397458e-08
1.755597516487367524e-07
2.715939489943609148e-08
-3.871404599401831012e-07
-5.346415144155280674e-07
-1.700464926709509416e-09
3.037054554123979104e-08
6.447023108798222389e-08
-1.103460154874538581e-08
-1.013006599093555491e-07
-1.356879580240222484e-07
1.368752448091301798e-07
-5.371976242378592160e-07
-2.921023411857022826e-07
1.113002985827488803e-08
7.996008354017302020e-08
1.068179550588958614e-07
7.191228359618540704e-08
1.293837384708685981e-07
8.325325328562618253e-08
-9.593685818460456591e-09
-4.636641839244259679e-07
4.125947779450703353e-08
8.099725963105675813e-08
1.374100499419429129e-07
9.813825730506503799e-08
1.835622794549972133e-07
2.275165961814713846e-07
2.238410979800974626e-07
-3.381826710308001057e-07
5.354647119453854315e-09
3.354524305585627909e-08
-5.700039565423702301e-09
3.925815503502624140e-08
1.430594270068444741e-07
4.546476263714886683e-07
-9.258346758534124725e-09
2.851038461276851416e-08
4.325128827636802451e-08
1.511161486501262641e-07
1.715437970551207705e-07
6.427963001598257044e-08
8.331745892711848102e-08
3.771100904721613397e-07
-9.217008912336618248e-09
2.507401652869765594e-07
4.990866622711808727e-08
1.384934007890450616e-07
1.254862408248617671e-07
1.852302498825581195e-07
1.234885490649110266e-07
3.802503072229310072e-07
4.322316909200326183e-07
4.492927353752484501e-07
6.937134738781274553e-08
1.131675166188827196e-07
1.325685876004950196e-07
1.980596327077475673e-07
3.683258622336429091e-07
3.057468598319111157e-07
6.104875418757045191e-07
4.106767903677391667e-07
1.160580844364857720e-07
1.507340498904888053e-07
2.629979549446133154e-07
3.344517379717288843e-07
3.997152333171692117e-07
7.289404755473316110e-07
4.756085849705069058e-07
4.201372890615497168e-07
1.661462513757392840e-07
1.528023316191423893e-07
2.490032294477716656e-07
3.168525631796044573e-07
4.652615477726056166e-07
6.343538746766414537e-07
2.420558012492146688e-07
-4.543296537649096399e-08
1.158501530997740565e-07
9.863418381537780111e-08
2.493866216282483703e-07
4.755320439743613452e-07
5.722649146435357187e-07
6.023711153703616437e-07
1.291349003009128278e-06
1.346702840933097094e-06
