5.270498729057405726e-08
1.054841148483097668e-07
2.243302617840010615e-07
2.286712934466665730e-07
2.585203118168398537e-07
-3.887497047898399809e-07
5.800322229790695549e-07
4.741961656927911158e-08
-1.311856528015232095e-08
9.470579888983627124e-08
1.687323437484815955e-07
-1.085412846707523845e-07
-6.896830162912905551e-08
4.281365944917342842e-08
-1.698736864392634800e-07
3.741408163055829473e-07
2.660350998333502762e-08
3.236297104503676566e-08
4.183144992696179521e-08
3.654610632603640408e-08
8.893464863378183034e-08
1.846237040731365413e-07
-2.283126519366304701e-07
9.148838586105078537e-08
3.152687028393376197e-08
1.079646359195141128e-07
1.097687143973723285e-07
1.623336654846270209e-07
8.271772577803107080e-08
6.378685508511389804e-08
6.774042290297247740e-10
-2.501472974860909683e-07
2.841065959029245594e-08
-2.105260498549785607e-08
1.297465785457620767e-07
7.466713606272143302e-08
2.273992320812517725e-07
4.573232131846357952e-07
2.987130818017193701e-08
2.105251634324327095e-07
3.429114686046167462e-08
-7.297238738876711985e-09
-3.758669399978094213e-09
1.477800571694110749e-07
4.490756587721138566e-07
5.053172408522863728e-08
-2.556773339901676293e-07
-2.132656511541677553e-08
4.553338048651751058e-08
3.431900095582207825e-08
4.432285864063726972e-08
1.071952292093624685e-07
2.178468939080070515e-07
9.431462457959893744e-08
2.332865214615141856e-07
4.081659664404065349e-07
5.736763953113925103e-08
8.719946655715223486e-08
-2.422088576279343817e-08
1.148605544204276708e-07
1.891010620489545143e-07
3.043303456978170890e-08
1.452324216894525838e-07
-3.978117095111389538e-07
4.605650730166859885e-08
8.639887154469116760e-08
3.854474224433688672e-08
4.142796441958578471e-08
2.032658687412521238e-07
-7.534922262012915905e-08
1.491802585498515164e-07
-2.570062193144601270e-07
5.565734925479906668e-08
5.104938209330689166e-08
6.090325835340741993e-08
1.075213305296972612e-07
1.848246431530055080e-07
3.462661861711482727e-08
3.799500070882993034e-07
-3.269401609238918560e-08
6.280536094971216826e-08
1.315834494196478709e-07
1.595556786292318709e-07
2.506466251019420801e-07
3.176845607379095810e-07
2.914982784916715867e-07
3.734762113750585125e-07
1.019773110763683248e-06
7.177634615830133048e-08
7.869915389994757982e-08
1.208115058179666819e-07
1.955990132228441751e-07
2.954280290897960699e-07
1.012144203012057999e-07
2.551247104242790779e-07
2.524336359294932410e-08
8.675979551618739850e-08
1.768202622138541820e-07
2.251395243091463100e-07
3.143372743373922337e-07
4.446576355706484356e-07
4.079568694556213312e-07
6.154844426146565218e-07
-1.682829786756398787e-07
1.131775864237003623e-07
1.589348647849598547e-07
2.575629776656087445e-07
1.916525517476148256e-07
3.970214674522396970e-07
5.583866683791018205e-07
2.346086516510857827e-07
6.486080704502711435e-07
1.760223437043260933e-07
2.546111878818315946e-07
3.944950752871675888e-07
4.969266111475867347e-07
4.639462009097468448e-07
5.745886709199902822e-07
9.878129614729675243e-07
5.824268456295772475e-07
