-4.122919025623700805e-08
-9.018565874155926766e-08
-1.510973143408325787e-07
3.898518681870677691e-07
3.740435734916240606e-08
-4.316785882622348605e-07
1.165374134181027908e-07
-3.963904027081032851e-07
4.299694437098180262e-08
1.221178120997879341e-07
4.968050826493063278e-08
1.374537820261753508e-08
1.446381314647791277e-07
7.107270281360370162e-08
2.178879317568075666e-07
-3.499687760702454581e-07
1.583019864023904189e-08
4.107396497625754058e-08
3.647748371516800427e-08
5.637515055115710763e-08
1.977502989507748920e-08
3.333449351865808713e-07
4.366317802910463022e-07
3.439732474095589870e-08
-1.975901640365123185e-08
8.688403339672427846e-08
2.606744389362668784e-08
-1.098759994637189804e-07
2.431321096206921461e-07
-5.124174738687737390e-08
-1.959658529699820709e-07
-5.634383159166618584e-09
3.393085913495241849e-08
5.683309919787533229e-08
-2.687844657311499984e-08
-6.341999527536137488e-09
-7.369831257455898786e-08
1.600486675876971501e-07
9.472696989774654343e-07
5.017394313704491106e-07
-1.476676589240279504e-09
2.864699480853331103e-09
-6.917151717958969944e-08
1.818398574570783044e-07
-1.119604770534345850e-07
2.501091635685975892e-07
2.313039227340846766e-07
-1.026329894430391885e-06
2.680650206896499557e-09
-3.586799512060408047e-08
9.515988431542686643e-08
-1.825423338782230409e-08
-1.105718506217762653e-07
2.081604979025345516e-07
1.284560051556197126e-07
1.969273836186569697e-07
2.819300013143191509e-08
5.935894266377250899e-09
7.587492504125679314e-08
1.063113419161401926e-07
9.406947923662369363e-08
-1.180033828528316924e-07
2.588211826511557680e-07
2.612606827982942849e-07
2.743256601965208966e-08
6.101014648732444684e-08
1.214401220208749947e-07
2.927368614275610110e-08
2.139355820634088697e-07
3.697632652621864844e-07
1.036777400617708903e-07
-4.648979300154208659e-07
4.927050067591255641e-08
4.894977016721032340e-08
7.042559459181083709e-08
1.299948905926366254e-07
8.069121959880503660e-08
3.170938212147544897e-07
9.347442859700586566e-08
8.016145140598250957e-07
5.779411601361212898e-08
9.898403237177261236e-08
1.466378873493915149e-07
8.771786119510553308e-08
2.395643470343967921e-07
5.143952356275223210e-07
2.028742716091975019e-07
7.365542330145281674e-07
8.275542424888490027e-08
1.029891305497449283e-07
8.090461119453003724e-08
1.772644149336870230e-07
7.916294929473380187e-08
4.513892967565693599e-07
2.867264301430792114e-07
8.411172439272405700e-08
1.223720590347985035e-07
1.443879074934418648e-07
2.550751021290250337e-07
3.426091888827118688e-07
2.274888590502516568e-07
4.682013165099502364e-07
2.905857868834534285e-07
2.989833742747192592e-07
1.322816330357950417e-07
1.218271090720193945e-07
1.891500531519271150e-07
2.825610168760130578e-07
3.125219043309056169e-07
3.825120354545374395e-07
4.880383795371078443e-07
8.279837989464363330e-07
2.320588893934589483e-07
2.133791477115847276e-07
1.595823705279927182e-07
1.991509313722523676e-07
2.223283630354206388e-07
4.482371060236497219e-07
6.821888636340015679e-07
1.045559414955675026e-06
