5.781585263359988692e-09
-2.692037247049745877e-09
1.605682043115449494e-07
-8.929245885433289907e-08
5.628143733720426813e-07
-2.601726910007436425e-07
-2.106694949994677599e-07
1.541456863462217081e-06
4.097631577177616789e-08
4.712645299170586338e-08
6.087684866048762645e-08
4.422986206214387782e-08
-5.049901782919607109e-08
1.445302272937941858e-07
-4.835251447187778156e-07
6.134957855668574150e-07
9.709267639795282463e-09
-4.370885191603194010e-08
-2.014702261415986196e-09
-4.040524906034334197e-09
1.612499565375910499e-07
8.386350461136211317e-08
-1.453058239145153052e-07
6.798610266253085379e-07
3.190152528349588656e-08
-5.747628184002516397e-08
8.387234369175203348e-09
-8.841080514293155964e-08
-4.705065356551992677e-08
3.594866305538423950e-07
5.288066746403051203e-07
5.472563167498934835e-07
3.574499138874050422e-08
4.136512751139033603e-08
1.081493252440451265e-08
3.077448882365179210e-08
-1.929052959038943126e-08
3.970713406594929954e-08
6.212994628922268587e-07
6.109762288698320146e-07
4.345829244486677770e-08
1.837131109426801333e-08
7.430088103062475731e-08
1.702757867008732566e-07
1.236360389554414003e-07
-1.781872889883280139e-07
-1.840908007419156486e-07
-3.050230746863027229e-07
2.403938977094850987e-08
3.140870479302418612e-08
4.671729913837189127e-08
1.060830739088822718e-07
2.714652828915527010e-07
3.688821010327225269e-07
1.975792818882102220e-07
5.369349863066976722e-07
-1.318656185007364325e-09
1.046130772043528261e-08
4.047634032825696508e-08
-1.317871343331895391e-08
1.192225121069964987e-07
1.982319590498096746e-07
-6.643917251411534807e-08
6.077228067403539446e-08
2.383306829444138202e-08
7.147131299861355503e-08
9.420516275656368173e-08
1.311083644719085863e-07
1.816174733523792846e-07
4.011699174079565859e-07
2.021690414297456649e-07
1.552702984470900713e-07
6.084511599359146500e-08
3.804612031823908665e-08
7.686103753010441738e-08
1.629003804097213624e-07
2.178082258216377178e-07
9.907456160987240522e-08
3.138147487685148926e-07
6.343660129205755982e-07
7.572703546894899983e-08
8.899787031654216032e-08
8.362830169663003777e-08
3.709997708505053982e-07
3.361068291891400699e-07
2.060238705689029266e-07
5.701149169587274297e-07
3.009314444823395029e-07
1.034620881795820808e-07
1.261524900432013878e-07
9.346344949511640232e-08
2.840638650843695721e-07
1.780622938640441488e-07
4.002600904972008964e-07
4.592189099937330897e-07
6.986416622678343672e-07
1.006163529834104784e-07
1.184344713937457155e-07
2.482754485274432359e-07
2.711034612449094590e-07
3.134573177140366621e-07
4.910866394281860301e-07
3.256403433004372624e-07
5.468539081800600321e-07
1.173104813526473386e-07
1.612172819252348874e-07
2.505100732887210645e-07
2.962521250299623627e-07
4.930495865542630681e-07
6.176439508555840615e-07
8.371211454158386945e-07
5.437380531245113569e-07
2.350525109096737632e-07
2.718371311377113044e-07
2.982592937755238334e-07
3.450850827765607878e-07
4.006319137219043822e-07
7.980431646154616641e-07
1.523382416153098719e-06
1.861944220607567221e-06
