-1.518938475298126211e-08
1.084686442695414041e-07
1.685194082352016201e-07
1.402690762002561197e-07
-3.782610941299833980e-07
1.821406311005073159e-07
9.629813131241426404e-10
-1.747089931205919609e-06
-2.709015808482464257e-08
9.053694327783968792e-08
-6.441831259435400121e-08
1.220156743131702962e-07
1.414882948220156543e-07
-2.008717415695857045e-07
1.422259041137061677e-07
1.480552273136862253e-07
2.025223088373682591e-08
8.681019371046393566e-09
-7.261940224357056993e-08
-1.668884788319005634e-07
-6.033319096625009762e-08
-7.421592564487594823e-08
5.286750227101429348e-07
-3.799132689671033761e-07
1.218150592132235623e-08
-3.660804825216928014e-08
8.922201812427565056e-09
1.530747298734396582e-09
-1.827879262561402270e-07
1.159475276072720181e-07
6.669689220949277797e-08
-3.016472915166472941e-07
1.239430820736260789e-08
2.660923347914502667e-08
-2.237444543707134198e-08
-2.029474188905782543e-07
-2.932577180494518488e-07
-8.999805173680785763e-08
3.615945349745029156e-07
-6.131780766752948179e-08
2.453798391174040034e-08
6.137110615580688138e-08
-3.891277720877364756e-08
8.619946224735905625e-08
1.008364458015276275e-08
-1.382192713154245929e-07
1.846232704440630825e-07
5.863520074829800732e-07
5.890535968216037529e-08
3.138530981513663985e-08
5.070798786863281581e-08
5.994473142655004475e-08
4.055215168354663826e-08
1.143290207137513045e-07
2.286627610988424922e-07
5.226035328192173203e-07
4.442505267220302997e-08
-1.446518777970847984e-08
-9.053171939402293800e-09
5.825583896922399816e-08
5.692196807776798895e-08
9.343657608077645197e-08
5.483367021464624252e-08
1.662288593330439222e-07
1.221579741460663975e-08
3.795988907866066570e-08
-3.329019732476471618e-09
5.892184079329707625e-08
1.291299784553617544e-07
3.023707714542629404e-07
-6.880827966530980662e-09
5.437368961539126498e-08
6.088885150327817711e-08
1.176468800460464938e-08
1.081016695685514249e-07
1.495711429202791903e-07
1.989202126388609539e-07
3.515660151752699776e-07
2.502829016476086518e-07
1.729817041897025494e-07
8.527657098725537894e-08
9.090479309954531961e-08
1.960122671079692095e-07
1.679498158222576395e-07
2.520813603563308540e-07
2.323345935141345480e-07
2.035891281899241348e-07
4.500858870132330747e-07
8.272402569148914203e-08
1.213321737352958645e-07
2.383470897884794542e-07
1.721991190206471697e-07
3.157456483686554144e-07
4.693706771613392832e-07
5.405061892673668565e-07
5.629385019029631140e-07
1.364419839894043788e-07
1.290647249988115926e-07
2.451173832724857314e-07
3.320321884126937602e-07
1.949453273297315543e-07
4.005006808917567613e-07
9.621569365646507283e-07
1.283008147960573850e-07
1.361561493388040497e-07
1.757061380078951109e-07
3.160127227183206359e-07
3.820781644520760964e-07
3.733140191060260981e-07
6.621216162314282887e-07
8.479562165065991452e-07
3.677388654082386412e-07
2.124090064998168061e-07
2.852665689734012672e-07
4.298637025413512980e-07
3.945661283670229250e-07
5.729373826632394236e-07
5.439943849382263778e-07
7.032206263208775350e-07
1.343447066819474916e-06
