1.593630365650772062e-08
-1.055335336025514427e-07
-1.642459527626094233e-07
2.587936255938069129e-07
-4.645596178486157598e-08
1.966103016756403484e-07
-1.546223062110276094e-07
-2.756952630499836616e-07
1.596284922210195525e-08
1.719757882589042655e-08
1.625323084924367335e-07
4.941881295140622005e-08
1.863839623698354473e-07
3.126048798586017201e-07
2.564233570646071375e-07
-2.360828367234647612e-07
-6.337351072599725112e-09
-5.141185894495646599e-09
-3.568188977703550356e-08
1.726534456824488907e-07
1.926238927542593842e-07
-4.299185133772676080e-08
2.022435715922138317e-07
-1.195211925224061776e-07
2.606626438690129872e-08
3.945693584851208814e-08
6.425642529604453617e-08
2.438801820219523039e-08
6.428296726206703745e-08
-1.537251509436219902e-07
-4.321551287375573620e-08
2.464589726703776893e-07
-1.919828245583075557e-08
8.333156570833908920e-08
4.009297311913693939e-08
4.024354243460526566e-08
1.993981638733547927e-07
-3.149461716413205453e-08
-4.842712124047119556e-07
2.798835547818947539e-07
1.861212275271518074e-08
4.449391344903398634e-08
2.182348617853638934e-08
-1.724669855514866119e-08
-6.969252210925817166e-08
-4.439912778320036916e-08
-2.069445004020328236e-07
3.059581366319994287e-07
1.260813064945663392e-08
4.730178662040930894e-08
3.967221556369509128e-08
6.953035869208165288e-08
1.674030293576597740e-07
2.393746018127234737e-07
2.640474612077846861e-07
7.249748397139547175e-08
5.665404050459148796e-08
9.149124094350357330e-08
9.287644878856602279e-08
5.830929845047695521e-08
1.053221758377892449e-07
2.139725401196256478e-07
2.279959898667771649e-07
3.600473682654342708e-07
3.825379935187686059e-08
3.394543714105529910e-08
7.565570762846416374e-08
-1.064698982177777562e-08
3.122379656594331739e-07
2.105567747646318862e-07
-1.857927871985836945e-07
1.165758236621926012e-07
3.908391259805185371e-08
7.559655189173768957e-08
2.914131575622331311e-08
1.550574805835448508e-07
1.628416944256144667e-08
5.350321258271483455e-07
3.549653189715598844e-07
1.105545028619884717e-07
7.277299686474551587e-08
8.511693450593765571e-08
1.665993599857419778e-07
1.962734019476906887e-07
3.167906500650220030e-07
4.594577891961844635e-07
4.310204387875112587e-07
2.668113551033754314e-07
9.748576789724943324e-08
1.019416988238567132e-07
4.691899800075156057e-08
1.266487656487299935e-08
2.078215430755347483e-07
4.246862777558173663e-07
6.109197339894694300e-07
5.330266929274378345e-07
8.689438960391079300e-08
2.583118128396318349e-07
2.062555636513413311e-07
1.625003798071670812e-07
5.555283862961291444e-07
5.641749948761745459e-07
5.794972484780421986e-07
1.082208927180189186e-06
1.030134889567194861e-07
1.028248446560674759e-07
1.555878089676006443e-07
1.991975492029439721e-07
4.345600468545448090e-07
6.268629229621317559e-07
3.355383541208390540e-07
6.909536080792137686e-07
1.659960348486652497e-07
2.150321492392659235e-07
1.541216942478987871e-07
4.388428436879808795e-07
6.289948926546552814e-07
9.217566542946633885e-07
8.095990055797826577e-07
9.852660800219964947e-07
