-2.761685031620463231e-08
1.076636143493346051e-07
1.238201804633478249e-07
4.055871428920007118e-08
-2.786715987088497059e-07
1.119620810157410184e-07
2.174241656240352896e-07
6.784891009788870725e-07
6.512039357876077113e-10
1.552311193331878581e-08
-5.296295860777368381e-08
1.080942843061194669e-07
-7.508168395102582763e-08
2.330341855265976869e-07
4.256575417392333288e-08
-8.086287211403984387e-08
1.616024575770341909e-08
1.578006666561120294e-08
6.142414418174152086e-08
-9.019567386469711870e-08
9.258036068818522712e-09
-4.867917269741653872e-08
-7.990165450864361433e-08
5.564589106471357239e-07
4.193572447531235684e-08
2.398196211370454188e-08
4.331966174225781181e-09
7.811905087920670857e-08
-4.379439179812491796e-08
-1.770086447201960890e-07
-5.986876215358795983e-07
4.740147331178582396e-07
4.295158020118412717e-08
2.191110547348293446e-08
1.187841158914396359e-08
3.688311353767862109e-08
-1.986612459879059050e-07
-2.074629971867209474e-07
3.453413551357693618e-07
4.275037045912656572e-07
1.625596388044710817e-08
-3.018230428396981008e-08
4.855844749479701326e-08
1.155121034754188000e-07
2.110186996897901597e-07
2.270971693299895204e-07
3.952249218560716606e-07
4.274766098351756983e-07
2.093957089269313788e-08
4.236251772177770048e-09
7.117787898505030686e-08
3.965600557337480607e-08
-3.249420335852220111e-08
3.949110529249989271e-07
-7.238963898490146808e-08
-6.708273910746314818e-08
3.949382937157304293e-08
3.907046841937532500e-08
1.448649184772271380e-07
8.147506440033310299e-08
1.640316288448169468e-07
2.153206557006470379e-07
-8.040636205010417107e-08
-2.901198610431611249e-07
4.233061359961247539e-09
7.114161337382753746e-09
8.819036150337617936e-08
7.845966455416287633e-08
5.657871095243456421e-08
1.721886932358452389e-08
4.167640055513073323e-08
3.422046105690542313e-07
7.686018101906707840e-08
9.771589651120547304e-09
1.817569408130000088e-08
6.546383073435726476e-08
9.501250821579647352e-08
2.638765699684135620e-07
4.070756721128541565e-07
2.347711585879762012e-07
7.585308027907513147e-08
7.213633670579392837e-08
7.878156675622684393e-08
1.790694230046910532e-07
3.993324482977942875e-07
2.851081156457480955e-07
2.792953915517512560e-07
8.522092732704786262e-07
7.854638994084257636e-08
6.630520702394483423e-08
8.176823751097247404e-08
9.643590954613278261e-08
1.968925158698894191e-07
2.799081005512671602e-07
1.336066630486816917e-07
6.930922457889803915e-07
1.529772922276580058e-07
1.724969054909124886e-07
2.558771389976973775e-07
3.038457612987972643e-07
4.366559859618384573e-07
8.298201577435084107e-07
6.627037016982989415e-07
1.285948416674409878e-06
1.604131720887560136e-07
1.046765240453892253e-07
2.451222469968267090e-07
3.573657300841734742e-07
3.976474069760824708e-07
5.630490586079924411e-07
7.966784672641498272e-07
1.105124165226945650e-06
2.102301737937496674e-07
1.896165723924302378e-07
2.073351080583344888e-07
3.771275717982041111e-07
3.882024317922105126e-07
5.545647409152655271e-07
1.057542678467061225e-06
1.268258756777460721e-06
