4.158354690953719910e+02
3.533958842172563095e+02
3.942199567268976921e+02
4.054028159256625372e+02
4.119222235458576620e+02
4.323498780996210371e+02
4.470622990954223610e+02
4.872196103893580812e+02
3.703252970918227902e+02
3.835073544379027339e+02
4.025559792898804403e+02
3.930813306094763107e+02
4.483608945534095369e+02
4.446745524133741583e+02
3.673118769734770694e+02
3.813619463207933222e+02
4.150113566505843323e+02
4.169511312491879949e+02
4.469299000738716359e+02
3.834365201879754750e+02
4.417900411074874114e+02
4.247146958680696684e+02
4.813205956873289324e+02
3.936501173505523070e+02
4.394940432343452130e+02
3.605553215132549667e+02
4.015382991777647703e+02
3.624039463102720333e+02
3.997520523411101863e+02
3.445027059310191362e+02
4.298904506681201383e+02
3.792957566365222988e+02
3.548059882046260327e+02
4.119063559733159536e+02
4.457527833717284693e+02
3.512632255750292529e+02
3.477318639068075186e+02
4.299091262782820877e+02
4.068840957431601737e+02
3.587519079774020270e+02
3.690389984695033831e+02
4.442483388043269770e+02
4.745264882256504393e+02
4.434453046836288195e+02
3.816369852316417450e+02
3.873726250922824761e+02
3.565450621982341772e+02
3.812392139267033713e+02
4.310428294755134857e+02
3.836966700059753066e+02
3.871149519487695443e+02
3.976986581124774034e+02
4.301118626719047029e+02
4.560130490960228826e+02
3.740336583409905984e+02
3.763112169104688292e+02
4.154503535839912729e+02
4.078920655527405756e+02
4.565778883175598821e+02
4.206979933539680019e+02
3.904395782318910619e+02
3.811396995140440254e+02
3.719490904176162758e+02
4.632952785404556266e+02
4.367478801778676711e+02
3.483248754481446667e+02
4.383890160990314939e+02
4.115837741695628438e+02
4.442723474696567223e+02
4.238602154589274846e+02
3.840235109145548336e+02
4.184688612393458698e+02
3.445689406600484972e+02
4.171835444537259718e+02
4.265177509505534204e+02
4.003870666717996869e+02
3.855231207263373108e+02
4.645200117765058394e+02
4.073842518091893794e+02
4.965318599797462866e+02
4.396336794670243080e+02
4.047532556544176146e+02
3.959878338823682498e+02
4.012818980210699920e+02
3.878391941123011861e+02
4.232004816539193257e+02
4.250835331722540218e+02
4.298227774547544868e+02
3.969793933371961998e+02
3.891694531598675439e+02
3.844516113015838528e+02
4.627922085360763162e+02
4.331078272464849306e+02
4.494070664593103857e+02
3.829289450408787729e+02
5.338545401885222645e+02
4.366078902523091188e+02
4.269621626169486603e+02
4.386538682580970772e+02
