7.127049913024289701e-09
9.867863575715102793e-09
1.337737817545627512e-08
1.757456133248948823e-08
2.209637051884447678e-08
2.580435231117274056e-08
2.732737454088779482e-08
2.481077310778595837e-08
1.231606859294121910e-08
1.690405352692009263e-08
2.283406343762030484e-08
3.023754365258396677e-08
3.874771280273412810e-08
4.637507802920213094e-08
5.025796781075714516e-08
4.641891605205857874e-08
1.456101276243615303e-08
1.997129428520984204e-08
2.690803196870914254e-08
3.559662054603356477e-08
4.571247319993941524e-08
5.505627781149549376e-08
6.024417156308905878e-08
5.631014492491859180e-08
1.712951455472347771e-08
2.349555047058890981e-08
3.161014207778711397e-08
4.178220918500432428e-08
5.375426505510673392e-08
6.509792555233321536e-08
7.190020870203276721e-08
6.805224983610493461e-08
1.833013612288683824e-08
2.517651785307275798e-08
3.386657687471349291e-08
4.473690679472333769e-08
5.754656597480311209e-08
6.977811670523419412e-08
7.731035242561053938e-08
7.355987135999657310e-08
2.857857164892727640e-08
3.881343848696582460e-08
5.196986127767805334e-08
6.893678355572096324e-08
9.026537712639126434e-08
1.121960785357806978e-07
1.270982026979702719e-07
1.226195170262244746e-07
3.718678854796905189e-08
5.046446533826588356e-08
6.730891824133798166e-08
8.893484784473708710e-08
1.165328262868416521e-07
1.459006059525189105e-07
1.672513235741411666e-07
1.634396415154385879e-07
4.604186873453209640e-08
6.246842103283989664e-08
8.313923594190904779e-08
1.096152835101265322e-07
1.437833269050941201e-07
1.809505991363050892e-07
2.091589167344394384e-07
2.063464973196976469e-07
4.956802441312540953e-08
6.728243019623792439e-08
8.949786422280636028e-08
1.179072190732897758e-07
1.546419592321275787e-07
1.948314710259810886e-07
2.256897247515795696e-07
2.232827007555328206e-07
5.653970108035410086e-08
7.710790809323360649e-08
1.023445971885739275e-07
1.341352896252825994e-07
1.750860203592227852e-07
2.210469380245678407e-07
2.588796230454446494e-07
2.607459993130621008e-07
7.816636489892009135e-08
1.069668121438909003e-07
1.416666386425176405e-07
1.848715637209581206e-07
2.405116178595031949e-07
3.044732141585732347e-07
3.601544326018494558e-07
3.680882271083840428e-07
8.749446080772305167e-08
1.199338000983815893e-07
1.587725744498241307e-07
2.069323147329701047e-07
2.688011436802226083e-07
3.403424827987409447e-07
4.036455804582008303e-07
4.144643887630982317e-07
1.219733624311124725e-07
1.679473507858662504e-07
2.227549143548350892e-07
2.892763702991558585e-07
3.736626195088522338e-07
4.724392520313709244e-07
5.647079654750359379e-07
5.898458796809392469e-07
1.447732066162946095e-07
1.999727319028565646e-07
2.657573659805280290e-07
3.444308552559748910e-07
4.432452096257016367e-07
5.588141401405403372e-07
6.683609019096242054e-07
7.012926836796541481e-07
1.821347852708792277e-07
2.537546157159650984e-07
3.388157185098721087e-07
4.384228479307762181e-07
5.614754098690145025e-07
7.044169725147471414e-07
8.422475887766391096e-07
8.905469636760120041e-07
