5.445382335118869812e-09
7.937580438720680086e-09
1.114729883070011670e-08
1.476935630537132297e-08
1.833793038170634106e-08
2.098226904025976576e-08
2.213064442929927389e-08
2.114124590812885722e-08
9.421423568320477907e-09
1.353106744580592102e-08
1.919184690309805268e-08
2.613649612828391661e-08
3.362797468468914359e-08
3.984968302257220152e-08
4.318844707964875421e-08
4.192237746909511884e-08
1.164028739376441241e-08
1.653673170286749765e-08
2.331786616962971420e-08
3.183622988919618094e-08
4.138428185066934781e-08
4.986073065263864653e-08
5.512212849347736832e-08
5.459327154335334662e-08
1.373555624654156749e-08
1.931621427448757231e-08
2.707718256723358278e-08
3.694925693087047279e-08
4.831043055585924908e-08
5.887921407086973402e-08
6.612900381260539276e-08
6.668004867185480858e-08
1.470991296998741188e-08
2.060314113131085702e-08
2.876740390782687906e-08
3.917323502172007039e-08
5.123821989172201408e-08
6.264354477250030986e-08
7.075574008923595159e-08
7.189756198545477571e-08
2.213069887430809749e-08
3.080725117481379942e-08
4.353720585865703568e-08
6.088203352396247398e-08
8.211143151924007887e-08
1.028397886578757051e-07
1.172547559279838047e-07
1.186345482627392091e-07
3.049037272993656145e-08
4.182895285103907044e-08
5.846633439498625609e-08
8.174419645609601129e-08
1.114629931616729649e-07
1.422867810381121765e-07
1.656968824104839190e-07
1.706624463691797068e-07
3.731339407770770705e-08
5.080152890296360708e-08
7.058795164416523851e-08
9.862922684780912244e-08
1.352256676202687599e-07
1.743303719126289215e-07
2.053599492018148186e-07
2.138285306181929321e-07
3.982107884350453365e-08
5.409750744421004185e-08
7.499139069528000496e-08
1.046783208064210945e-07
1.436240869726157829e-07
1.855796609867589817e-07
2.192882345192130382e-07
2.291004392574186176e-07
5.247287517308545797e-08
7.042723461927076512e-08
9.572563630298394608e-08
1.319698211200810244e-07
1.814658679903439463e-07
2.385492277815176789e-07
2.896214929999757386e-07
3.117182826694043178e-07
7.373721447523098745e-08
9.789372359365221685e-08
1.310724976745140679e-07
1.789201250751437274e-07
2.460853728279472261e-07
3.271212079735095954e-07
4.044219603460039927e-07
4.439017553521169014e-07
8.215601644293622901e-08
1.087512959142018430e-07
1.449121891466126333e-07
1.970899926563652194e-07
2.707701067274823955e-07
3.607728597562798408e-07
4.482213345221839481e-07
4.949876651409719721e-07
1.194173190465077823e-07
1.554134196027704312e-07
2.042316757111115134e-07
2.735417888727690645e-07
3.732354043954597544e-07
5.004599827429213850e-07
6.332538115016778051e-07
7.171565098022431021e-07
1.417886595044230296e-07
1.832069307747173421e-07
2.394928895475165718e-07
3.179784530656202172e-07
4.313506205579866932e-07
5.781723248161677099e-07
7.352496434498304502e-07
8.393748954489256092e-07
1.785345799404202736e-07
2.292784245641060753e-07
2.975407138212492595e-07
3.897385989776943878e-07
5.232650358713446345e-07
6.992968525492789865e-07
8.947056386555564926e-07
1.035643267748389840e-06
